base violated: [8583, 30271, 35890, 35892]
  0/523 0s
  150/523 19s
  350/523 51s
  400/523 60s
  450/523 73s
  500/523 86s
224 movers, sorted by #constraints broken:
  x_14853: breaks 3 [20407, 20409, 31575] heals []
  x_16742: breaks 4 [20407, 20409, 27640, 31575] heals []
  x_22649: breaks 4 [2694, 20407, 20409, 31575] heals []
  x_31339: breaks 4 [20407, 20409, 26603, 31575] heals []
  x_91: breaks 9 [20407, 20409, 21264, 21266, 27628, 27630, 27632, 31551] heals []
  x_1203: breaks 9 [12003, 20407, 20409, 27628, 27630, 27632, 28435, 31575] heals []
  x_2441: breaks 9 [13304, 13306, 20407, 20409, 27628, 27630, 27632, 31550] heals []
  x_2460: breaks 9 [15430, 20407, 20409, 25097, 27628, 27630, 27632, 28070] heals []
  x_3420: breaks 9 [20407, 20409, 27628, 27630, 27632, 31320, 31575, 33590] heals []
  x_3545: breaks 9 [20407, 20409, 25083, 25696, 27628, 27630, 27632, 28067] heals []
  x_3591: breaks 9 [17616, 17618, 20407, 20409, 27628, 27630, 27632, 31549] heals []
  x_4701: breaks 9 [20407, 20409, 21272, 27628, 27630, 27632, 31553, 31575] heals []
  x_5090: breaks 9 [20407, 20409, 26497, 27628, 27630, 27632, 31575, 36319] heals []
  x_6312: breaks 9 [20407, 20409, 27628, 27630, 27632, 28065, 31575, 32197] heals []
  x_7142: breaks 9 [8441, 8443, 15687, 20407, 20409, 27628, 27630, 27632] heals []
  x_8370: breaks 9 [12017, 12019, 15676, 20407, 20409, 27628, 27630, 27632] heals []
  x_8487: breaks 9 [2835, 2837, 15685, 20407, 20409, 27628, 27630, 27632] heals []
  x_9260: breaks 9 [4217, 4219, 15686, 20407, 20409, 27628, 27630, 27632] heals []
  x_10513: breaks 9 [9126, 9128, 17504, 20407, 20409, 27628, 27630, 27632] heals []
  x_10836: breaks 9 [20407, 20409, 27628, 27630, 27632, 31555, 31575, 36399] heals []
  x_11189: breaks 9 [12009, 12011, 20407, 20409, 27628, 27630, 27632, 28437] heals []
  x_13710: breaks 9 [7658, 12806, 20407, 20409, 21690, 27628, 27630, 27632] heals []
  x_17083: breaks 9 [20407, 20409, 27628, 27630, 27632, 31556, 31575, 32189] heals []
  x_17378: breaks 9 [17501, 17766, 20407, 20409, 27628, 27630, 27632, 31575] heals []
  x_20564: breaks 9 [8750, 8752, 20407, 20409, 27628, 27630, 27632, 31575] heals []
  x_20837: breaks 9 [17496, 20407, 20409, 27628, 27630, 27632, 31575, 33298] heals []
  x_21103: breaks 9 [7661, 20407, 20409, 27628, 27630, 27632, 31575, 35165] heals []
  x_21112: breaks 9 [20407, 20409, 25089, 25091, 27628, 27630, 27632, 28068] heals []
  x_21702: breaks 9 [20407, 20409, 27628, 27630, 27632, 29672, 30813, 31575] heals []
  x_22513: breaks 9 [20407, 20409, 21744, 21746, 27628, 27630, 27632, 31319] heals []
  x_23262: breaks 9 [7664, 9683, 20407, 20409, 21738, 27628, 27630, 27632] heals []
  x_26005: breaks 9 [20407, 20409, 27628, 27630, 27632, 31554, 31575, 33824] heals []
  x_28645: breaks 9 [20407, 20409, 25690, 27628, 27630, 27632, 28066, 31575] heals []
  x_28713: breaks 9 [2819, 2821, 15682, 20407, 20409, 27628, 27630, 27632] heals []
  x_29785: breaks 9 [20407, 20409, 27628, 27630, 27632, 31575, 35422, 35424] heals []
  x_30448: breaks 9 [17500, 20407, 20409, 27628, 27630, 27632, 31575, 33950] heals []
  x_31899: breaks 9 [2827, 2829, 15683, 20407, 20409, 27628, 27630, 27632] heals []
  x_32669: breaks 9 [8653, 8655, 17495, 20407, 20409, 27628, 27630, 27632] heals []
  x_34175: breaks 9 [6691, 12025, 15677, 20407, 20409, 27628, 27630, 27632] heals []
  x_35179: breaks 9 [7662, 9677, 20407, 20409, 27628, 27630, 27632, 31575] heals []
  x_35740: breaks 9 [20407, 20409, 27628, 27630, 27632, 31575, 36325, 36327] heals []
  x_35839: breaks 9 [6697, 6699, 15679, 20407, 20409, 27628, 27630, 27632] heals []
  x_36044: breaks 9 [7660, 12812, 12814, 20407, 20409, 27628, 27630, 27632] heals []
  x_37147: breaks 9 [15436, 15438, 20407, 20409, 27628, 27630, 27632, 28071] heals []
  x_38055: breaks 9 [9118, 9120, 17502, 20407, 20409, 27628, 27630, 27632] heals []
  x_47: breaks 10 [20407, 20409, 24830, 24832, 27640, 31575, 32543, 32545] heals []
  x_112: breaks 10 [20407, 20409, 27640, 29641, 29643, 31575, 32543, 32545] heals []
  x_542: breaks 10 [14437, 14439, 15508, 20407, 20409, 27640, 27642, 29222] heals []
  x_853: breaks 10 [20407, 20409, 21717, 22838, 27640, 27642, 29222, 31575] heals []
  x_1357: breaks 10 [19380, 19382, 20407, 20409, 27640, 27642, 29222, 29600] heals []
  x_1413: breaks 10 [10363, 17578, 17580, 20407, 20409, 27640, 27642, 29222] heals []
  x_1438: breaks 10 [20407, 20409, 27640, 29947, 29949, 31575, 32543, 32545] heals []
  x_1502: breaks 10 [347, 349, 10418, 20407, 20409, 26736, 26738, 27640] heals []
  x_1544: breaks 10 [13183, 13185, 20407, 20409, 20686, 27640, 31575, 32543] heals []
  x_1571: breaks 10 [19535, 19537, 20407, 20409, 27640, 31575, 32543, 32545] heals []
  x_1685: breaks 10 [5586, 20407, 20409, 25395, 27640, 27642, 29222, 29662] heals []
  x_1695: breaks 10 [19388, 19390, 20407, 20409, 27640, 27642, 29222, 31575] heals []
  x_1746: breaks 10 [2736, 2738, 20407, 20409, 27640, 31575, 32543, 32545] heals []
  x_1931: breaks 10 [2860, 17328, 17330, 20407, 20409, 31575, 34370, 34372] heals []
  x_2055: breaks 10 [2722, 10385, 20407, 20409, 27640, 31575, 32543, 32545] heals []
