HIT 4 129761360149086529 461 625050903212798350
HIT 4 130605785079218497 464 1229736846345875994
HIT 4 130887260055929153 465 679668109163147814
HIT 4 130605793669153089 464 2258170620396827428
HIT 4 130606360604836161 464 997720116699604569
HIT 4 130606364899803457 464 733829138166796409
HIT 4 130605785079284033 464 2258170620396827428
HIT 4 130042856600699201 462 2260733320149757757
HIT 4 129479910942245185 460 1033614011183325683
HIT 4 129761385918955841 461 125656237010227719
HIT 4 129761394508890433 461 190991145403076843
HIT 4 129479932417081665 460 2018399180952154876
HIT 4 130605832323924289 464 1383256700112019843
HIT 4 130042886665470273 462 557787137204379489
HIT 4 129761415983726913 461 904301683746089406
HIT 4 130042895255404865 462 1823150440954030889
HIT 4 130605845208826177 464 336160895033770279
HIT 4 129479958186885441 460 2166206272888468437
HIT 4 130042908140306753 462 1611714372670066610
HIT 4 130605875273597249 464 836662356633613810
HIT 4 129479979661721921 460 28511356498819736
HIT 4 129479992546623809 460 808601470334133460
HIT 4 130605901043401025 464 301476510905708878
HIT 4 129480005431525697 460 1279653279812352149
HIT 4 130605905338368321 464 1551548196916969440
HIT 4 129761501883072833 461 1070094706774047198
HIT 4 130605956877975873 464 1547698679544499266
HIT 4 129761540537778497 461 908577839841775759
HIT 4 129480074151002433 460 509251571290870526
HIT 4 130043028399391041 462 98118406806108818
HIT 4 130043041284292929 462 2176422868309039356
HIT 4 130043045579260225 462 1778419006131419316
HIT 4 130605995532681537 464 1983505538236173523
HIT 4 129761583487451457 461 889073639584031563
HIT 4 130043058464162113 462 1756587240220114015
HIT 4 130043067054096705 462 2089785345604342388
HIT 4 129761600667320641 461 1137289698385613648
HIT 4 130606025597452609 464 842628392239934035
HIT 4 129761613552222529 461 2245998146774238672
HIT 4 130043118593704257 462 850554318023971627
HIT 4 129761656501895489 461 1396399630522442362
HIT 4 129480190115119425 460 506919891783659819
HIT 4 130606107201831233 464 1346756111248163085
HIT 4 129480211589955905 460 1738704102790447467
HIT 4 129480220179890497 460 495665173107695528
HIT 4 129480224474857793 460 157839641240116661
HIT 4 129761703746535745 461 111570577081403477
HIT 4 130043191608148289 462 957503382766637703
HIT 4 129480245949694273 460 160813083604479485
HIT 4 130043195903115585 462 2185415303477206343
HIT 4 130606150151504193 464 220450589063169600
HIT 4 130606175921307969 464 1683560803708201066
HIT 4 130043230262853953 462 165659497151459569
HIT 4 129480284604399937 460 1763113788946812414
HIT 4 129480288899367233 460 2035379270598280735
HIT 4 129480297489301825 460 2173044246064140385
HIT 4 130043251737690433 462 39600829540326748
HIT 4 129480310374203713 460 1861780842678435425
HIT 4 130606214576013633 464 96053072349550414
HIT 4 129480318964138305 460 34499766675951726
HIT 4 130606231755882817 464 1758629426952756609
HIT 4 130606236050850113 464 286326768140361509
HIT 4 129480357618843969 460 472179510741397942
HIT 4 130606257525686593 464 120302832140170514
HIT 4 129480374798713153 460 1484154828275012254
HIT 4 130043324752134465 462 1377585248068490487
HIT 4 130606283295490369 464 1836014902739274321
HIT 4 130606287590457665 464 678478752096700011
HIT 4 130043350521938241 462 1951097952977117773
HIT 4 129480409158451521 460 1800896276045884617
HIT 4 130043380586709313 462 2218740012007764274
HIT 4 130043384881676609 462 1555900579508995414
HIT 4 130606334835097921 464 1583431178675855596
HIT 4 130043389176643905 462 1203930184014309810
HIT 4 130606343425032513 464 611124262438749606
HIT 4 129761922789867841 461 1987216347013743756
HIT 4 129198977131413825 459 1987216347013743756
HIT 4 129761927084835137 461 1473759633045267352
HIT 4 130606352014967105 464 1034745610508863281
HIT 4 130043414946447681 462 2150976803628379309
HIT 4 130324889923158337 463 625050903212798350
HIT 4 132858164713554241 472 1162196880965685483
HIT 4 138487664247767361 492 1659482039876566819
HIT 4 141020939038163265 501 1857357297365611313
HIT 4 143554213828559169 510 1434223172406854789
HIT 4 130606369194836289 464 2150976803628379309
HIT 4 131169319148257601 466 2098909858017509304
HIT 4 131732269101678913 468 2097227256082468282
HIT 4 133702593938653505 475 1771188533528366745
HIT 4 135954393752338753 483 314597966610917198
HIT 4 139332093472866625 495 1211637991887583389
HIT 4 139613568449577281 496 1942165927944017007
HIT 4 140176518402998593 498 950912404276667349
HIT 4 140457993379709249 499 1070662643384473645
HIT 4 131450798419935553 467 1101836372573666425
HIT 4 132295223350067521 470 166794787966208329
HIT 4 132858173303488833 472 1535386094589011672
HIT 4 133984073210331457 476 2082586866040297110
HIT 4 139050622791123265 494 1815156737590260064
HIT 4 130887852761481537 465 1101836372573666425
HIT 4 131450807009870145 467 679668109163147814
HIT 4 133139656870134081 473 867582535988039049
HIT 4 134265556776976705 477 1777163610711701913
HIT 4 135954406637240641 483 388224557183572516
HIT 4 138487681427636545 492 2219236898210782194
HIT 4 139613581334479169 496 579117322515128207
HIT 4 141583906171453761 503 1034528606049067100
HIT 4 142709806078296385 507 968587481816917980
HIT 4 131169336328126785 466 1229736846345875994
HIT 4 130043414947037505 462 1226444269623419335
HIT 4 130606369195426113 464 1226444269623419335
HIT 4 130043414948086081 462 127492801643182512
HIT 4 130606369196474689 464 127492801643182512
HIT 4 130043414948151617 462 592758619250482169
HIT 4 130606369196540225 464 592758619250482169
HIT 4 130043414948413761 462 580561814698189613
HIT 4 130606369196802369 464 580561814698189613
HIT 4 130043414948544833 462 2004872297841868351
HIT 4 130606369196933441 464 2004872297841868351
HIT 4 130043414948806977 462 674372766593181451
HIT 4 130606369197195585 464 674372766593181451
HIT 4 130043414948872513 462 799248096334352927
HIT 4 130606369197261121 464 799248096334352927
HIT 4 130043414949593409 462 1628141486444092465
HIT 4 130606369197982017 464 1628141486444092465
HIT 4 130043414949855553 462 1264570775042956206
HIT 4 130606369198244161 464 1264570775042956206
HIT 4 130043414949986625 462 771971876632697877
HIT 4 130606369198375233 464 771971876632697877
HIT 4 130043414950969665 462 515179545018565455
HIT 4 130606369199358273 464 515179545018565455
HIT 4 130043414951035201 462 1592923057316846698
HIT 4 130606369199423809 464 1592923057316846698
HIT 4 130043414951428417 462 162272553928946684
HIT 4 130606369199817025 464 162272553928946684
HIT 4 130043414951756097 462 1662179336408899066
HIT 4 130606369200144705 464 1662179336408899066
HIT 4 130043414952411457 462 1027571187928857495
HIT 4 130606369200800065 464 1027571187928857495
HIT 4 130043414952673601 462 1294744510454384364
HIT 4 130606369201062209 464 1294744510454384364
HIT 4 130043414952804673 462 272558576514233566
HIT 4 130606369201193281 464 272558576514233566
HIT 4 130043414953722177 462 695688326305382195
HIT 4 130606369202110785 464 695688326305382195
HIT 4 130043414954246465 462 1346929997475530479
HIT 4 130606369202635073 464 1346929997475530479
HIT 4 130043414954312001 462 1778713271158784065
HIT 4 130606369202700609 464 1778713271158784065
HIT 4 130043414954377537 462 980449732553219545
HIT 4 130606369202766145 464 980449732553219545
HIT 4 130606377793618241 464 502733327295991366
HIT 4 130043414955360577 462 502733327295991366
HIT 4 130606369203749185 464 502733327295991366
HIT 4 132858173312467265 472 555952967077646641
HIT 4 135109973126152513 480 1358120292086997880
HIT 4 135954398056284481 483 186023596696527353
HIT 4 136235873032995137 484 153858644828605717
HIT 4 137361772939837761 488 1343678160290756638
HIT 4 139332097776812353 495 1575933450753964088
HIT 4 139895047730233665 497 1058750409835763632
HIT 4 140176522706944321 498 1691648575333194364
HIT 4 141302422613786945 502 19540754806362596
HIT 4 132858181902467393 472 555952967077646641
HIT 4 135109981716152641 480 1358120292086997880
HIT 4 135954406646284609 483 186023596696527353
HIT 4 136235881622995265 484 153858644828605717
HIT 4 137361781529837889 488 1343678160290756638
HIT 4 139332106366812481 495 1575933450753964088
HIT 4 139895056320233793 497 1058750409835763632
HIT 4 140176531296944449 498 1691648575333194364
HIT 4 141302431203787073 502 19540754806362596
DONE data/q_adjacent.txt sz=4 range=[321,322) n=1107320 zero=0 13.1s
HIT 4 131169336328061249 466 3421242979731342391
HIT 4 130605780784316737 464 3421242979731342391
HIT 4 129761377329021249 461 3372564704467747744
HIT 4 130042869485601089 462 2380114321407040517
HIT 4 130042873780568385 462 4555591112902881134
HIT 4 129479928122114369 460 4247273847820951869
HIT 4 130042890960437569 462 2976836325609549823
HIT 4 129761437458563393 461 4056946333452999614
HIT 4 130042912435274049 462 2356254180576901872
HIT 4 130605862388695361 464 4308466964546694653
HIT 4 130042916730241345 462 3218252457879606408
HIT 4 129479971071787329 460 2593582804606442986
HIT 4 130042933910110529 462 3962215669435517171
HIT 4 129761463228367169 461 4191140995957661201
HIT 4 129480039791264065 460 3130493922098404245
HIT 4 130042998334619969 462 3038852484117156086
HIT 4 130043011219521857 462 3984515114378556451
HIT 4 130605965467910465 464 3291875270850463843
HIT 4 130043024104423745 462 2461394750350134965
HIT 4 129761570602549569 461 3728821885537454543
HIT 4 130606004122616129 464 4500218849683105176
HIT 4 129480117100675393 460 3128841243069690854
HIT 4 129480134280544577 460 4088076193978008969
HIT 4 130043088528933185 462 2846007657313341000
HIT 4 130606047072289089 464 3238496445811558196
HIT 4 130606068547125569 464 4325886982340657970
HIT 4 130606081432027457 464 2768644654156953090
HIT 4 129480194410086721 460 3880979583918934958
HIT 4 129480203000021313 460 4483909419865063093
HIT 4 130606102906863937 464 2982446374802055225
HIT 4 130043178723246401 462 4470133592500301547
HIT 4 130606132971635009 464 4260245185239987776
HIT 4 129480258834596161 460 4220112958724452665
HIT 4 129761742401241409 461 2945819072255470434
HIT 4 129480271719498049 460 3494011135156132862
HIT 4 129761750991176001 461 4169749171060145751
HIT 4 130043225967886657 462 4507335902571442046
HIT 4 130043234557821249 462 3534131694938628985
HIT 4 130606205986079041 464 3080663403606220532
HIT 4 130043264622592321 462 4522069902246003215
HIT 4 129480331849040193 460 4351368753656162061
HIT 4 129761811120718145 461 4429430885914855447
HIT 4 130606248935752001 464 3799780402343177236
HIT 4 130043316162199873 462 3561395262851237308
HIT 4 129480370503745857 460 4438331511571133252
HIT 4 130606270410588481 464 3764584499320756572
HIT 4 130043329047101761 462 3083866550907298230
HIT 4 130606279000523073 464 2365184545469623867
HIT 4 129761875545227585 461 2514872923246863909
HIT 4 129761888430129473 461 4006179896748990866
HIT 4 129480417748386113 460 2998673669458425685
HIT 4 129761897020064065 461 4215188722020649839
HIT 4 130043371996774721 462 2704619093666029033
HIT 4 130606321950196033 464 3750094881326892295
HIT 4 129761909904965953 461 2480303710288229581
HIT 4 129480456403091777 460 3996602520455689974
HIT 4 130043410651480385 462 3996602520455689974
HIT 4 133421114666975553 474 2686721581487653946
HIT 4 133984064620396865 476 3190107565811344566
HIT 4 136798814387503425 486 3673425775400954328
HIT 4 137080289364214081 487 3599148016760245330
HIT 4 139332089177899329 495 2507457744468526255
HIT 4 141583888991584577 503 2885634380633590947
HIT 4 132295219055100225 470 3918194785029888553
HIT 4 133984068915364161 476 3583213769340595400
HIT 4 134547018868785473 478 2793979844362969395
HIT 4 135109968822206785 480 4063324968639616473
HIT 4 137361768635892033 488 2534549710153232476
HIT 4 138487668542734657 492 4071809469022186047
HIT 4 140739468356419905 500 4416369734050136682
HIT 4 142146843239973185 505 3306085805891599391
HIT 4 142709793193394497 507 4058809534771255373
HIT 4 142991268170105153 508 2485610402656574750
HIT 4 143835693100237121 511 3897662081013881250
HIT 4 132013748373356865 469 4099431585134516276
HIT 4 135954398047306049 483 3378566011348935948
HIT 4 137080297954148673 487 3545596610201801727
HIT 4 138769147814412609 493 2608205044495249198
HIT 4 140176522697965889 498 3514046837063239702
HIT 4 141302422604808513 502 4307138428292728342
HIT 4 142146847534940481 505 3148807227981535633
HIT 4 136235881613951297 484 3554716404709791775
HIT 4 140176531287900481 498 4068745499356946468
HIT 4 143272756031717697 509 3964403136033824829
HIT 4 143835705985139009 511 4142743816000671529
HIT 4 130042843715862849 462 3497087415011940009
HIT 4 131169319148388673 466 4590469304159968960
HIT 4 130606377784901953 464 3497087415011940009
HIT 4 130043414946644289 462 3414308620568482574
HIT 4 130606369195032897 464 3414308620568482574
HIT 4 130043414947430721 462 3357688932332778779
HIT 4 130606369195819329 464 3357688932332778779
HIT 4 130043414947496257 462 2846333851372259497
HIT 4 130606369195884865 464 2846333851372259497
HIT 4 130043414947955009 462 3120624995484803075
HIT 4 130606369196343617 464 3120624995484803075
HIT 4 130043414948675905 462 4509910923375133571
HIT 4 130606369197064513 464 4509910923375133571
HIT 4 130043414949265729 462 3409428895923290046
HIT 4 130606369197654337 464 3409428895923290046
HIT 4 130043414949462337 462 4570291665019437333
HIT 4 130606369197850945 464 4570291665019437333
HIT 4 130043414949658945 462 2860745886057915672
HIT 4 130606369198047553 464 2860745886057915672
HIT 4 130043414951297345 462 3035268496620309756
HIT 4 130606369199685953 464 3035268496620309756
HIT 4 130043414951821633 462 2544595025611554642
HIT 4 130606369200210241 464 2544595025611554642
HIT 4 130043414952345921 462 3906734012302680063
HIT 4 130606369200734529 464 3906734012302680063
HIT 4 130043414952476993 462 3603013294597863709
HIT 4 130606369200865601 464 3603013294597863709
HIT 4 130043414953001281 462 3538444545844372316
HIT 4 130606369201389889 464 3538444545844372316
HIT 4 130043414954770753 462 3047188451438330705
HIT 4 130606369203159361 464 3047188451438330705
HIT 4 131169323452203329 466 2770479083872953561
HIT 4 132576698335756609 471 3797235689872402256
HIT 4 133421123265888577 474 4591818387678401018
HIT 4 138487672846680385 492 3024576715972142767
HIT 4 141020947637076289 501 3573830512394110232
HIT 4 131169336337105217 466 2876963335225947625
HIT 4 130606373498847553 464 2876963335225947625
HIT 4 131169327747236161 466 2876963335225947625
HIT 4 131169332042203457 466 2770479083872953561
HIT 4 132576706925756737 471 3797235689872402256
HIT 4 133421131855888705 474 4591818387678401018
HIT 4 138487681436680513 492 3024576715972142767
HIT 4 141020956227076417 501 3573830512394110232
HIT 4 131732286290592065 468 2770479083872953561
HIT 4 131169336337301825 466 3888502365099394872
DONE data/q_adjacent.txt sz=4 range=[321,322) n=1107320 zero=0 5.0s
HIT 4 130042830830829889 462 4669446258430075473
HIT 4 130042839420830017 462 4669446258430075473
HIT 4 129761381623988545 461 6255512893926285905
HIT 4 130042865190633793 462 6471301168111628760
HIT 4 129761407393792321 461 5202357701718849486
HIT 4 129479936712048961 460 6663573737194646497
HIT 4 130605840913858881 464 5957615997574354530
HIT 4 129479949596950849 460 6282845046067955434
HIT 4 129479988251656513 460 5274999176689185800
HIT 4 130042955384947009 462 5511956475837359380
HIT 4 129480014021460289 460 6312203446703824568
HIT 4 130605913928302913 464 6314369698603304282
HIT 4 129761497588105537 461 6266614948797433783
HIT 4 130605922518237505 464 5935224484153681449
HIT 4 129761510473007425 461 6395865408984034419
HIT 4 130605935403139393 464 5677916805939686013
HIT 4 130043006924554561 462 6763275462667146648
HIT 4 129480078445969729 460 5099957954064131382
HIT 4 130043049874227521 462 6617622510388772577
HIT 4 130605999827648833 464 6529509165718881339
HIT 4 130043054169194817 462 5913758010100464724
HIT 4 129761587782418753 461 5104650803391822754
HIT 4 129761592077386049 461 5766580535347319447
HIT 4 129480121395642689 460 5416242971075694907
HIT 4 130043071349064001 462 4947058904190523389
HIT 4 130606029892419905 464 5339558293136545712
HIT 4 129761609257255233 461 5030208892631578388
HIT 4 129480138575511873 460 5675359103348191134
HIT 4 130606038482354497 464 6569022383962999186
HIT 4 130043092823900481 462 6754760814316087801
HIT 4 129761622142157121 461 5121475351050418068
HIT 4 129761626437124417 461 5455024671056389923
HIT 4 129761647911960897 461 6788875207076620807
HIT 4 129761660796862785 461 4755188149632917168
HIT 4 130606094316929345 464 5899743516784646492
HIT 4 130043157248409921 462 4666139692231686974
HIT 4 130043170133311809 462 6676147928825332056
HIT 4 130606145856536897 464 4717818361715483121
HIT 4 129761725221372225 461 5815041216419325302
HIT 4 130043200198082881 462 5415349604164094842
HIT 4 130043208788017473 462 6458137950765743992
HIT 4 129761738106274113 461 6054806781345747612
HIT 4 130606163036406081 464 5284327049937986783
HIT 4 130606167331373377 464 5328851337639856650
HIT 4 129480276014465345 460 6793295528044270311
HIT 4 129761755286143297 461 6854442724350486987
HIT 4 129761772466012481 461 6311372030257788031
HIT 4 130043247442723137 462 5193714917074457726
HIT 4 130606201691111745 464 4726655745817223756
HIT 4 129480323259105601 460 4815455567717398004
HIT 4 129761798235816257 461 5928294382512329964
HIT 4 129761802530783553 461 5032078986067855312
HIT 4 130043294687363393 462 6010402171226615139
HIT 4 130606244640784705 464 5899829220947651380
HIT 4 130043298982330689 462 5475063873172707754
HIT 4 130606266115621185 464 5267868722718286163
HIT 4 129761849775423809 461 6034389552135338643
HIT 4 129480383388647745 460 5221570675251451292
HIT 4 129480387683615041 460 5350057096048441651
HIT 4 129761862660325697 461 6494715580799640240
HIT 4 129480396273549633 460 5699543087549444991
HIT 4 130043346226970945 462 5064192865855454375
HIT 4 129480434928255297 460 6336079933633765466
HIT 4 129761918494900545 461 6219639703639617507
HIT 4 129480447813157185 460 5311312812568075071
HIT 4 130606360604901697 464 5537406568803549292
HIT 4 135109964527239489 480 6679646408326462304
HIT 4 142709788898427201 507 6366989736376517864
HIT 4 141020943333130561 501 6821598161850900917
HIT 4 141302418309841217 502 5665090685736741476
HIT 4 131169323443224897 466 6880020916948219771
HIT 4 131732273396646209 468 5067370382035195271
HIT 4 134547023163752769 478 6909098840677673243
HIT 4 136235873024016705 484 6405515949029381627
HIT 4 137643247907569985 489 5021085553494247062
HIT 4 137924722884280641 490 5908390304504183623
HIT 4 140457997674676545 499 5352092162311588631
HIT 4 141865372558229825 504 5427140175187232485
HIT 4 131169332033159489 466 5040732744457248350
HIT 4 131732281986580801 468 6820586789230583498
HIT 4 133984081800266049 476 6304852414393695549
HIT 4 134828506730398017 479 6059436071731260350
HIT 4 137080306544083265 487 5692063548158222992
HIT 4 131732286281548097 468 5040732744457248350
HIT 4 130606364900000065 464 6912694701075766222
HIT 4 130043414946709825 462 5735533186979235689
HIT 4 130606369195098433 464 5735533186979235689
HIT 4 130043414946840897 462 5065539618360174858
HIT 4 130606369195229505 464 5065539618360174858
HIT 4 130043414948610369 462 4734225765342628932
HIT 4 130606369196998977 464 4734225765342628932
HIT 4 130043414949134657 462 6457017506233684716
HIT 4 130606369197523265 464 6457017506233684716
HIT 4 130043414950248769 462 6688179936851425945
HIT 4 130606369198637377 464 6688179936851425945
HIT 4 130043414950576449 462 4994665598604097235
HIT 4 130606369198965057 464 4994665598604097235
HIT 4 130043414950707521 462 5290411105151659323
HIT 4 130606369199096129 464 5290411105151659323
HIT 4 130043414951166273 462 5681457197436689908
HIT 4 130606369199554881 464 5681457197436689908
HIT 4 130043414952739137 462 6414434819135821225
HIT 4 130606369201127745 464 6414434819135821225
HIT 4 130043414953197889 462 6714693503659236292
HIT 4 130606369201586497 464 6714693503659236292
HIT 4 130043414954508609 462 5440727234735473178
HIT 4 130606369202897217 464 5440727234735473178
HIT 4 130043414954574145 462 6208798447094484315
HIT 4 130606369202962753 464 6208798447094484315
HIT 4 130043414955098433 462 4970463963545263082
HIT 4 130606369203487041 464 4970463963545263082
HIT 4 133139648289177921 473 5692382679734849718
HIT 4 133702598242599233 475 6045765210994574014
HIT 4 137643247916548417 489 5103208586662824907
HIT 4 137924722893259073 490 4683378391832316980
HIT 4 142428322520629569 506 5542788864311316401
HIT 4 143835697404182849 511 5456288103662846845
HIT 4 133139656879178049 473 5692382679734849718
HIT 4 133702606832599361 475 6045765210994574014
HIT 4 137643256506548545 489 5103208586662824907
HIT 4 137924731483259201 490 4683378391832316980
HIT 4 142428331110629697 506 5542788864311316401
HIT 4 143835705994182977 511 5456288103662846845
DONE data/q_adjacent.txt sz=4 range=[321,322) n=1107320 zero=0 5.2s
HIT 4 129479880877408577 460 8112786876712709116
HIT 4 128916935218954561 458 7469581620337890975
HIT 4 131168735032639809 466 8376753098458252104
HIT 4 130606377784705345 464 7045349683692988034
HIT 4 130042830830895425 462 7045349683692988034
HIT 4 129479889467408705 460 8112786876712709116
HIT 4 130605802259153217 464 7828490323682837583
HIT 4 129761390213923137 461 7205920273019793619
HIT 4 129479923827147073 460 8137470969919959315
HIT 4 129761420278694209 461 8218149300430244498
HIT 4 129479953891918145 460 7034303543764555156
HIT 4 129761441753530689 461 8753076101232018062
HIT 4 129761454638432577 461 9156030283172754732
HIT 4 130605879568564545 464 9210496196841122442
HIT 4 129761458933399873 461 8160544889155089619
HIT 4 130042942500045121 462 9112123878142504507
HIT 4 129761493293138241 461 7628872426955298317
HIT 4 130042968269848897 462 7224543372381374578
HIT 4 129480022611394881 460 8624542873175686266
HIT 4 129480031201329473 460 6938150071042509268
HIT 4 129480035496296769 460 8330728672808868987
HIT 4 130042985449718081 462 7852550663990488752
HIT 4 129480044086231361 460 7056636033721040784
HIT 4 129761523357909313 461 7716356716660197941
HIT 4 129480061266100545 460 7787039431408250246
HIT 4 130605974057845057 464 8910045630815772733
HIT 4 129480082740937025 460 9157741076735301043
HIT 4 129480087035904321 460 7167704767680022660
HIT 4 130605991237714241 464 7324305341758123322
HIT 4 129480095625838913 460 7373454636000407506
HIT 4 129761579192484161 461 8107224549665694937
HIT 4 129480112805708097 460 6997090217520575815
HIT 4 130606012712550721 464 6966994060781220461
HIT 4 129480125690609985 460 8090033016122794133
HIT 4 129761604962287937 461 9052203877073388079
HIT 4 130606042777321793 464 8503822703806225877
HIT 4 130043097118867777 462 9100404483127702652
HIT 4 130606051367256385 464 7951085927345399206
HIT 4 129480155755381057 460 8890353455883703304
HIT 4 130043105708802369 462 9027527974490735891
HIT 4 130606055662223681 464 7488522658257924204
HIT 4 129480164345315649 460 7357576932682589577
HIT 4 129761643616993601 461 8242085253523007007
HIT 4 129480172935250241 460 9036422970729564930
HIT 4 130606090021962049 464 8686755909684830427
HIT 4 129480198705054017 460 8507479401362308537
HIT 4 130606098611896641 464 9117879193464911854
HIT 4 130043161543377217 462 9131591477889903773
HIT 4 130606115791765825 464 7604628862301045431
HIT 4 130043183018213697 462 7397051847917409928
HIT 4 130043187313180993 462 7412384404709635967
HIT 4 130043213082984769 462 8032074015150777043
HIT 4 130043221672919361 462 8234017791024606046
HIT 4 130606171626340673 464 8906491051965032930
HIT 4 129480280309432641 460 8981486915032929778
HIT 4 129761763876077889 461 7631312660554762543
HIT 4 130043256032657729 462 7866760137155698122
HIT 4 129761785350914369 461 7430586671841445459
HIT 4 130043268917559617 462 8675821815533824473
HIT 4 130606218870980929 464 7532752114175925691
HIT 4 130606223165948225 464 8157326198023726210
HIT 4 130606227460915521 464 7938743563858147733
HIT 4 130043281802461505 462 9187280765563630586
HIT 4 130043303277297985 462 8205533607043406060
HIT 4 129480361913811265 460 8935762245019125592
HIT 4 130043311867232577 462 7577703444685457814
HIT 4 129761841185489217 461 6962778082205899362
HIT 4 129761854070391105 461 8503395096476589768
HIT 4 129761866955292993 461 9127101121531696356
HIT 4 130043341932003649 462 7000813996073139991
HIT 4 130606296180392257 464 7991859994569621035
HIT 4 130043376291742017 462 8938601414225902963
HIT 4 129480430633288001 460 9029370836905020325
HIT 4 130606339130065217 464 8529249870203221052
HIT 4 129480443518189889 460 7802431235262157954
HIT 4 130043393471611201 462 8509071869217885327
HIT 4 130043402061545793 462 7522563730959937925
HIT 4 129480460698059073 460 7469581620337890975
HIT 4 134547014573818177 478 9069463922959605891
HIT 4 135391439503950145 481 8031642261366782838
HIT 4 136235864434082113 484 8520653114925809677
HIT 4 141302414014873921 502 8354397358852748815
HIT 4 141865363968295233 504 7246633498946163527
HIT 4 143272738851848513 509 7510451126427621114
HIT 4 131450794124968257 467 8386028792925358158
HIT 4 136517343705760065 485 7744931713362423785
HIT 4 136798818682470721 486 8749958382532093194
HIT 4 137080293659181377 487 9172592218131618279
HIT 4 143554218123526465 510 7856013886610492955
HIT 4 133421123256910145 474 7461005933754974833
HIT 4 135391448093884737 481 7152208114903106884
HIT 4 136798822977438017 486 8994501981214271141
HIT 4 139332097767833921 495 8342339841621224674
HIT 4 143272747441783105 509 7211825796448818183
HIT 4 132858181893423425 472 7359557760346909384
HIT 4 133421131846844737 474 8416819551988734501
HIT 4 136517356590661953 485 7989054817256751447
HIT 4 136798831567372609 486 7079523539011493755
HIT 4 137643256497504577 489 7985636499239926538
HIT 4 138206206450925889 491 7384422819237082130
HIT 4 142428331101585729 506 8407894185600380819
HIT 4 142991281055007041 508 8293779318379681775
HIT 4 143554231008428353 510 7494617054036754579
HIT 4 131732294871482689 468 8376753098458252104
HIT 4 129761368739152193 461 8362355000148598174
HIT 4 130605793669284161 464 8282782144640188874
HIT 4 130043406356644161 462 8309318542207540654
HIT 4 130324889923289409 463 8362355000148598174
HIT 4 131169336328257857 466 8282782144640188874
HIT 4 130043414946971969 462 6984781265828562225
HIT 4 130606369195360577 464 6984781265828562225
HIT 4 130043414948020545 462 9207798860879571493
HIT 4 130606369196409153 464 9207798860879571493
HIT 4 130043414948348225 462 6938077038978567664
HIT 4 130606369196736833 464 6938077038978567664
HIT 4 130043414948479297 462 7607735837531787193
HIT 4 130606369196867905 464 7607735837531787193
HIT 4 130043414948741441 462 7685239117298733745
HIT 4 130606369197130049 464 7685239117298733745
HIT 4 130043414950052161 462 8658440069088576566
HIT 4 130606369198440769 464 8658440069088576566
HIT 4 130043414950117697 462 8799318062200058311
HIT 4 130606369198506305 464 8799318062200058311
HIT 4 130043414950838593 462 7691472290179452273
HIT 4 130606369199227201 464 7691472290179452273
HIT 4 130043414951362881 462 7559449240087214408
HIT 4 130606369199751489 464 7559449240087214408
HIT 4 130043414951690561 462 7064596059452107667
HIT 4 130606369200079169 464 7064596059452107667
HIT 4 130043414951887169 462 8794991572334933167
HIT 4 130606369200275777 464 8794991572334933167
HIT 4 130043414952214849 462 8836268246277724114
HIT 4 130606369200603457 464 8836268246277724114
HIT 4 130043414952542529 462 8246468466442893538
HIT 4 130606369200931137 464 8246468466442893538
HIT 4 130043414952608065 462 9075718514160470557
HIT 4 130606369200996673 464 9075718514160470557
HIT 4 130043414953460033 462 8254382335632300889
HIT 4 130606369201848641 464 8254382335632300889
HIT 4 130043414953591105 462 8284188116398878026
HIT 4 130606369201979713 464 8284188116398878026
HIT 4 130043414954967361 462 8182754493485030877
HIT 4 130606369203355969 464 8182754493485030877
HIT 4 130043414955163969 462 8596986452401163553
HIT 4 130606369203552577 464 8596986452401163553
HIT 4 130606360613683521 464 8596986452401163553
HIT 4 130043414955295041 462 7436022767030506740
HIT 4 130606369203683649 464 7436022767030506740
HIT 4 131169336337039681 466 7436022767030506740
HIT 4 136798822986416449 486 7645721359200120440
HIT 4 138206197869969729 491 7438075647304047615
HIT 4 140457997683654977 499 8198006909153890873
HIT 4 141583897590497601 503 8705838809236798322
HIT 4 142709797497340225 507 7233317549703332061
HIT 4 142991272474050881 508 8088404005791514810
HIT 4 143554222427472193 510 7475349139267390464
HIT 4 136798831576416577 486 7645721359200120440
HIT 4 138206206459969857 491 7438075647304047615
HIT 4 140458006273655105 499 8198006909153890873
HIT 4 141583906180497729 503 8705838809236798322
HIT 4 142709806087340353 507 7233317549703332061
HIT 4 142991281064051009 508 8088404005791514810
HIT 4 143554231017472321 510 7475349139267390464
DONE data/q_adjacent.txt sz=4 range=[321,322) n=1107320 zero=0 5.3s
HIT 4 92043708974891329 327 10905537026245323974
HIT 4 130324310102507841 463 10880328672324434985
HIT 4 130042843715731777 462 11427246351896300230
HIT 4 130043406356447553 462 10069008539242637449
HIT 4 130043414946382145 462 10063059348179006974
HIT 4 130606369194770753 464 10063059348179006974
HIT 4 130042835125862721 462 11427246351896300230
HIT 4 129479898057343297 460 10304936956338994175
HIT 4 129479902352310593 460 9485722607776016400
HIT 4 129479906647277889 460 11314290392115974055
HIT 4 129479915237212481 460 9928773770494868268
HIT 4 129761398803857729 461 10473222552901740323
HIT 4 129761403098825025 461 11169944581653509591
HIT 4 130605828028956993 464 10656496524048650889
HIT 4 130042882370502977 462 10997622285906857010
HIT 4 129761411688759617 461 10783533468898760127
HIT 4 129761424573661505 461 9838791697993239860
HIT 4 130605858093728065 464 11314162141284632203
HIT 4 129479962481852737 460 9548912179132415165
HIT 4 130605866683662657 464 10170392030390535102
HIT 4 129479975366754625 460 10384805649680813902
HIT 4 130605892453466433 464 10722136779756289704
HIT 4 129761471818301761 461 11522442238863457064
HIT 4 130042946795012417 462 9516357597610432870
HIT 4 129761488998170945 461 10265667316626138700
HIT 4 129480026906362177 460 11294644595343951219
HIT 4 130042976859783489 462 10205302741029449682
HIT 4 130042981154750785 462 9632068732177860004
HIT 4 129480048381198657 460 10564095425132550072
HIT 4 130605952583008577 464 11347774323704961946
HIT 4 129480069856035137 460 9237412559882546889
HIT 4 129761549127713089 461 9666328161677075036
HIT 4 129761557717647681 461 10117154958842860996
HIT 4 130043032694358337 462 10801566000892049658
HIT 4 130606008417583425 464 9845923490700145215
HIT 4 130606017007518017 464 10088625774037361393
HIT 4 129761596372353345 461 9716820551321248610
HIT 4 130606021302485313 464 10911537971945295371
HIT 4 130043079938998593 462 10226615042097511254
HIT 4 130606059957190977 464 11100613042889466939
HIT 4 130043122888671553 462 10750556357363413549
HIT 4 129761652206928193 461 10368590913306365061
HIT 4 130606077137060161 464 10365809545835715555
HIT 4 129480185820152129 460 9564141697524859897
HIT 4 130043135773573441 462 11041244205601009492
HIT 4 129761669386797377 461 11317186513249707847
HIT 4 130043144363508033 462 10603127385155165950
HIT 4 130043148658475329 462 10410853414382286044
HIT 4 129480215884923201 460 11035558080137492356
HIT 4 129761695156601153 461 10470470244902431452
HIT 4 129761699451568449 461 10992132860650950834
HIT 4 130606124381700417 464 9702770384794228588
HIT 4 129480228769825089 460 9531580084960690359
HIT 4 129480254539628865 460 9855101730534325859
HIT 4 130606154446471489 464 10898215828759179034
HIT 4 129480263129563457 460 11168723759860907104
HIT 4 130043217377952065 462 10246805181172435144
HIT 4 130606180216275265 464 11230569204151822818
HIT 4 129480293194334529 460 10311900630486147664
HIT 4 130606210281046337 464 9281447444494265055
HIT 4 129761793940848961 461 9720455331957485127
HIT 4 130606240345817409 464 9534835868170253659
HIT 4 129480353323876673 460 10761434722136549322
HIT 4 129761832595554625 461 9601882094017396548
HIT 4 129761845480456513 461 9425191062375216357
HIT 4 129761871250260289 461 10634665986756961542
HIT 4 130043354816905537 462 10703933798343203057
HIT 4 130606304770326849 464 10035846023878548178
HIT 4 129761884135162177 461 10557008079813639872
HIT 4 129480413453418817 460 11499321659809570623
HIT 4 130043367701807425 462 10277680295855371172
HIT 4 130606317655228737 464 9262133600948245533
HIT 4 129761905609998657 461 10971486516143879067
HIT 4 129480439223222593 460 10574989123963317107
HIT 4 130606347719999809 464 10909264720840733862
HIT 4 130887835581612353 465 10333083430330440658
HIT 4 130606364899868993 464 11452956365685656340
HIT 4 130887839876579649 465 9258919259009007093
HIT 4 131450789830000961 467 9890254660203749007
HIT 4 132295214760132929 470 10313346007588095956
HIT 4 133702589643686209 475 9630369019997954719
HIT 4 130324894218125633 463 9258919259009007093
HIT 4 132858169008521537 472 10583007883621895728
HIT 4 135391443798917441 481 9654568639211253726
HIT 4 130887848466514241 465 10880328672324434985
HIT 4 136517348000727361 485 9347281057310874467
HIT 4 137361772930859329 488 10104157915181806034
HIT 4 138206197860991297 491 10022262193777014338
HIT 4 138487672837701953 492 11232427389364608689
HIT 4 139895047721255233 497 10356231997833895194
HIT 4 143554222418493761 510 9796633700795019568
HIT 4 135109981707108673 480 9956509217236267523
HIT 4 137361781520793921 488 9324626214264141575
HIT 4 140458006264611137 499 11155167102290902314
HIT 4 130606360605032769 464 9868006573668967840
HIT 4 130043414946578753 462 9521290797203467030
HIT 4 130606369194967361 464 9521290797203467030
HIT 4 130043414948217153 462 10507464785638127514
HIT 4 130606369196605761 464 10507464785638127514
HIT 4 130043414948282689 462 11078207751039324114
HIT 4 130606369196671297 464 11078207751039324114
HIT 4 130043414949003585 462 11332473684542885224
HIT 4 130606369197392193 464 11332473684542885224
HIT 4 130043414950183233 462 11407389526943560777
HIT 4 130606369198571841 464 11407389526943560777
HIT 4 130043414951493953 462 11260098979623951853
HIT 4 130606369199882561 464 11260098979623951853
HIT 4 130043414951559489 462 9640888464074962199
HIT 4 130606369199948097 464 9640888464074962199
HIT 4 130043414953263425 462 10749060158435873039
HIT 4 130606369201652033 464 10749060158435873039
HIT 4 130043414953656641 462 9938971017533906205
HIT 4 130606369202045249 464 9938971017533906205
HIT 4 130043414953853249 462 9850366568055361603
HIT 4 130606369202241857 464 9850366568055361603
HIT 4 130043414953984321 462 10840322130757531248
HIT 4 130606369202372929 464 10840322130757531248
HIT 4 130043414954115393 462 9380749548249749866
HIT 4 130606369202504001 464 9380749548249749866
HIT 4 130887848475492673 465 11408202499748384408
HIT 4 131732273405624641 468 10987208134871729398
HIT 4 135391448102863169 481 10721316205951687843
HIT 4 137080297963127105 487 10338156591483801106
HIT 4 139050622800101697 494 10303890392310261061
HIT 4 140739472660365633 500 9543781742994626775
HIT 4 141865372567208257 504 10489240845974652284
HIT 4 142146847543918913 505 10444978863894384614
HIT 4 130606377793749313 464 11291490742092679806
HIT 4 131732281995624769 468 10987208134871729398
HIT 4 135391456692863297 481 10721316205951687843
HIT 4 137080306553127233 487 10338156591483801106
HIT 4 139050631390101825 494 10303890392310261061
HIT 4 140739481250365761 500 9543781742994626775
HIT 4 141865381157208385 504 10489240845974652284
HIT 4 142146856133919041 505 10444978863894384614
HIT 4 131169336337170753 466 11291490742092679806
DONE data/q_adjacent.txt sz=4 range=[321,322) n=1107320 zero=0 4.1s
HIT 4 129761355854119233 461 13364236314867538389
HIT 4 130605780784251201 464 13122043011343700516
HIT 4 129479885172375873 460 12027868854132763237
HIT 4 130887844171481409 465 12093568713386141373
HIT 4 131169319148192065 466 13616469830833460065
HIT 4 129761364444119361 461 13364236314867538389
HIT 4 130605789374251329 464 13122043011343700516
HIT 4 130042843715797313 462 12880227713106986266
HIT 4 130605793669218625 464 11530285182610424950
HIT 4 130042860895666497 462 11897301764060455558
HIT 4 129479941007016257 460 13467199842736414244
HIT 4 129479945301983553 460 12529934338510784537
HIT 4 130042899550372161 462 12342103061086319361
HIT 4 130605853798760769 464 12589721459234101029
HIT 4 129761446048497985 461 13316738111636541063
HIT 4 130042921025208641 462 11539834398205329799
HIT 4 130605870978629953 464 12521802559556811621
HIT 4 130605883863531841 464 11622592047622683522
HIT 4 129480001136558401 460 13119971485525680151
HIT 4 129761476113269057 461 12756659105014260040
HIT 4 129480009726492993 460 13726852022185679329
HIT 4 129761484703203649 461 12325379212881876414
HIT 4 130042963974881601 462 12828364651976897943
HIT 4 130605918223270209 464 13439362176300381724
HIT 4 130605926813204801 464 12162857790678376468
HIT 4 129761506178040129 461 13225532004618676840
HIT 4 130042989744685377 462 12230427094346221929
HIT 4 129761527652876609 461 13558824478003041702
HIT 4 130043002629587265 462 13572658253510204001
HIT 4 129480056971133249 460 12767612049265285809
HIT 4 130605961172943169 464 11813657745242817442
HIT 4 129480065561067841 460 12023392252938695134
HIT 4 129761544832745793 461 12965417255332601795
HIT 4 130605986942746945 464 13321705644838667929
HIT 4 129480099920806209 460 11576274591150626047
HIT 4 129761574897516865 461 13684229897046421997
HIT 4 129480129985577281 460 12196984718750577578
HIT 4 130043110003769665 462 12690661312662655085
HIT 4 130606064252158273 464 13782958654145175342
HIT 4 129480168640282945 460 12417762388334661961
HIT 4 130043127183638849 462 12062730023932993928
HIT 4 130606085726994753 464 13740831077049974295
HIT 4 130043140068540737 462 12419076373961508178
HIT 4 129761673681764673 461 11882594141387827975
HIT 4 129761682271699265 461 11919563185758500367
HIT 4 130606111496798529 464 13513349197999861345
HIT 4 130043165838344513 462 12422563586359573700
HIT 4 129761716631437633 461 12392504333613019769
HIT 4 129761720926404929 461 12457499307821241096
HIT 4 129761729516339521 461 12905890115083474815
HIT 4 130043204493050177 462 12985732212368830060
HIT 4 129761733811306817 461 12631787723295170703
HIT 4 130606158741438785 464 12277608822359386660
HIT 4 130606193101177153 464 11895213882581063879
HIT 4 130606197396144449 464 12963759089460511012
HIT 4 129761776760979777 461 13523171484137324591
HIT 4 129480306079236417 460 11731502705668594981
HIT 4 129761781055947073 461 12203579839965799070
HIT 4 130043273212526913 462 12944066660874101168
HIT 4 130043277507494209 462 13600333640625848467
HIT 4 129480340438974785 460 13033697010800365160
HIT 4 129480344733942081 460 13778777653667697454
HIT 4 129761819710652737 461 11690643894577762705
HIT 4 129761828300587329 461 11910908668210943614
HIT 4 130606253230719297 464 11631610809487403414
HIT 4 130043307572265281 462 12139357008735704569
HIT 4 130606261820653889 464 13721564842261671958
HIT 4 130043320457167169 462 12637909625456620230
HIT 4 129480379093680449 460 11618426453035254048
HIT 4 129761858365358401 461 12236379579604473132
HIT 4 129480400568516929 460 12332392285745239888
HIT 4 130606300475359553 464 11872581819889772885
HIT 4 129480404863484225 460 13061755340411444089
HIT 4 130606309065294145 464 13802384385242906643
HIT 4 129480422043353409 460 13583302820742974755
HIT 4 130606326245163329 464 13393946873037618799
HIT 4 131169310558323009 466 12436791862962574448
HIT 4 131169314853290305 466 12318707206773579387
HIT 4 132013739783422273 469 11688124965328335467
HIT 4 132576689736843585 471 12789418635980096544
HIT 4 134828489550528833 479 12648787952066016326
HIT 4 138769139224478017 493 12930409624886851842
HIT 4 139613564154609985 496 12374556156114333325
HIT 4 140739464061452609 500 11998089443859133976
HIT 4 142146838945005889 505 12700450932124049434
HIT 4 143835688805269825 511 12619159630016368364
HIT 4 130043419241414977 462 12027868854132763237
HIT 4 130887844171546945 465 13319963068344787315
HIT 4 133421118961942849 474 12524917943468963276
HIT 4 130606373489803585 464 13500272781272542041
HIT 4 133139648280199489 473 12036918828850559390
HIT 4 133702598233620801 475 12497839831687603705
HIT 4 135109973117174081 480 13661707222243867370
HIT 4 143835697395204417 511 11552436664971722378
HIT 4 131169327738192193 466 13500272781272542041
HIT 4 134547031753687361 478 12798785118836595243
HIT 4 135672931660529985 482 12513195873396490302
HIT 4 139895056311189825 497 12241256893013523379
HIT 4 140739481241321793 500 12194485924408603742
HIT 4 141302431194743105 502 13643093113168623646
HIT 4 130043414946513217 462 13775403494459149697
HIT 4 130606369194901825 464 13775403494459149697
HIT 4 130043414946775361 462 12533144501498054078
HIT 4 130606369195163969 464 12533144501498054078
HIT 4 130043414947103041 462 12882949151334109298
HIT 4 130606369195491649 464 12882949151334109298
HIT 4 130043414947234113 462 12025236620313701302
HIT 4 130606369195622721 464 12025236620313701302
HIT 4 130043414947365185 462 12722770410587873407
HIT 4 130606369195753793 464 12722770410587873407
HIT 4 130043414947561793 462 13366739870040612372
HIT 4 130606369195950401 464 13366739870040612372
HIT 4 130043414947823937 462 12821263224828183866
HIT 4 130606369196212545 464 12821263224828183866
HIT 4 130043414949069121 462 12209059077817064597
HIT 4 130606369197457729 464 12209059077817064597
HIT 4 130043414949200193 462 12828575018492325766
HIT 4 130606369197588801 464 12828575018492325766
HIT 4 130043414949396801 462 12129190330210985758
HIT 4 130606369197785409 464 12129190330210985758
HIT 4 130043414949527873 462 13381510692837071441
HIT 4 130606369197916481 464 13381510692837071441
HIT 4 130043414949724481 462 13823410075449213154
HIT 4 130606369198113089 464 13823410075449213154
HIT 4 130043414949921089 462 13289535863464806903
HIT 4 130606369198309697 464 13289535863464806903
HIT 4 130043414950510913 462 12324471076546939154
HIT 4 130606369198899521 464 12324471076546939154
HIT 4 130043414950773057 462 13053387230236581525
HIT 4 130606369199161665 464 13053387230236581525
HIT 4 130043414951100737 462 13709130784259840306
HIT 4 130606369199489345 464 13709130784259840306
HIT 4 130043414952083777 462 13034563875528141182
HIT 4 130606369200472385 464 13034563875528141182
HIT 4 130043414953132353 462 13338877975056944709
HIT 4 130606369201520961 464 13338877975056944709
HIT 4 130043414953787713 462 11721774398156169357
HIT 4 130606369202176321 464 11721774398156169357
HIT 4 130043414954049857 462 13379744631831439713
HIT 4 130606369202438465 464 13379744631831439713
HIT 4 130043414954180929 462 12183088512913442563
HIT 4 130606369202569537 464 12183088512913442563
HIT 4 131450798428913985 467 13441044958372818857
HIT 4 134265548196020545 477 12328817844001516260
HIT 4 134547023172731201 478 12076159319331566950
HIT 4 130887852770459969 465 13441044958372818857
HIT 4 131450807018914113 467 13441044958372818857
HIT 4 134265556786020673 477 12328817844001516260
HIT 4 134547031762731329 478 12076159319331566950
DONE data/q_adjacent.txt sz=4 range=[321,322) n=1107320 zero=0 6.6s
HIT 4 129198410195665217 459 16052960565056471220
HIT 4 129761368739021121 461 15349774590848084480
HIT 4 130324889923092801 463 14080599740092394359
HIT 4 129761355854184769 461 14080599740092394359
HIT 4 129761360149152065 461 15349774590848084480
HIT 4 130605806554120513 464 15198756493420499170
HIT 4 130605810849087809 464 14032108690459894272
HIT 4 130605815144055105 464 15777125883086754846
HIT 4 130605819439022401 464 15997839779243075937
HIT 4 130605849503793473 464 15637241893634182427
HIT 4 129761428868628801 461 15643862144658098211
HIT 4 130042925320175937 462 14271358037916205244
HIT 4 130042929615143233 462 14325987710506022932
HIT 4 130042938205077825 462 16079750980623424848
HIT 4 129761467523334465 461 13977242956965153129
HIT 4 129479996841591105 460 14702654212330644131
HIT 4 130042951089979713 462 15586048143929344038
HIT 4 129761480408236353 461 14437881618851580212
HIT 4 129761514767974721 461 14460098681155046709
HIT 4 130605939698106689 464 15915991502875334742
HIT 4 130605943993073985 464 15379378687848912999
HIT 4 130605948288041281 464 14328218612374684164
HIT 4 130043015514489153 462 15813021913061499133
HIT 4 130605982647779649 464 15865660776916006000
HIT 4 129761566307582273 461 14802948121073161699
HIT 4 129480104215773505 460 16035551568086153308
HIT 4 130043084233965889 462 14691884302420919563
HIT 4 130606034187387201 464 15503848978914198008
HIT 4 129480142870479169 460 15045622673925090062
HIT 4 130043101413835073 462 14340212480034226633
HIT 4 129761635027059009 461 14352671796238698869
HIT 4 129761639322026305 461 14820295109928357452
HIT 4 130606072842092865 464 14795896427827334549
HIT 4 129480177230217537 460 14432158536977593772
HIT 4 129480181525184833 460 16051816745110416263
HIT 4 130043152953442625 462 14364331243533831556
HIT 4 129761690861633857 461 15847456716586067205
HIT 4 130606120086733121 464 15399816002391413238
HIT 4 130043174428279105 462 15024517984903214639
HIT 4 130606128676667713 464 15503866102280306970
HIT 4 129480237359759681 460 15412781077605583833
HIT 4 130606137266602305 464 13844869091129858753
HIT 4 129480241654726977 460 16122717625401008571
HIT 4 129480250244661569 460 15838184347966389112
HIT 4 129480267424530753 460 16105999101646942244
HIT 4 129761746696208705 461 15833323671180886525
HIT 4 129480301784269121 460 14289540195617409596
HIT 4 130043260327625025 462 15116525975676431216
HIT 4 129761789645881665 461 15736388480231031063
HIT 4 129480336144007489 460 15410991373398950818
HIT 4 130043286097428801 462 15980890571100359581
HIT 4 130043290392396097 462 15078665065643187359
HIT 4 129761836890521921 461 15686033297623302864
HIT 4 130606274705555777 464 14556183355943409341
HIT 4 130043359111872833 462 16057475232527528527
HIT 4 129761901315031361 461 14095231547854398479
HIT 4 128917497859735873 458 16036743695250367651
HIT 4 129480452108124481 460 16036743695250367651
HIT 4 129761931379802433 461 16052960565056471220
HIT 4 130043406356513089 462 15848219889283608084
HIT 4 130324881333223745 463 14415578779282866422
HIT 4 129761935674769729 461 14415578779282866422
HIT 4 133139639690264897 473 14737783590806493324
HIT 4 136517339410792769 485 14976325219567124864
HIT 4 137361764340924737 488 15201380329514773761
HIT 4 137643239317635393 489 15582892485565637581
HIT 4 137924714294346049 490 15381866136733959387
HIT 4 139050614201188673 494 14905811469625885121
HIT 4 139895039131320641 497 13967578546816937699
HIT 4 140176514108031297 498 15709518330359905178
HIT 4 140457989084741953 499 15000759749390768748
HIT 4 132013744078389569 469 15351982849642426440
HIT 4 132576694031810881 471 14120030042842555006
HIT 4 133139643985232193 473 14035533468875782868
HIT 4 136235868729049409 484 14960222577011436483
HIT 4 137643243612602689 489 15539001128727502753
HIT 4 137924718589313345 490 16054982124346784298
HIT 4 139895043426287937 497 14668919983747605914
HIT 4 132576698326778177 471 15733260508786687226
HIT 4 134265548187042113 477 15790317903264488730
HIT 4 135672923070595393 482 15895662074498642673
HIT 4 141583897581519169 503 14101512731572906745
HIT 4 142428322511651137 506 15987312840370623047
HIT 4 142709797488361793 507 15947200432224629339
HIT 4 142991272465072449 508 14915976280157907476
HIT 4 132013756963291457 469 15279942163682220730
HIT 4 135391456683819329 481 14145444653085475109
HIT 4 141865381148164417 504 14590045199976667872
HIT 4 131450811304837441 467 15279942163682220730
HIT 4 129479893762441537 460 14546697080996720402
HIT 4 130043419241546049 462 14546697080996720402
HIT 4 130043414947168577 462 14007379737861660127
HIT 4 130606369195557185 464 14007379737861660127
HIT 4 130043414947692865 462 15850014556341113068
HIT 4 130606369196081473 464 15850014556341113068
HIT 4 130043414949331265 462 16099504173021647341
HIT 4 130606369197719873 464 16099504173021647341
HIT 4 130043414949790017 462 14182543502043665071
HIT 4 130606369198178625 464 14182543502043665071
HIT 4 130043414950445377 462 14173570874924034793
HIT 4 130606369198833985 464 14173570874924034793
HIT 4 130043414951231809 462 14561603936350279649
HIT 4 130606369199620417 464 14561603936350279649
HIT 4 130043414952018241 462 15790037644257588635
HIT 4 130606369200406849 464 15790037644257588635
HIT 4 130043414952935745 462 15948238104662356845
HIT 4 130606369201324353 464 15948238104662356845
HIT 4 130043414953066817 462 14356804234333439901
HIT 4 130606369201455425 464 14356804234333439901
HIT 4 130043414954443073 462 15737241550839657061
HIT 4 130606369202831681 464 15737241550839657061
HIT 4 130043414955032897 462 14726208273081434814
HIT 4 130606369203421505 464 14726208273081434814
HIT 4 130043406365229377 462 14403008797433747600
HIT 4 130043414955229505 462 14403008797433747600
HIT 4 130606369203618113 464 14403008797433747600
HIT 4 130606373498782017 464 15050676198410402946
HIT 4 132295223359045953 470 16088447900017430522
HIT 4 133984073219309889 476 15270812111483293957
HIT 4 135672923079573825 482 15980584756098577961
HIT 4 136517348009705793 485 13961737613816110594
HIT 4 138769147823391041 493 14975340744786538344
HIT 4 143272747450761537 509 15157974266485636230
HIT 4 131169327747170625 466 15050676198410402946
HIT 4 132295231949046081 470 16088447900017430522
HIT 4 133984081809310017 476 15270812111483293957
HIT 4 135672931669573953 482 15980584756098577961
HIT 4 136517356599705921 485 13961737613816110594
HIT 4 138769156413391169 493 14975340744786538344
HIT 4 143272756040761665 509 15157974266485636230
HIT 4 131732294880526657 468 15050676198410402946
HIT 4 131732294880788801 468 16089742333000374100
DONE data/q_adjacent.txt sz=4 range=[321,322) n=1107320 zero=0 10.1s
HIT 4 130042835125797185 462 16712265854700351632
HIT 4 129479893762310465 460 17487246681670141565
HIT 4 130043419241349441 462 16943989238479040774
HIT 4 129479880877474113 460 16943989238479040774
HIT 4 129479885172441409 460 17487246681670141565
HIT 4 129479893762376001 460 18217178053530255161
HIT 4 129761368739086657 461 18324736674883002457
HIT 4 129761373034053953 461 16373672638465051349
HIT 4 130042848010764609 462 16613315231748486364
HIT 4 130605797964185921 464 16677546500616910494
HIT 4 130042852305731905 462 16635591058089543644
HIT 4 129479919532179777 460 16714082032005000569
HIT 4 130605823733989697 464 16599015415568696553
HIT 4 130042878075535681 462 17634981399674965566
HIT 4 130605836618891585 464 16543945887122605270
HIT 4 130042903845339457 462 16647748273057814390
HIT 4 129761433163596097 461 18437974744932788912
HIT 4 129479966776820033 460 17881786603520347562
HIT 4 129761450343465281 461 17739282857365697146
HIT 4 129479983956689217 460 17707908360522356063
HIT 4 130605888158499137 464 17632041885530866456
HIT 4 130605896748433729 464 17265166882810552587
HIT 4 130042959679914305 462 17615743828896833058
HIT 4 130605909633335617 464 16737225986048230406
HIT 4 129480018316427585 460 17649958957633662736
HIT 4 130042972564816193 462 17358703629294878101
HIT 4 130605931108172097 464 18328041152316458447
HIT 4 129761519062942017 461 17395668308286074813
HIT 4 130042994039652673 462 16989639037265687357
HIT 4 129480052676165953 460 16203054474635672772
HIT 4 129761531947843905 461 17044444773673205034
HIT 4 129761536242811201 461 17197731183782265390
HIT 4 130043019809456449 462 17383891831209787707
HIT 4 130605969762877761 464 17092347744731701123
HIT 4 129761553422680385 461 16187951082580757457
HIT 4 130605978352812353 464 17494888707661824785
HIT 4 129761562012614977 461 16656073284632852714
HIT 4 130043036989325633 462 17437560144054124322
HIT 4 129480091330871617 460 17186948713892495507
HIT 4 129480108510740801 460 17555879861704491259
HIT 4 130043062759129409 462 16249382332464104888
HIT 4 130043075644031297 462 16796896903231041073
HIT 4 129761617847189825 461 18185792356669499852
HIT 4 129480147165446465 460 17605030094654404330
HIT 4 129480151460413761 460 17615489431422106399
HIT 4 129761630732091713 461 16492683996315555763
HIT 4 129480160050348353 460 18070189632953687042
HIT 4 130043114298736961 462 17118225954975398347
HIT 4 130043131478606145 462 17325188330553449188
HIT 4 129761665091830081 461 17421743580926969778
HIT 4 129761677976731969 461 17459416123940481150
HIT 4 129480207294988609 460 16862962226870501638
HIT 4 129761686566666561 461 18249737122685846389
HIT 4 129480233064792385 460 17355736001009848147
HIT 4 129761708041503041 461 18085544711565086456
HIT 4 129761712336470337 461 18369555923051561783
HIT 4 130606141561569601 464 18317852589290776579
HIT 4 129761759581110593 461 16886197722043117684
HIT 4 130606184511242561 464 16954750752533493446
HIT 4 130043238852788545 462 17181673624852394190
HIT 4 130606188806209857 464 17158308004811815379
HIT 4 129761768171045185 461 17594318479682266723
HIT 4 130043243147755841 462 16562167398577918986
HIT 4 129480314669171009 460 17572049433959821282
HIT 4 129480327554072897 460 16841401174267888333
HIT 4 129761806825750849 461 16829348148138014472
HIT 4 129761815415685441 461 17918764433621651223
HIT 4 129480349028909377 460 16585876340785050555
HIT 4 129761824005620033 461 16849720802376038861
HIT 4 129480366208778561 460 16882887026604936293
HIT 4 130043333342069057 462 16686461934451353558
HIT 4 130043337637036353 462 16511255340945192051
HIT 4 129480391978582337 460 17907752424846607290
HIT 4 130606291885424961 464 17178280610307351291
HIT 4 129761879840194881 461 17989879983729048229
HIT 4 130043363406840129 462 18379941944568606892
HIT 4 130606313360261441 464 17484069723842293957
HIT 4 129761892725096769 461 16833014704864344384
HIT 4 129480426338320705 460 17813139674259707097
HIT 4 130606330540130625 464 18267295283370434275
HIT 4 129761914199933249 461 18138985405479173860
HIT 4 130043397766578497 462 16333272479325978987
HIT 4 130606356309934401 464 17313609113475620783
HIT 4 131732264806711617 468 16761381109048342379
HIT 4 134265539597107521 477 18315065700737550099
HIT 4 135672914480660801 482 18334188470956190586
HIT 4 135954389457371457 483 18310529405355480046
HIT 4 138206189271056705 491 16602291005715946671
HIT 4 142428313921716545 506 16414496180880935439
HIT 4 142991263875137857 508 17427351708449493566
HIT 4 134265543892074817 477 16602501856988183038
HIT 4 134828493845496129 479 18399072988603696278
HIT 4 135672918775628097 482 17798074036230388962
HIT 4 138206193566024001 491 18390471745726617908
HIT 4 138769143519445313 493 16257727873522942100
HIT 4 139050618496155969 494 18426086326224485152
HIT 4 141583893286551873 503 16959343705120586696
HIT 4 141865368263262529 504 17306945782270856180
HIT 4 142428318216683841 506 18160313848093082906
HIT 4 143272743146815809 509 16331207743539395394
HIT 4 134828498140463425 479 17259217134041440066
HIT 4 139613572744544577 496 17175987236101418846
HIT 4 140739472651387201 500 16208872986999766030
HIT 4 141020947628097857 501 17993114187845502354
HIT 4 130606377784770881 464 16712265854700351632
HIT 4 132295231940002113 470 18404975313747001916
HIT 4 132576706916712769 471 16986373198583874033
HIT 4 133702606823555393 475 16975353176809238141
HIT 4 137924731474215233 490 17181921723243907339
HIT 4 138769156404347201 493 16682390677630930741
HIT 4 139050631381057857 494 17229122951868106392
HIT 4 139332106357768513 495 17006645277789221610
HIT 4 141020956218032449 501 17731590571253183638
HIT 4 142146856124875073 505 18058036614440878692
HIT 4 130887844171678017 465 17674617447602007624
HIT 4 130043414946906433 462 18322499168216775397
HIT 4 130606369195295041 464 18322499168216775397
HIT 4 130043414947299649 462 16603348065414902145
HIT 4 130606369195688257 464 16603348065414902145
HIT 4 130043414947627329 462 17703886046538244952
HIT 4 130606369196015937 464 17703886046538244952
HIT 4 130043414947758401 462 17728110268564681003
HIT 4 130606369196147009 464 17728110268564681003
HIT 4 130043414947889473 462 17559646402816946954
HIT 4 130606369196278081 464 17559646402816946954
HIT 4 130043414948938049 462 16313904165207622583
HIT 4 130606369197326657 464 16313904165207622583
HIT 4 130043414950314305 462 17588988456270238405
HIT 4 130606369198702913 464 17588988456270238405
HIT 4 130043414950379841 462 16670168272012777471
HIT 4 130606369198768449 464 16670168272012777471
HIT 4 130043414950641985 462 17800621294218991559
HIT 4 130606369199030593 464 17800621294218991559
HIT 4 130043414950904129 462 16788238647166339432
HIT 4 130606369199292737 464 16788238647166339432
HIT 4 130043414951625025 462 16576256270023776336
HIT 4 130606369200013633 464 16576256270023776336
HIT 4 130043414951952705 462 17279221712265257787
HIT 4 130606369200341313 464 17279221712265257787
HIT 4 130043414952149313 462 16957560661922201809
HIT 4 130606369200537921 464 16957560661922201809
HIT 4 130043414952280385 462 17650121449363141846
HIT 4 130606369200668993 464 17650121449363141846
HIT 4 130043414952870209 462 16913558551749074156
HIT 4 130606369201258817 464 16913558551749074156
HIT 4 130043414953328961 462 16667484316617754935
HIT 4 130606369201717569 464 16667484316617754935
HIT 4 130043414953394497 462 17344233375890040806
HIT 4 130606369201783105 464 17344233375890040806
HIT 4 130043414953525569 462 17844528653236204058
HIT 4 130606369201914177 464 17844528653236204058
HIT 4 130043414953918785 462 17358050950923702907
HIT 4 130606369202307393 464 17358050950923702907
HIT 4 130043414954639681 462 18237516301062741766
HIT 4 130606369203028289 464 18237516301062741766
HIT 4 130043414954705217 462 17030936809655992162
HIT 4 130606369203093825 464 17030936809655992162
HIT 4 130043414954836289 462 18290413634495768126
HIT 4 130606369203224897 464 18290413634495768126
HIT 4 130043414954901825 462 18424194004715854182
HIT 4 130606369203290433 464 18424194004715854182
HIT 4 132013748382335297 469 17944352693978680841
HIT 4 134828498149441857 479 17915816863133569737
HIT 4 139613572753523009 496 17000492952008398904
HIT 4 130606377793814849 464 16323186534287701180
HIT 4 132013756972335425 469 17944352693978680841
HIT 4 134828506739441985 479 17915816863133569737
HIT 4 139613581343523137 496 17000492952008398904
HIT 4 131450811313881409 467 17944352693978680841
DONE data/q_adjacent.txt sz=4 range=[321,322) n=1107320 zero=0 6.2s
