HIT 1 87 87 14450767011153874283
HIT 1 161 161 968900023162273091
HIT 1 177 177 15668232387735515608
HIT 1 412 412 5294381966636287006
HIT 1 427 427 14643036892129276417
DONE data/p_halfN.txt sz=1 range=[0,512) n=512 zero=0 0.0s
HIT 2 10551381 161 4726249537459505359
HIT 2 11599957 177 15205976085247570011
HIT 2 27000917 412 5351051996026784506
HIT 2 27983957 427 16649428211794291446
HIT 2 5832790 89 14450767011153874283
HIT 2 10551382 161 10450028587389795592
HIT 2 11599958 177 17868880804979034034
HIT 2 27000918 412 9631320874103102725
HIT 2 27983958 427 7847998344532967049
HIT 2 10420311 159 695185657107289059
HIT 2 10485847 160 15573008551392995717
HIT 2 10551383 161 7808310647382837172
HIT 2 10682455 163 11033023766845440639
HIT 2 11468887 175 10921991405638044956
HIT 2 11534423 176 5603633460235374925
HIT 2 11599959 177 14676270736744105329
HIT 2 11731031 179 16515098671193858576
HIT 2 10551385 161 8100352631862813769
HIT 2 11599961 177 17332930470891021751
HIT 2 27000921 412 17624859152392809844
HIT 2 27983961 427 16797659476731906177
HIT 2 26869847 410 243835186277168910
HIT 2 27000919 412 10430427265541915482
HIT 2 27066455 413 17574509305075885754
HIT 2 27131991 414 5970502694240881332
HIT 2 27852887 425 13471983664764934339
HIT 2 27918423 426 9029177879705933535
HIT 2 27983959 427 13088296632621079200
HIT 2 28115031 429 11362835084480313802
HIT 2 11600031 177 12407794510727226323
HIT 2 10682528 163 968900023162273091
HIT 2 11600032 177 2680349840053197831
HIT 2 27000991 412 2825928320812350517
HIT 2 27984031 427 16162415132735226765
HIT 2 11468961 175 3074895189968775684
HIT 2 11534497 176 2362625977532312813
HIT 2 11600033 177 17139967828938070681
HIT 2 11731105 179 8186280914538916984
HIT 2 27000992 412 17832257147490953559
HIT 2 27984032 427 364294178427930908
HIT 2 26869921 410 3853125838177347869
HIT 2 27000993 412 15300657865730367497
HIT 2 27066529 413 6909946953770205276
HIT 2 27132065 414 9095292956967248836
HIT 2 27852961 425 13074401422496977381
HIT 2 27918497 426 14697952652496808314
HIT 2 27984033 427 15039862524171617923
HIT 2 28115105 429 5886842901633681613
HIT 2 11600035 177 12671712018692648019
HIT 2 27000995 412 1584417610263080737
HIT 2 27984035 427 6954591424315219007
HIT 2 27001007 412 11920163621732418503
HIT 2 27984047 427 13638159244287614029
HIT 2 11731120 179 15668232387735515608
HIT 2 27001008 412 12044642945722825217
HIT 2 27984048 427 2446286513403812474
HIT 2 26869937 410 3540561840519486421
HIT 2 27001009 412 16924924875908933257
HIT 2 27066545 413 4348022152723891059
HIT 2 27132081 414 12709394429223210623
HIT 2 27852977 425 15164796159843417753
HIT 2 27918513 426 7850939850005050417
HIT 2 27984049 427 14767106656799626996
HIT 2 28115121 429 10156135253020617694
HIT 2 27001011 412 1541196612709447141
HIT 2 27984051 427 8979535304275193368
HIT 2 27984282 427 12217592998147313123
HIT 2 27853212 425 14822839298894257788
HIT 2 27918748 426 14999592640188993103
HIT 2 27984284 427 10270392375492892322
HIT 2 28115356 429 16097760572054135592
HIT 2 27132317 414 5294381966636287006
HIT 2 27984285 427 2875295449795919761
HIT 2 27984286 427 2026596522056855873
HIT 2 28115370 429 14643036892129276417
DONE data/p_halfN.txt sz=2 range=[0,512) n=130560 zero=0 0.4s
HIT 3 691495436288 161 17358469329992467787
HIT 3 760214913024 177 2371574534713272463
HIT 3 1769532227584 412 8544826350257609776
HIT 3 1833956737024 427 9930498181785019167
HIT 3 691495436289 161 16757716167875177486
HIT 3 760214913025 177 14257740042351528674
HIT 3 691495436291 161 11071504521496466749
HIT 3 760214913027 177 4276671220370874372
HIT 3 1769532227587 412 4977476327747514905
HIT 3 1833956737027 427 10870176927661915170
HIT 3 1769532227585 412 16425293474422469812
HIT 3 1833956737025 427 2416030705173993368
HIT 3 691495436290 161 11376800299360273764
HIT 3 760214913026 177 18305199535807774996
HIT 3 1769532227586 412 401239555729065856
HIT 3 1833956737026 427 16780921615051766983
HIT 3 760219762689 177 4129106012740893388
HIT 3 1769537077249 412 18088277301658476523
HIT 3 1833961586689 427 16697379296427890623
HIT 3 760219762688 177 8236731137690652614
HIT 3 1769537077248 412 5787203890833959804
HIT 3 1833961586688 427 7598929124161757197
HIT 3 1769538125825 412 8728285096819542569
HIT 3 1833962635265 427 1569804447253895532
HIT 3 760219762691 177 7013109952889826542
HIT 3 1769537077251 412 16493244480109002088
HIT 3 1833961586691 427 8578593489166245535
HIT 3 1769538125824 412 14316395967002899984
HIT 3 1833962635264 427 16357100369036426779
HIT 3 1769538125827 412 8468383956268546982
HIT 3 1833962635267 427 8647545720376093505
HIT 3 760219762690 177 14688934278700022649
HIT 3 1769537077250 412 9809634481454026155
HIT 3 1833961586690 427 14965814869929583599
HIT 3 1769538125826 412 7987109506495290855
HIT 3 1833962635266 427 2754498917866700819
HIT 3 1833978036225 427 5630179791067370728
HIT 3 1833978036226 427 7631021569131901172
HIT 3 1833978036224 427 2797501511207793323
HIT 3 1833978036227 427 18170982341106671900
HIT 3 691495436293 161 12645585730394382081
HIT 3 760214913029 177 17389936853005492353
HIT 3 1769532227589 412 5381667375965470521
HIT 3 1833956737029 427 14182436246261924490
HIT 3 760219762693 177 6043555412510042236
HIT 3 1769537077253 412 16977327861953224052
HIT 3 1833961586693 427 427536721348006969
HIT 3 1769538125829 412 868748377573901277
HIT 3 1833962635269 427 2883390273742918999
HIT 3 691495436292 161 16447965397203000818
HIT 3 760214913028 177 1383499402986450192
HIT 3 1769532227588 412 1955960701660675951
HIT 3 1833956737028 427 8674347080957143208
HIT 3 691495436294 161 3446629887066229288
HIT 3 760214913030 177 13858260387447963316
HIT 3 691495436295 161 5493589992547698938
HIT 3 760214913031 177 6598142259045321175
HIT 3 1769532227591 412 3462460530337208911
HIT 3 1833956737031 427 12272048601013047948
HIT 3 1769532227590 412 6739544225755072305
HIT 3 1833956737030 427 8080920246148631594
HIT 3 1833978036229 427 5414710554604036442
HIT 3 760219762692 177 18395723274431008924
HIT 3 1769537077252 412 12910892976388813999
HIT 3 1833961586692 427 11963070344914358969
HIT 3 760219762694 177 11482929731153020596
HIT 3 1769537077254 412 18304583867719944596
HIT 3 1833961586694 427 2326899538439450685
HIT 3 760219762695 177 1431162806129407933
HIT 3 1769537077255 412 5138567319392560465
HIT 3 1833961586695 427 4829736820239027905
HIT 3 1769538125828 412 10459196194846587677
HIT 3 1833962635268 427 17800024197261182574
HIT 3 691495436296 161 15417193827467145824
HIT 3 760214913032 177 7886829039064503730
HIT 3 1769532227592 412 2853235659952911070
HIT 3 1833956737032 427 3810824811387535744
HIT 3 1769538125830 412 4660717281167751299
HIT 3 1833962635270 427 11936122486537853084
HIT 3 1769538125831 412 466272818030695702
HIT 3 1833962635271 427 5998347407149985827
HIT 3 760219762696 177 17463156677196512584
HIT 3 1769537077256 412 11974688774965094478
HIT 3 1833961586696 427 3679561860794296364
HIT 3 1769538125832 412 2197457004190812440
HIT 3 1833962635272 427 2889253811648807147
HIT 3 1833978036228 427 12837794018530812090
HIT 3 1833978036231 427 15723781146831171156
HIT 3 1833978036230 427 14370854342756855737
HIT 3 1833978036232 427 5038014908969021788
HIT 3 691495436297 161 4224938372160808303
HIT 3 760214913033 177 9808467503596541652
HIT 3 691495436298 161 5726389715512771824
HIT 3 760214913034 177 16318494349318863260
HIT 3 1769532227594 412 29057545588081108
HIT 3 1833956737034 427 3940528298138884607
HIT 3 1769532227593 412 2799889169304226143
HIT 3 1833956737033 427 9082216112395263714
HIT 3 691495436299 161 1954872918130348431
HIT 3 760214913035 177 9617852611394730799
HIT 3 1769532227595 412 6686394423252843893
HIT 3 1833956737035 427 751308461786383718
HIT 3 760219762697 177 15772468715689259656
HIT 3 1769537077257 412 17192328475854243872
HIT 3 1833961586697 427 6675735909848094736
HIT 3 691495436300 161 2171935999326839434
HIT 3 760214913036 177 5714878791863807456
HIT 3 760219762698 177 3184943071113850485
HIT 3 1769532227596 412 4824703610896849295
HIT 3 1833956737036 427 1934020737354132090
HIT 3 1769537077258 412 16020030669703237845
HIT 3 1833961586698 427 16459393635987732636
HIT 3 760219762699 177 16168080116230989233
HIT 3 1769537077259 412 16416034271230937657
HIT 3 1833961586699 427 5520199746896683985
HIT 3 1769538125833 412 9769136800855041908
HIT 3 1833962635273 427 9760466640038078596
HIT 3 1769538125834 412 6514854211800495006
HIT 3 1833962635274 427 15460916241410293526
HIT 3 1769538125835 412 17406897661590695423
HIT 3 1833962635275 427 12366933601988214045
HIT 3 760219762700 177 8973707776725361965
HIT 3 1769537077260 412 1535489180670575649
HIT 3 1833961586700 427 3771666590232969118
HIT 3 1769538125836 412 2125783626767707690
HIT 3 1833962635276 427 11833225668310067955
HIT 3 1833978036233 427 16382724067409379496
HIT 3 1833978036235 427 9085973160462031330
HIT 3 1833978036234 427 4420131121084249804
HIT 3 1833978036236 427 6744454345727409840
HIT 3 691495436302 161 2113121315957228625
HIT 3 760214913038 177 12395916996614450663
HIT 3 1769532227598 412 16700073269534247393
HIT 3 1833956737038 427 8193759223231825341
HIT 3 691495436301 161 13588466159181994607
HIT 3 760214913037 177 9480734692519178566
HIT 3 1769532227597 412 6716163241203245083
HIT 3 1833956737037 427 14985179016136846328
HIT 3 691495436303 161 17450621301424007713
HIT 3 760214913039 177 3261306200818619670
HIT 3 1769532227599 412 9787977367410695469
HIT 3 1833956737039 427 8400604573927841353
HIT 3 691495436304 161 8193794508373972084
HIT 3 760214913040 177 12999938652266281154
HIT 3 1769532227600 412 5507567019256505339
HIT 3 1833956737040 427 9248939056999441678
HIT 3 760219762702 177 5425744528086924050
HIT 3 1769537077262 412 13862191896181504194
HIT 3 1833961586702 427 446921301646530153
HIT 3 760219762701 177 13448188802364381571
HIT 3 1769537077261 412 2733302160437518652
HIT 3 1833961586701 427 15927968708816081328
HIT 3 760219762703 177 16115057222516313120
HIT 3 1769537077263 412 2221930526417700514
HIT 3 1833961586703 427 800539293930545182
HIT 3 1769538125838 412 8173250641134011626
HIT 3 1833962635278 427 6069540547765659996
HIT 3 1769538125837 412 16740361789776843139
HIT 3 1833962635277 427 13744047908341210426
HIT 3 1769538125839 412 7826287866482211504
HIT 3 1833962635279 427 8402022647450153349
HIT 3 760219762704 177 18359719333232110380
HIT 3 1769537077264 412 1452062379717236161
HIT 3 1833961586704 427 11723485107803845054
HIT 3 1769538125840 412 8813501756134784792
HIT 3 1833962635280 427 1250606137287516353
HIT 3 1833978036237 427 15580468380377858467
HIT 3 1833978036239 427 12905858898195203767
HIT 3 1833978036238 427 8861762477086810101
HIT 3 691495436305 161 13306309963311637682
HIT 3 760214913041 177 122113385100593140
HIT 3 1769532227601 412 14469334129926490509
HIT 3 1833956737041 427 5690049407502621881
HIT 3 691495436306 161 13233564307037835816
HIT 3 760214913042 177 8862550825941436119
HIT 3 1769532227602 412 11494616642689979818
HIT 3 1833956737042 427 8194271973857428494
HIT 3 1833978036240 427 4645693218701033547
HIT 3 691495436307 161 14353366388539624954
HIT 3 760214913043 177 15615501658771590015
HIT 3 1769532227603 412 2915419194524247361
HIT 3 1833956737043 427 571678124733541526
HIT 3 760219762705 177 8418606067485068725
HIT 3 1769537077265 412 159763054673056090
HIT 3 1833961586705 427 4000499244714330635
HIT 3 760219762706 177 2148990809965264545
HIT 3 1769537077266 412 2886584446666310903
HIT 3 1833961586706 427 17616623292621450628
HIT 3 760219762707 177 1303071675362236120
HIT 3 1769537077267 412 17414324532044979498
HIT 3 1833961586707 427 16101178481099682567
HIT 3 1769538125841 412 3821116052857807188
HIT 3 1833962635281 427 11745390323234811152
HIT 3 1769538125842 412 1494239250507083055
HIT 3 1833962635282 427 11296617432992790321
HIT 3 1769538125843 412 15985503197332828314
HIT 3 1833962635283 427 1051049344094793980
HIT 3 691495436308 161 13684992470195199113
HIT 3 760214913044 177 15468548135407138311
HIT 3 1769532227604 412 10644099868626400845
HIT 3 1833956737044 427 9213991884178601529
HIT 3 760219762708 177 1913898624571898010
HIT 3 1769537077268 412 11482516919825851309
HIT 3 1833961586708 427 1553961472701422366
HIT 3 1769538125844 412 6272280945449814994
HIT 3 1833962635284 427 3742561324749899071
HIT 3 1833978036242 427 9303002316577089329
HIT 3 1833978036243 427 12874527424695910557
HIT 3 1833978036241 427 8001958208724310792
HIT 3 691495436310 161 3922423269949058611
HIT 3 760214913046 177 1088105336639464314
HIT 3 691495436311 161 15150836552355232295
HIT 3 760214913047 177 17026536492895357276
HIT 3 1769532227607 412 7791095007449360373
HIT 3 1833956737047 427 3493689035711521519
HIT 3 691495436309 161 11815251212180951692
HIT 3 760214913045 177 8726881297723072209
HIT 3 1769532227605 412 3673207841812204455
HIT 3 1833956737045 427 14572426146512669199
