HIT 1 312 312 6102103347254819487
HIT 1 321 321 5126506347785562572
HIT 1 365 365 5517021973606635284
HIT 1 441 441 13222655674928986648
HIT 1 464 464 7286160719727230100
DONE data/p_a0F.txt sz=1 range=[0,512) n=512 zero=0 0.0s
HIT 2 21037366 321 2485837226251679552
HIT 2 23920950 365 10674947666085928187
HIT 2 28901686 441 2718879824157947197
HIT 2 30409014 464 7914181954059887364
HIT 2 20906296 319 3783600542934256060
HIT 2 20971832 320 1816149734642224688
HIT 2 21037368 321 712965247782641905
HIT 2 21168440 323 7919646771401665360
HIT 2 23789880 363 6396725952747559305
HIT 2 23855416 364 15564885069182920784
HIT 2 23920952 365 11984027917471752701
HIT 2 24052024 367 14283045970374822114
HIT 2 28770616 439 688140182661512419
HIT 2 28836152 440 10408062510052957993
HIT 2 28901688 441 10571086807781410034
HIT 2 29032760 443 14373171803760597954
HIT 2 30277944 462 17349814580857987587
HIT 2 30409016 464 10281508767388520916
HIT 2 30474552 465 17491760806281362522
HIT 2 20578617 314 6102103347254819487
HIT 2 30540088 466 8871312956058698249
HIT 2 21037369 321 6474239254588385268
HIT 2 23920953 365 16437291398663244934
HIT 2 21037370 321 5811384811213378659
HIT 2 23920954 365 7475421689226115601
HIT 2 28901689 441 11907526707040378988
HIT 2 28901690 441 13594491561422340689
HIT 2 30409018 464 3100504786921059408
HIT 2 30409017 464 4145920486464825482
HIT 2 21168448 323 5126506347785562572
HIT 2 23920959 365 7940067440106792919
HIT 2 23920960 365 3947042673867550687
HIT 2 28901695 441 11316407533682812536
HIT 2 28901696 441 4028684293952577426
HIT 2 30409024 464 6527543919430937110
HIT 2 30409023 464 3798380856224628564
HIT 2 23789889 363 16917956804728703159
HIT 2 23855425 364 2719128850232909491
HIT 2 23920961 365 2715739309294285879
HIT 2 24052033 367 18046586949400258202
HIT 2 28770625 439 11359391042138561010
HIT 2 28836161 440 11907959693114600433
HIT 2 28901697 441 6661548422405271931
HIT 2 29032769 443 14346421080998225984
HIT 2 30277953 462 14659945420561200698
HIT 2 30409025 464 15351722475794034488
HIT 2 30474561 465 1912063419167478979
HIT 2 30540097 466 17177993495947405901
HIT 2 23920963 365 17719154654339899769
HIT 2 28901699 441 12335540251967527840
HIT 2 30409027 464 17755244779095171805
HIT 2 28901739 441 12461488500191421794
HIT 2 24052076 367 5517021973606635284
HIT 2 30409067 464 2761618081539801888
HIT 2 28901740 441 8691597312158941167
HIT 2 30409068 464 16519086054176083459
HIT 2 28770669 439 10459450396885084063
HIT 2 28836205 440 9953271513984234874
HIT 2 28901741 441 11708081751909376301
HIT 2 29032813 443 4239237914910856106
HIT 2 30277997 462 442132917255548330
HIT 2 30409069 464 12854963598258744585
HIT 2 30474605 465 6900254814453077332
HIT 2 30540141 466 3221141060369234038
HIT 2 28901743 441 10085601274006126786
HIT 2 30409071 464 1845609090189565039
HIT 2 30409143 464 2394304665741445299
HIT 2 29032888 443 13222655674928986648
HIT 2 30409144 464 8622273714063688473
HIT 2 30278073 462 2566342708211378391
HIT 2 30409145 464 18080357034991839431
HIT 2 30474681 465 15161791948358614903
HIT 2 30540217 466 521236030398250246
HIT 2 30409147 464 17558879549704684839
HIT 2 30540241 466 7286160719727230100
DONE data/p_a0F.txt sz=2 range=[0,512) n=130560 zero=0 0.3s
HIT 3 1378704949250 321 3049575919078230952
HIT 3 1567683510274 365 16917948445617429533
HIT 3 1894101024770 441 16228002290475991574
HIT 3 1992885272578 464 9847740397751580793
HIT 3 1567684100098 365 6873342530853558460
HIT 3 1894101614594 441 10872284420441802803
HIT 3 1992885862402 464 13150764302720880829
HIT 3 1894104498178 441 13825415225631081921
HIT 3 1992888745986 464 10002241615739940463
HIT 3 1992893726722 464 5972354585954918613
HIT 3 1378704949251 321 15459649611929746253
HIT 3 1567683510275 365 13005247176252927306
HIT 3 1894101024771 441 18220811854046561477
HIT 3 1992885272579 464 10928476998883794851
HIT 3 1567684100099 365 3004900381000802930
HIT 3 1378704949249 321 5249331078423559434
HIT 3 1567683510273 365 8169884496024642425
HIT 3 1894101024769 441 14660597646086651425
HIT 3 1992885272577 464 10319448723056505477
HIT 3 1378704949248 321 1959111056817457483
HIT 3 1567683510272 365 14809733044596941625
HIT 3 1894101024768 441 16892593819023580173
HIT 3 1992885272576 464 1743776452382495573
HIT 3 1894101614595 441 13359103261857860043
HIT 3 1992885862403 464 13218127869119488243
HIT 3 1567684100097 365 5803876881965967210
HIT 3 1894101614593 441 18277237570575878737
HIT 3 1992885862401 464 3943151696813153558
HIT 3 1567684100096 365 107832658005494941
HIT 3 1894101614592 441 10238610464060131098
HIT 3 1992885862400 464 10064873965684374414
HIT 3 1894104498179 441 6701672157488407168
HIT 3 1992888745987 464 255182285929498289
HIT 3 1894104498176 441 13848165783241236291
HIT 3 1992888745984 464 1595696085007159473
HIT 3 1894104498177 441 13547866919881630876
HIT 3 1992888745985 464 14369843003729798992
HIT 3 1992893726723 464 8311861367539981064
HIT 3 1992893726720 464 10621103258164843959
HIT 3 1992893726721 464 1621138451342587220
HIT 3 1378704949252 321 2406055009178136196
HIT 3 1567683510276 365 2896902407009316752
HIT 3 1894101024772 441 9359285867366239658
HIT 3 1992885272580 464 14772027490351263844
HIT 3 1567684100100 365 3076274292933278093
HIT 3 1894101614596 441 9123055816924043881
HIT 3 1992885862404 464 5693102536095239172
HIT 3 1894104498180 441 12285187724612513668
HIT 3 1992888745988 464 2262232725530184472
HIT 3 1992893726724 464 187904211245746702
HIT 3 1378704949254 321 10557752712254421864
HIT 3 1567683510278 365 9874400037978240681
HIT 3 1894101024774 441 16214854408244502403
HIT 3 1992885272582 464 12991275047599720104
HIT 3 1567684100102 365 8072233332291020358
HIT 3 1894101614598 441 9531800885920555804
HIT 3 1992885862406 464 6864229528889698902
HIT 3 1378704949255 321 7334727269335644692
HIT 3 1567683510279 365 8537409605733212694
HIT 3 1894101024775 441 66640544175840940
HIT 3 1992885272583 464 9968885131443806786
HIT 3 1567684100103 365 10590388438912663146
HIT 3 1894101614599 441 8117326082143419130
HIT 3 1992885862407 464 16267166819892334275
HIT 3 1378704949253 321 12033001091795067268
HIT 3 1567683510277 365 5093549924106712271
HIT 3 1894101024773 441 2926915596861484623
HIT 3 1992885272581 464 2967620598177120335
HIT 3 1567684100101 365 9031488837253892119
HIT 3 1894101614597 441 13292978659147803316
HIT 3 1992885862405 464 3141606233339131336
HIT 3 1894104498181 441 11093681185753979219
HIT 3 1992888745989 464 9285066985578127804
HIT 3 1894104498183 441 4991093302204353821
HIT 3 1992888745991 464 16239520076171844037
HIT 3 1894104498182 441 14575699030755590654
HIT 3 1992888745990 464 9460729730248649394
HIT 3 1992893726726 464 10713146472044809983
HIT 3 1992893726727 464 14767725123019296501
HIT 3 1992893726725 464 5678642833508276733
HIT 3 1378704949258 321 6733557712834692431
HIT 3 1567683510282 365 10669487386920816234
HIT 3 1894101024778 441 11530113204906451534
HIT 3 1992885272586 464 16315259212473780163
HIT 3 1567684100106 365 5647919412720113879
HIT 3 1894101614602 441 428684249635806295
HIT 3 1992885862410 464 12579639418666974969
HIT 3 1894104498186 441 13640963797622516281
HIT 3 1992888745994 464 13882446513404126501
HIT 3 1378704949256 321 4598799909391647557
HIT 3 1567683510280 365 5525939941216819976
HIT 3 1894101024776 441 8266792573031862451
HIT 3 1992885272584 464 3826869782690887068
HIT 3 1567684100104 365 4556389395737375512
HIT 3 1894101614600 441 1765655842204499682
HIT 3 1992885862408 464 15297802699815255058
HIT 3 1378704949257 321 14651799472097494611
HIT 3 1567683510281 365 14290375031430460064
HIT 3 1894101024777 441 9914451166115407120
HIT 3 1992885272585 464 75851095780879916
HIT 3 1992893726730 464 3933810742451454439
HIT 3 1567684100105 365 18379851846641801736
HIT 3 1894101614601 441 15726413367970532661
HIT 3 1992885862409 464 9012591373537657944
HIT 3 1378704949259 321 14174591688145946708
HIT 3 1567683510283 365 566363635490547324
HIT 3 1894101024779 441 17673770664347591159
HIT 3 1992885272587 464 6018636453478611651
HIT 3 1567684100107 365 5134736280043215192
HIT 3 1894101614603 441 10314786670236282447
HIT 3 1992885862411 464 2363834802084365643
HIT 3 1894104498185 441 18155764795746374687
HIT 3 1992888745993 464 17958856943066591298
HIT 3 1894104498184 441 12267049917701379195
HIT 3 1992888745992 464 10440791906117718984
HIT 3 1894104498187 441 15211736346029162429
HIT 3 1992888745995 464 16616083049180868
HIT 3 1992893726728 464 17079866641537984550
HIT 3 1992893726729 464 13250914987212062513
HIT 3 1992893726731 464 10149816654486341061
HIT 3 1378704949260 321 1627222673496854960
HIT 3 1567683510284 365 8570520270889712295
HIT 3 1894101024780 441 9483463141605205830
HIT 3 1992885272588 464 13217031367458157666
HIT 3 1567684100108 365 7488639170163618310
HIT 3 1894101614604 441 862686299240183826
HIT 3 1992885862412 464 10263639991573591672
HIT 3 1894104498188 441 11535885643349991089
HIT 3 1992888745996 464 7744331218760611913
HIT 3 1992893726732 464 16743342428652481487
HIT 3 1378704949261 321 13181229107750674103
HIT 3 1567683510285 365 16240522972024728535
HIT 3 1894101024781 441 17332777694552199915
HIT 3 1992885272589 464 13042870516971157055
HIT 3 1378704949263 321 12689038301910745784
HIT 3 1567683510287 365 7749372711339243099
HIT 3 1894101024783 441 15108177721711500786
HIT 3 1992885272591 464 13951843255362602715
HIT 3 1567684100111 365 11416440707101487009
HIT 3 1894101614607 441 1542959877563815150
HIT 3 1992885862415 464 10264602332977718239
HIT 3 1567684100109 365 1528765425420014613
HIT 3 1894101614605 441 11535030087513938621
HIT 3 1992885862413 464 13489848121401557883
HIT 3 1894104498191 441 17656289464548653535
HIT 3 1992888745999 464 599450979774113337
HIT 3 1378704949262 321 2165403975071542876
HIT 3 1567683510286 365 7304393843308966685
HIT 3 1894101024782 441 18293093327130184663
HIT 3 1992885272590 464 6464515601763554324
HIT 3 1894104498189 441 8985920062651547009
HIT 3 1992888745997 464 10351176750128247253
HIT 3 1567684100110 365 16026776454913695402
HIT 3 1894101614606 441 9966185347926200145
HIT 3 1992885862414 464 10008409606443958430
HIT 3 1894104498190 441 10146321141160148970
HIT 3 1992888745998 464 1053256384727323375
HIT 3 1992893726735 464 4974181657226631793
HIT 3 1992893726733 464 3894964168286950470
HIT 3 1992893726734 464 6841255970920494903
HIT 3 1378704949264 321 13465684127625253984
HIT 3 1567683510288 365 1814738118639266498
HIT 3 1894101024784 441 4417543792833705543
HIT 3 1992885272592 464 342673200397648505
HIT 3 1567684100112 365 1835387907575636529
HIT 3 1894101614608 441 8370354507424148667
HIT 3 1992885862416 464 15846207884133594558
HIT 3 1378704949267 321 7475987561770578261
HIT 3 1567683510291 365 10127169640981144211
HIT 3 1894101024787 441 3969931792922314046
HIT 3 1992885272595 464 2541091241648706038
HIT 3 1567684100115 365 3503469345379691412
HIT 3 1894101614611 441 18200441937399246843
HIT 3 1992885862419 464 3971256343050294128
HIT 3 1894104498192 441 4036062641251165358
HIT 3 1992888746000 464 11402122726049074382
HIT 3 1894104498195 441 15223902870510159669
HIT 3 1992888746003 464 5126213459376470999
HIT 3 1992893726736 464 8016292704879941163
HIT 3 1992893726739 464 5622775529983440638
HIT 3 1378704949265 321 16383560291716565950
HIT 3 1567683510289 365 1463207099927934163
HIT 3 1894101024785 441 11147623521635931070
HIT 3 1992885272593 464 17846626371841533090
HIT 3 1567684100113 365 5151563181272713319
HIT 3 1894101614609 441 17179923081373496094
HIT 3 1992885862417 464 16152581446894742724
HIT 3 1378704949266 321 2579186621508195684
HIT 3 1567683510290 365 7112570902246382457
HIT 3 1894101024786 441 5357270188554215700
HIT 3 1992885272594 464 4499607876396309200
HIT 3 1567684100114 365 2020004552303294364
HIT 3 1894101614610 441 4359118734610268113
HIT 3 1992885862418 464 4178098705541854830
HIT 3 1894104498194 441 6332222916995574096
HIT 3 1992888746002 464 17522214518824568665
HIT 3 1894104498193 441 14368393077180559744
HIT 3 1992888746001 464 7345360661618050115
HIT 3 1992893726738 464 9644218416038980643
HIT 3 1992893726737 464 9380630414831483246
HIT 3 1378704949269 321 14983216067756709975
HIT 3 1567683510293 365 5497032928601004988
HIT 3 1894101024789 441 12798382317950633995
HIT 3 1992885272597 464 6858441651476716991
HIT 3 1378704949268 321 6618592873235155431
HIT 3 1567683510292 365 5537882629419273720
HIT 3 1894101024788 441 15346841167779858940
HIT 3 1992885272596 464 13758094220607424036
HIT 3 1567684100117 365 5314525845870864696
HIT 3 1894101614613 441 2922536428667615781
HIT 3 1992885862421 464 17681549421747707288
HIT 3 1567684100116 365 366670605422600513
HIT 3 1894101614612 441 16641487358776326398
HIT 3 1992885862420 464 3009874822790718675
HIT 3 1894104498197 441 9569699977792588335
HIT 3 1992888746005 464 15670356713415583105
HIT 3 1894104498196 441 13056552177942995215
HIT 3 1992888746004 464 9727231281082836001
HIT 3 1992893726741 464 6064654308170553589
HIT 3 1992893726740 464 5387555323849298449
HIT 3 1378704949271 321 2987508825615632100
HIT 3 1567683510295 365 4502581028170496820
HIT 3 1894101024791 441 601533020624427361
HIT 3 1992885272599 464 15191030962845474455
HIT 3 1567684100119 365 12671385586753845200
HIT 3 1894101614615 441 2036544697480969384
HIT 3 1992885862423 464 9459225393928024319
HIT 3 1378704949270 321 14365268511220759124
HIT 3 1567683510294 365 1540767824938607594
HIT 3 1894101024790 441 14341227294897524476
HIT 3 1992885272598 464 7680200388993347294
HIT 3 1567684100118 365 11012698373893151177
HIT 3 1894101614614 441 9050983039616588667
HIT 3 1992885862422 464 1846854424444587964
HIT 3 1894104498199 441 3633464390867166246
HIT 3 1992888746007 464 18428756185001398596
HIT 3 1992893726743 464 3205785119283273601
HIT 3 1894104498198 441 12295441204105749983
HIT 3 1992888746006 464 15217807654174881988
HIT 3 1992893726742 464 18298300927246067916
HIT 3 1378704949272 321 17642818194337346024
HIT 3 1567683510296 365 4896955752787161570
HIT 3 1894101024792 441 3114834456249465577
HIT 3 1992885272600 464 13965073180304074876
HIT 3 1567684100120 365 5400015720078760700
HIT 3 1894101614616 441 10300000742296161766
HIT 3 1992885862424 464 5904313805530169766
HIT 3 1378704949273 321 2319036968243334298
HIT 3 1567683510297 365 13730181583178692004
HIT 3 1894101024793 441 8938501334674725810
HIT 3 1992885272601 464 11158786913854909298
HIT 3 1567684100121 365 11424581464863171320
HIT 3 1894101614617 441 4547893062642484380
HIT 3 1992885862425 464 6363826648050258691
HIT 3 1378704949274 321 1896902852887665657
HIT 3 1567683510298 365 10233683870495797243
HIT 3 1894104498200 441 2888972623693322192
HIT 3 1894101024794 441 5491281505399895585
HIT 3 1992885272602 464 12128458464491935338
HIT 3 1992888746008 464 16984067387699279338
HIT 3 1567684100122 365 8187663912397126436
HIT 3 1894101614618 441 833223589413855095
HIT 3 1992885862426 464 14208768863267672231
HIT 3 1894104498201 441 31537865980415000
HIT 3 1992888746009 464 12736974148730770196
HIT 3 1992893726744 464 11149981439589715987
HIT 3 1894104498202 441 17652462990536237549
HIT 3 1992888746010 464 17948243251457398634
HIT 3 1992893726745 464 7811899997464818146
HIT 3 1992893726746 464 1408780921590553520
HIT 3 1378704949275 321 2097613432078809965
HIT 3 1567683510299 365 17462066487230211698
HIT 3 1894101024795 441 17508014896501406870
HIT 3 1992885272603 464 677215798791855106
HIT 3 1567684100123 365 10828708474473842493
HIT 3 1894101614619 441 5793782593602003351
HIT 3 1992885862427 464 16057074434734612702
HIT 3 1894104498203 441 10381071225038948829
HIT 3 1992888746011 464 13313563361805669723
HIT 3 1992893726747 464 14819349809738995464
HIT 3 1378704949276 321 6708447568205876795
HIT 3 1567683510300 365 13518238525494959651
HIT 3 1894101024796 441 15345330981507060413
HIT 3 1992885272604 464 3231579651454409182
HIT 3 1567684100124 365 17140067647025439925
HIT 3 1894101614620 441 15074905482173614855
HIT 3 1992885862428 464 17603133829464400848
HIT 3 1378704949277 321 3818840871031098240
HIT 3 1567683510301 365 7623434884416886485
HIT 3 1894101024797 441 5172051061797186276
HIT 3 1992885272605 464 4220328885427335183
HIT 3 1567684100125 365 8221154603759577098
HIT 3 1894101614621 441 10942039059830250617
HIT 3 1992885862429 464 11117464271528676296
HIT 3 1894104498204 441 14293126973224733350
HIT 3 1992888746012 464 15998450052161583135
HIT 3 1894104498205 441 302714357746569254
HIT 3 1992888746013 464 17678519096673107046
HIT 3 1992893726748 464 10123918806719338510
HIT 3 1378704949278 321 13506348404047762755
HIT 3 1567683510302 365 1605922779735535704
HIT 3 1894101024798 441 17874871772318931552
HIT 3 1992885272606 464 10764298053175721854
HIT 3 1567684100126 365 1894049022091359426
HIT 3 1894101614622 441 11584922610941361519
HIT 3 1992885862430 464 3391667974505353276
HIT 3 1992893726749 464 9070241162255641689
HIT 3 1894104498206 441 12976734238869201655
HIT 3 1992888746014 464 10461577172356505541
HIT 3 1992893726750 464 3802557368782454042
HIT 3 1378704949279 321 16987249610223709969
HIT 3 1567683510303 365 10511856890681366922
HIT 3 1894101024799 441 15196258768653856508
HIT 3 1992885272607 464 1462508505649276725
HIT 3 1567684100127 365 10308336090986886634
HIT 3 1894101614623 441 4737887824515233765
HIT 3 1992885862431 464 3535051077899013171
HIT 3 1894104498207 441 7937969255568048964
HIT 3 1992888746015 464 10868889226290215522
HIT 3 1992893726751 464 12820544761962934296
HIT 3 1378704949280 321 14377823352973984748
HIT 3 1567683510304 365 1938189335323651388
HIT 3 1894101024800 441 4944587444717864231
HIT 3 1992885272608 464 12147062814529365692
HIT 3 1567684100128 365 9630312086638949469
HIT 3 1894101614624 441 12744245938298734826
HIT 3 1992885862432 464 12739932028460051779
HIT 3 1894104498208 441 17160817034954477826
HIT 3 1992888746016 464 12965547207307758583
HIT 3 1378704949282 321 210796269234751958
HIT 3 1567683510306 365 3979182115781157252
HIT 3 1894101024802 441 6850552981438589191
HIT 3 1992885272610 464 12026311244222537630
HIT 3 1567684100130 365 5057871288260448850
HIT 3 1894101614626 441 9463144918885504058
HIT 3 1992885862434 464 17135484422789151802
HIT 3 1992893726752 464 2670392456926057014
HIT 3 1378704949281 321 11375500406266930215
HIT 3 1567683510305 365 2392971315500796967
HIT 3 1894101024801 441 14195519554073111672
HIT 3 1992885272609 464 14851336588895954944
HIT 3 1567684100129 365 13537071761454860
HIT 3 1894101614625 441 7769767020300159816
HIT 3 1992885862433 464 14089992318665335590
HIT 3 1894104498210 441 11117155019440503834
HIT 3 1992888746018 464 8207950872839689502
HIT 3 1894104498209 441 12315554838032655126
HIT 3 1992888746017 464 460170818012086025
HIT 3 1992893726754 464 4616992930516759916
HIT 3 1992893726753 464 9234278875294885932
HIT 3 1378704949283 321 15054134371381349041
HIT 3 1567683510307 365 1252380602337353967
HIT 3 1894101024803 441 5335837000533484141
HIT 3 1992885272611 464 12391624182184346354
HIT 3 1567684100131 365 16742707969888820312
HIT 3 1894101614627 441 15505430272125951798
HIT 3 1992885862435 464 14364409793988038953
HIT 3 1894104498211 441 2192326276038568725
HIT 3 1992888746019 464 956472187065670371
HIT 3 1992893726755 464 10877516713997396722
HIT 3 1378704949284 321 16383317307856595238
HIT 3 1567683510308 365 8858956982128610751
HIT 3 1894101024804 441 16018277937152930666
HIT 3 1992885272612 464 16777951341277734015
HIT 3 1567684100132 365 1207448300244279235
HIT 3 1894101614628 441 9014494165101234371
HIT 3 1992885862436 464 8491585922616893644
HIT 3 1894104498212 441 2905805589039149142
HIT 3 1992888746020 464 3929821500103440407
HIT 3 1992893726756 464 16637803118221085760
HIT 3 1378704949285 321 1458969609556445062
HIT 3 1567683510309 365 6240794392291518143
HIT 3 1894101024805 441 13925113225989180622
HIT 3 1992885272613 464 8053316721273373274
HIT 3 1567684100133 365 13688271626683618933
HIT 3 1894101614629 441 2853249917298991963
HIT 3 1992885862437 464 8416220689363127858
HIT 3 1378704949286 321 7763924962930406155
HIT 3 1567683510310 365 2481876520373444265
HIT 3 1894101024806 441 2444872544119465969
HIT 3 1992885272614 464 13140823428031116086
HIT 3 1567684100134 365 9376648666827749361
HIT 3 1894101614630 441 6918740641685239409
HIT 3 1992885862438 464 11748678095109531702
HIT 3 1894104498213 441 12106158206383427473
HIT 3 1992888746021 464 16333141844035156011
HIT 3 1894104498214 441 15052383798488213933
HIT 3 1992888746022 464 1773918007463427805
HIT 3 1992893726757 464 5234090527897499689
HIT 3 1992893726758 464 8974199472191749739
HIT 3 1378704949287 321 6845101092337404907
HIT 3 1567683510311 365 17032521342748341191
HIT 3 1894101024807 441 18277050720859535402
HIT 3 1992885272615 464 13249429759895005284
HIT 3 1567684100135 365 10256521218810217485
HIT 3 1894101614631 441 13226274751002053684
HIT 3 1992885862439 464 14692890553205702646
HIT 3 1894104498215 441 11772208320238614085
HIT 3 1992888746023 464 16719525645906361853
HIT 3 1992893726759 464 7327122590058237333
HIT 3 1378704949288 321 8753501580018071470
HIT 3 1567683510312 365 4852723498414582292
HIT 3 1894101024808 441 2778003954933845387
HIT 3 1992885272616 464 1712878774861129862
HIT 3 1567684100136 365 17254627661849082033
HIT 3 1894101614632 441 6918682904680120112
HIT 3 1992885862440 464 6271593636692408299
HIT 3 1894104498216 441 13182452837974833187
HIT 3 1992888746024 464 4291852010299602445
HIT 3 1378704949289 321 7747565672427783488
HIT 3 1567683510313 365 12283259036056435995
HIT 3 1894101024809 441 8323881190004633887
HIT 3 1992885272617 464 15176346627214088806
HIT 3 1992893726760 464 14572856151659312844
HIT 3 1567684100137 365 9745672985464128992
HIT 3 1894101614633 441 8214096528350874100
HIT 3 1992885862441 464 13898717188237270641
HIT 3 1378704949290 321 9130354692230920432
HIT 3 1567683510314 365 16834704942410571178
HIT 3 1894101024810 441 16828988343427267851
HIT 3 1992885272618 464 9224741159557439146
HIT 3 1894104498217 441 15183357863553975452
HIT 3 1992888746025 464 6249442323558690605
HIT 3 1567684100138 365 13067041921599278466
HIT 3 1894101614634 441 3258190107681335604
HIT 3 1992885862442 464 14913399895589599825
HIT 3 1894104498218 441 4995154954179114784
HIT 3 1992888746026 464 15742711353911446998
HIT 3 1992893726761 464 7434291526289300228
HIT 3 1992893726762 464 16705513183051954136
HIT 3 1378704949291 321 4970288526214495223
HIT 3 1567683510315 365 18200193102800646150
HIT 3 1894101024811 441 10590011227709725770
HIT 3 1992885272619 464 10476286666780594180
HIT 3 1567684100139 365 14876132757691830545
HIT 3 1894101614635 441 15328825217896369813
HIT 3 1992885862443 464 14579918637485952173
HIT 3 1894104498219 441 9683208804078281959
HIT 3 1992888746027 464 12669107713202936917
HIT 3 1992893726763 464 15490856422374729857
HIT 3 1378704949292 321 17920156555790206677
HIT 3 1567683510316 365 3576879665929232262
HIT 3 1894101024812 441 4010647257537030291
HIT 3 1992885272620 464 5773095360271146707
HIT 3 1567684100140 365 10235411625079683798
HIT 3 1894101614636 441 6985673308462592482
HIT 3 1992885862444 464 6437816474612160049
HIT 3 1894104498220 441 1434065338174238189
HIT 3 1992888746028 464 6093438479455852239
HIT 3 1992893726764 464 16028020101852802822
HIT 3 1378704949293 321 3354916504948029153
HIT 3 1567683510317 365 13773663155614350334
HIT 3 1894101024813 441 18384664699348621857
HIT 3 1992885272621 464 1313645773722326590
HIT 3 1567684100141 365 670669874364860730
HIT 3 1894101614637 441 4634419733930344917
HIT 3 1992885862445 464 1121459963410930371
HIT 3 1894104498221 441 3179242295062952493
HIT 3 1992888746029 464 7556909934911282842
HIT 3 1992893726765 464 16050368492324200290
HIT 3 1378704949294 321 11547715087505368941
HIT 3 1567683510318 365 5523930895514942057
HIT 3 1894101024814 441 10603687878958666245
HIT 3 1992885272622 464 4532396653625447181
HIT 3 1567684100142 365 18024504429420639316
HIT 3 1894101614638 441 17642424562925794193
HIT 3 1992885862446 464 10377926826228110509
HIT 3 1894104498222 441 8196719693035578595
HIT 3 1992888746030 464 4779460779566937586
HIT 3 1992893726766 464 8156164183499313679
HIT 3 1378704949295 321 17922793426187155807
HIT 3 1567683510319 365 6009839445564827210
HIT 3 1894101024815 441 17905866463550256630
HIT 3 1992885272623 464 13399452314390988623
HIT 3 1567684100143 365 18360328447698854433
HIT 3 1894101614639 441 7764806777335509197
HIT 3 1992885862447 464 13837306642641403398
HIT 3 1894104498223 441 8946037188858315587
HIT 3 1992888746031 464 14547427679091478471
HIT 3 1992893726767 464 17123674887497119201
HIT 3 1378704949296 321 15364887122576581257
HIT 3 1567683510320 365 1632276215456569308
HIT 3 1894101024816 441 9385822703905762002
HIT 3 1992885272624 464 3037377431480654546
HIT 3 1567684100144 365 8128181147108813369
HIT 3 1894101614640 441 14471847092147008649
HIT 3 1992885862448 464 8200765069253920630
HIT 3 1378704949297 321 1312779045094646932
HIT 3 1567683510321 365 13274618559632764155
HIT 3 1894101024817 441 3220951132652105534
HIT 3 1992885272625 464 2946423315748419308
HIT 3 1567684100145 365 18384759343599899754
HIT 3 1894101614641 441 3732159454381386396
HIT 3 1992885862449 464 535774520328175095
HIT 3 1894104498224 441 10920424061972080004
HIT 3 1992888746032 464 1904693985185132833
HIT 3 1894104498225 441 16441140981566168272
HIT 3 1992888746033 464 16606737021254268804
HIT 3 1992893726768 464 10540197488292938473
HIT 3 1992893726769 464 8505921924307355679
HIT 3 1378704949298 321 527131837363020970
HIT 3 1567683510322 365 2152668694012706354
HIT 3 1894101024818 441 2043622442222828658
HIT 3 1992885272626 464 10064609305192951156
HIT 3 1567684100146 365 11525080474516907215
HIT 3 1894101614642 441 11633881825193338192
HIT 3 1992885862450 464 10121011541163006784
HIT 3 1894104498226 441 16679019891853284639
HIT 3 1992888746034 464 5800054786030819661
HIT 3 1378704949299 321 2749703724215695826
HIT 3 1567683510323 365 266902286944144218
HIT 3 1894101024819 441 10225622513418346908
HIT 3 1992885272627 464 9065054653119525356
HIT 3 1567684100147 365 15932928272392275611
HIT 3 1894101614643 441 2504211137098656471
HIT 3 1992885862451 464 369924088911232796
HIT 3 1992893726770 464 1620086520799766546
HIT 3 1894104498227 441 12788522166686424479
HIT 3 1992888746035 464 12390602439117442315
HIT 3 1992893726771 464 10185829556711842797
HIT 3 1378704949300 321 10782832221198287637
HIT 3 1567683510324 365 6474029224411330136
HIT 3 1894101024820 441 15658357097425409314
HIT 3 1992885272628 464 14605621291590239827
HIT 3 1567684100148 365 3052588620556915938
HIT 3 1894101614644 441 169646991731938497
HIT 3 1992885862452 464 9818940443304097039
HIT 3 1894104498228 441 12774792200695648065
HIT 3 1992888746036 464 16842982177598760746
HIT 3 1378704949301 321 6041683981852337415
HIT 3 1567683510325 365 13984568964921856540
HIT 3 1894101024821 441 8723534045441082526
HIT 3 1992885272629 464 1759753568449474382
HIT 3 1567684100149 365 17234379567238031709
HIT 3 1894101614645 441 2628936658601271992
HIT 3 1992885862453 464 4837681170364367246
HIT 3 1992893726772 464 6022171820714397781
HIT 3 1894104498229 441 10924798242794848869
HIT 3 1992888746037 464 8809464326759385131
HIT 3 1992893726773 464 15023272727527676999
HIT 3 1378704949302 321 18009735743731926935
HIT 3 1567683510326 365 16287021371073297791
HIT 3 1894101024822 441 2036879638449504947
HIT 3 1992885272630 464 12358678385651550351
HIT 3 1567684100150 365 12509093016928344352
HIT 3 1894101614646 441 10089354463369807915
HIT 3 1992885862454 464 6348527173298686422
HIT 3 1894104498230 441 14359671625258835079
HIT 3 1992888746038 464 13593262855550700870
HIT 3 1992893726774 464 2557168800509365719
HIT 3 1378704949303 321 1473914547644594384
HIT 3 1567683510327 365 13345597679658918417
HIT 3 1894101024823 441 849334777272299028
HIT 3 1992885272631 464 6767463229749286180
HIT 3 1567684100151 365 10312625740675455114
HIT 3 1894101614647 441 16811289057060743701
HIT 3 1992885862455 464 6222303401210481497
HIT 3 1894104498231 441 2755060148502651370
HIT 3 1992888746039 464 5892449618915634917
HIT 3 1992893726775 464 3105938004072295432
HIT 3 1378704949304 321 8475534418257801448
HIT 3 1567683510328 365 9943103172213400716
HIT 3 1894101024824 441 3371781419743478324
HIT 3 1992885272632 464 8335874577749852826
HIT 3 1567684100152 365 6100810602932953952
HIT 3 1894101614648 441 3103800985213942445
HIT 3 1992885862456 464 2731527100900079680
HIT 3 1378704949305 321 8235092549383336897
HIT 3 1567683510329 365 8624743665810919866
HIT 3 1894101024825 441 2035371371529604367
HIT 3 1992885272633 464 14506913548748463191
HIT 3 1894104498232 441 12209194168316520715
HIT 3 1992888746040 464 11440210945157159219
HIT 3 1567684100153 365 18263065168207271616
HIT 3 1894101614649 441 13468368182956749285
HIT 3 1992885862457 464 2480133270153374945
HIT 3 1992893726776 464 1077825671371144498
HIT 3 1894104498233 441 12537375723314198357
HIT 3 1992888746041 464 10131893359872553334
HIT 3 1378704949306 321 14284026434211478189
HIT 3 1567683510330 365 12484560803654874592
HIT 3 1894101024826 441 13288269558152731382
HIT 3 1992885272634 464 15595242100032737374
HIT 3 1567684100154 365 16538963408970202237
HIT 3 1894101614650 441 6815472596065293997
HIT 3 1992885862458 464 10318382217334274794
HIT 3 1992893726777 464 2620615441227362195
HIT 3 1894104498234 441 10532882617508636955
HIT 3 1992888746042 464 6940682267908371348
HIT 3 1378704949307 321 16593112183310704278
HIT 3 1992893726778 464 13973850604593331783
HIT 3 1567683510331 365 2782201152287243481
HIT 3 1894101024827 441 6277427565526208133
HIT 3 1992885272635 464 13361665449037978493
HIT 3 1567684100155 365 10317121888124945520
HIT 3 1894101614651 441 10941698358192264381
HIT 3 1992885862459 464 10428394404156599569
HIT 3 1894104498235 441 9149381964210657837
HIT 3 1992888746043 464 5184198412176417435
HIT 3 1992893726779 464 15744794614771682475
HIT 3 1378704949308 321 14780668318067745368
HIT 3 1567683510332 365 8682679955288637070
HIT 3 1894101024828 441 14053172085381245565
HIT 3 1992885272636 464 13158925561111813430
HIT 3 1567684100156 365 9609169444940966943
HIT 3 1894101614652 441 7392351042214003906
HIT 3 1992885862460 464 1102570605972082318
HIT 3 1894104498236 441 18265056942310719720
HIT 3 1992888746044 464 3894421101621099824
HIT 3 1378704949309 321 14635736429150780579
HIT 3 1567683510333 365 3703112255919753331
HIT 3 1894101024829 441 15429339463079232543
HIT 3 1992885272637 464 9556603827425405349
HIT 3 1567684100157 365 12459678445454594505
HIT 3 1894101614653 441 17884373182751544744
HIT 3 1992885862461 464 16839666804653181654
HIT 3 1992893726780 464 7903064136810440226
HIT 3 1894104498237 441 12205927668219969907
HIT 3 1992888746045 464 13991369448264464677
HIT 3 1378704949310 321 11316047009035409012
HIT 3 1567683510334 365 16017106088200967741
HIT 3 1894101024830 441 2582349334607489552
HIT 3 1992885272638 464 500805357963014751
HIT 3 1567684100158 365 18315514580160007738
HIT 3 1894101614654 441 505268415596193096
HIT 3 1992885862462 464 12442012623335316979
HIT 3 1992893726781 464 13193747537399731707
HIT 3 1894104498238 441 7795497533635041592
HIT 3 1992888746046 464 12555526419981353300
HIT 3 1992893726782 464 15689825071353360726
HIT 3 1378704949311 321 9841054968572832720
HIT 3 1567683510335 365 5332629438079520530
HIT 3 1894101024831 441 17921586000561245104
HIT 3 1992885272639 464 551630346056022674
HIT 3 1567684100159 365 4706858633147382728
HIT 3 1894101614655 441 17043446425506961232
HIT 3 1992885862463 464 16179144997355514199
HIT 3 1894104498239 441 5633829885308839425
HIT 3 1992888746047 464 10022712484136001245
HIT 3 1992893726783 464 8170212681869422464
HIT 3 1378704949312 321 3327276383671107609
HIT 3 1567683510336 365 6771119213171485821
HIT 3 1894101024832 441 532990120892023471
HIT 3 1992885272640 464 1690530620836996074
HIT 3 1567684100160 365 13076328874331022074
HIT 3 1894101614656 441 4308740486198674622
HIT 3 1992885862464 464 3055056738246268952
HIT 3 1894104498240 441 8165951754383483383
HIT 3 1992888746048 464 16356602469334022123
HIT 3 1378704949313 321 4653867932347610798
HIT 3 1567683510337 365 16318646857514574493
HIT 3 1894101024833 441 4665964350211099543
HIT 3 1992885272641 464 17682821192027606223
HIT 3 1567684100161 365 7245803355704099998
HIT 3 1894101614657 441 6552853991270404201
HIT 3 1992885862465 464 8370735566857467578
HIT 3 1992893726784 464 11707874617992569522
HIT 3 1894104498241 441 15643612217242085418
HIT 3 1992888746049 464 9912826659883048977
HIT 3 1378704949314 321 4462838853661892197
HIT 3 1567683510338 365 6499121204047256035
HIT 3 1894101024834 441 302126943268648251
HIT 3 1992885272642 464 13230783767180509587
HIT 3 1567684100162 365 11827880777213246359
HIT 3 1894101614658 441 9770613371373324608
HIT 3 1992885862466 464 2401910748182872427
HIT 3 1992893726785 464 2679220716811246074
HIT 3 1894104498242 441 495288643377610745
HIT 3 1992888746050 464 2587055512185935738
HIT 3 1992893726786 464 10392785406275659504
HIT 3 1378704949315 321 2402178541698639872
HIT 3 1567683510339 365 15300422934773029945
HIT 3 1894101024835 441 15138361178639387096
HIT 3 1992885272643 464 4468377162112260213
HIT 3 1567684100163 365 11087852169680170044
HIT 3 1894101614659 441 10922701749116891821
HIT 3 1992885862467 464 18397224242684671122
HIT 3 1894104498243 441 9379920379014110293
HIT 3 1992888746051 464 8197721712850592755
HIT 3 1992893726787 464 9907695394685955027
HIT 3 1378704949316 321 15360648748687146822
HIT 3 1567683510340 365 4051134686830554550
HIT 3 1894101024836 441 12251204115185149566
HIT 3 1992885272644 464 17412434430339284907
HIT 3 1567684100164 365 8786936651215642349
HIT 3 1894101614660 441 14583102683099783441
HIT 3 1992885862468 464 727138506144671759
HIT 3 1894104498244 441 15037781620779849903
HIT 3 1992888746052 464 14799068529252087554
HIT 3 1378704949317 321 15268944178560378303
HIT 3 1567683510341 365 3468425908745852098
HIT 3 1894101024837 441 15309802087737849176
HIT 3 1992885272645 464 15598239796387078226
HIT 3 1992893726788 464 2066909028080570413
HIT 3 1567684100165 365 4471171914219752313
HIT 3 1894101614661 441 7111193382905418558
HIT 3 1992885862469 464 3884866367700416346
HIT 3 1894104498245 441 3626799292849139070
HIT 3 1992888746053 464 13469959428654408705
HIT 3 1378704949318 321 4020792838745029157
HIT 3 1567683510342 365 3653025922099575869
HIT 3 1894101024838 441 13491375199379390127
HIT 3 1992885272646 464 4016679870832815814
HIT 3 1567684100166 365 4415077023263946776
HIT 3 1894101614662 441 17868757797499024674
HIT 3 1992885862470 464 13680279462022433110
HIT 3 1992893726789 464 7772377307579556366
HIT 3 1894104498246 441 8536370711457533395
HIT 3 1992888746054 464 10476841336471772204
HIT 3 1992893726790 464 15466350890081292440
HIT 3 1378704949319 321 7870467186016617560
HIT 3 1567683510343 365 9825586957427625430
HIT 3 1894101024839 441 9664661157253392725
HIT 3 1992885272647 464 1770624048284970781
HIT 3 1567684100167 365 4341013349408701466
HIT 3 1894101614663 441 16006158697864287683
HIT 3 1992885862471 464 16417422791860790813
HIT 3 1894104498247 441 8568069022254170708
HIT 3 1992888746055 464 3324233959822170130
HIT 3 1992893726791 464 15121874857084974730
HIT 3 1378704949320 321 4707938892555792866
HIT 3 1567683510344 365 5878681132021494889
HIT 3 1894101024840 441 11958603109434637482
HIT 3 1992885272648 464 5088438976523385931
HIT 3 1567684100168 365 16458404344212684641
HIT 3 1894101614664 441 15569693554008899336
HIT 3 1992885862472 464 4813420614517855962
HIT 3 1894104498248 441 14688964191219016543
HIT 3 1992888746056 464 975307564460519422
HIT 3 1992893726792 464 9397976817682803347
HIT 3 1378704949321 321 1859896672623161653
HIT 3 1567683510345 365 7269759148048948568
HIT 3 1894101024841 441 11783385169944589432
HIT 3 1992885272649 464 4291480023466648472
HIT 3 1567684100169 365 13487010271075021723
HIT 3 1894101614665 441 8603995528762548703
HIT 3 1992885862473 464 17929455034995519494
HIT 3 1378704949323 321 1172696545133515593
HIT 3 1567683510347 365 1942036575105000273
HIT 3 1894101024843 441 16261435501430507233
HIT 3 1992885272651 464 4692146361966102772
HIT 3 1378704949322 321 14877151058283501100
HIT 3 1567683510346 365 16118032202012320053
HIT 3 1894101024842 441 13571988647263541740
HIT 3 1992885272650 464 8240911660399141785
HIT 3 1567684100171 365 8745715086237180361
HIT 3 1894101614667 441 17627755616739206455
HIT 3 1992885862475 464 8650051715631152762
HIT 3 1567684100170 365 3084140844922693468
HIT 3 1894101614666 441 2012263059759295515
HIT 3 1992885862474 464 13614235107741818409
HIT 3 1894104498249 441 12193082525991809610
HIT 3 1992888746057 464 9658319194397897392
HIT 3 1992893726793 464 6554676130251711227
HIT 3 1894104498251 441 15503389279122286496
HIT 3 1992888746059 464 13787619092292936579
HIT 3 1894104498250 441 11294392511048181741
HIT 3 1992888746058 464 15627680467270454395
HIT 3 1992893726795 464 6021512326135032695
HIT 3 1992893726794 464 10031188568057388384
HIT 3 1378704949324 321 9268482953035913979
HIT 3 1567683510348 365 16886208766205087415
HIT 3 1894101024844 441 107934238956261904
HIT 3 1992885272652 464 4989577012787552105
HIT 3 1567684100172 365 6989508210428458823
HIT 3 1894101614668 441 17039713150300974744
HIT 3 1992885862476 464 11006300634664112823
HIT 3 1378704949325 321 11194293192685451569
HIT 3 1567683510349 365 606359834127308779
HIT 3 1894101024845 441 2041331619286087273
HIT 3 1992885272653 464 3884428248276170990
HIT 3 1567684100173 365 7432589535273036737
HIT 3 1894101614669 441 9623738916176079065
HIT 3 1992885862477 464 1234933447073286246
HIT 3 1378704949327 321 7342621258916854833
HIT 3 1567683510351 365 12029308404202389267
HIT 3 1894101024847 441 10124191656099729275
HIT 3 1992885272655 464 3519577875984639549
HIT 3 1567684100175 365 13117763470703710120
HIT 3 1894101614671 441 17036931545884756692
HIT 3 1992885862479 464 9203350822985597795
HIT 3 1894104498253 441 11917441916895921354
HIT 3 1992888746061 464 14703650910504222385
HIT 3 1894104498252 441 2627021800111484801
HIT 3 1992888746060 464 2339966727110793135
HIT 3 1894104498255 441 13673822815747791703
HIT 3 1992888746063 464 12606803445083516762
HIT 3 1992893726797 464 14261836471202155176
HIT 3 1378704949326 321 1969675457153673628
HIT 3 1567683510350 365 3822986187043354263
HIT 3 1894101024846 441 15428506293868221600
HIT 3 1992885272654 464 9489911257984504348
HIT 3 1567684100174 365 874386101334927819
HIT 3 1894101614670 441 14004441680912996731
HIT 3 1992885862478 464 6628586834087474403
HIT 3 1992893726799 464 2332564182020695474
HIT 3 1992893726796 464 4652772040141824049
HIT 3 1894104498254 441 8218086088612628534
HIT 3 1992888746062 464 15504174286474333944
HIT 3 1992893726798 464 15373771887925263332
HIT 3 1378704949328 321 4596681801018090446
HIT 3 1567683510352 365 4931684555262977956
HIT 3 1894101024848 441 7838810378606528973
HIT 3 1992885272656 464 15562974950932067781
HIT 3 1567684100176 365 6056935208386952040
HIT 3 1894101614672 441 11561272548180642560
HIT 3 1992885862480 464 1273751833909752103
HIT 3 1378704949329 321 14953657688857784147
HIT 3 1567683510353 365 17555592789239196132
HIT 3 1894101024849 441 10760080681374959610
HIT 3 1992885272657 464 3017513402516575525
HIT 3 1894104498256 441 2028524681374603602
HIT 3 1992888746064 464 15504728554787386357
HIT 3 1567684100177 365 5318997323503162655
HIT 3 1894101614673 441 10245810242626615328
HIT 3 1992885862481 464 3795923865652236615
HIT 3 1894104498257 441 16862351842906843740
HIT 3 1992888746065 464 16993652859187538624
HIT 3 1992893726800 464 13461108668187547366
HIT 3 1992893726801 464 17942470808814748944
HIT 3 1378704949331 321 1239945909292841911
HIT 3 1567683510355 365 2049911909528884078
HIT 3 1894101024851 441 5838800901787730737
HIT 3 1992885272659 464 9353556115376985101
HIT 3 1567684100179 365 16484672149004528439
HIT 3 1894101614675 441 7621617548270205898
HIT 3 1992885862483 464 14570841943564420920
HIT 3 1378704949330 321 9842092954613287301
HIT 3 1567683510354 365 8719540113259398244
HIT 3 1894101024850 441 17503680522417187491
HIT 3 1992885272658 464 16616354264882732006
HIT 3 1567684100178 365 18051374005820835633
HIT 3 1894101614674 441 17247607816286456415
HIT 3 1992885862482 464 11826290728561128945
HIT 3 1894104498259 441 17612869138510016256
HIT 3 1992888746067 464 9394173407052674404
HIT 3 1992893726803 464 11284184246747551625
HIT 3 1378704949332 321 16303653279394326701
HIT 3 1567683510356 365 7198545741326265558
HIT 3 1894101024852 441 16146923930197351947
HIT 3 1992885272660 464 16767008498269632761
HIT 3 1567684100180 365 8131633380958548604
HIT 3 1894101614676 441 10513831506347422084
HIT 3 1992885862484 464 16445683200578431154
HIT 3 1894104498258 441 1342112281341644979
HIT 3 1992888746066 464 11441694325344342835
HIT 3 1894104498260 441 14932895279044228485
HIT 3 1992888746068 464 13619493268342351324
HIT 3 1378704949333 321 6640094347977738289
HIT 3 1567683510357 365 15965993908715410115
HIT 3 1894101024853 441 2549303584153343175
HIT 3 1992885272661 464 12167029954964219464
HIT 3 1567684100181 365 8883108812477729637
HIT 3 1894101614677 441 842783475964503597
HIT 3 1992885862485 464 9379738679553790327
HIT 3 1992893726802 464 17072212601502703994
HIT 3 1894104498261 441 1893733218109709874
HIT 3 1992888746069 464 12044896665578838120
HIT 3 1992893726804 464 105268850321787369
HIT 3 1992893726805 464 6696435825398730585
HIT 3 1378704949334 321 3685699072257279294
HIT 3 1567683510358 365 15349029333751415565
HIT 3 1894101024854 441 16830354675961864853
HIT 3 1992885272662 464 9685597389807148617
HIT 3 1567684100182 365 1502849327654480626
HIT 3 1894101614678 441 6691035080122053167
HIT 3 1992885862486 464 14318511834450777148
HIT 3 1378704949336 321 4971891069316392770
HIT 3 1567683510360 365 14434229764260707507
HIT 3 1894101024856 441 13280403500257289246
HIT 3 1992885272664 464 18446527839535036826
HIT 3 1567684100184 365 1526742954318963130
HIT 3 1894101614680 441 15719176762807126928
HIT 3 1992885862488 464 747231771647863881
HIT 3 1378704949337 321 4662525082253941671
HIT 3 1567683510361 365 15001410369272018978
HIT 3 1894101024857 441 1079925776549635091
HIT 3 1992885272665 464 2942379295740372704
HIT 3 1894104498262 441 17009726869937678966
HIT 3 1992888746070 464 11059407649592848386
HIT 3 1567684100185 365 17581083403837834082
HIT 3 1894101614681 441 5510234994695191865
HIT 3 1992885862489 464 14374810690741925040
HIT 3 1894104498264 441 823926942260101437
HIT 3 1992888746072 464 14533891003121506855
HIT 3 1992893726806 464 3812364441503549086
HIT 3 1894104498265 441 4195001199126219571
HIT 3 1992888746073 464 13364106767241114430
HIT 3 1992893726808 464 17693394603914838158
HIT 3 1378704949335 321 2811353896589972057
HIT 3 1567683510359 365 5071715293696960410
HIT 3 1894101024855 441 2769699512029927475
HIT 3 1992885272663 464 15511057669269250523
HIT 3 1992893726809 464 18218841913562461125
HIT 3 1567684100183 365 17093034217106359756
HIT 3 1894101614679 441 13284124599217346502
HIT 3 1992885862487 464 17356936482286702822
HIT 3 1894104498263 441 9446912191060652701
HIT 3 1992888746071 464 11233501336288740737
HIT 3 1992893726807 464 14996478985062549811
HIT 3 1378704949338 321 12094034423349145505
HIT 3 1567683510362 365 9464844158960756028
HIT 3 1894101024858 441 5293130989422343679
HIT 3 1992885272666 464 3504280381828910956
HIT 3 1567684100186 365 1100092516755560084
HIT 3 1894101614682 441 7232299143914582477
HIT 3 1992885862490 464 1187134778888568197
HIT 3 1894104498266 441 7111092771644593253
HIT 3 1992888746074 464 2835093055361114396
HIT 3 1378704949339 321 11477183383270212954
HIT 3 1567683510363 365 12620899295337225097
HIT 3 1894101024859 441 4920534514454339885
HIT 3 1992885272667 464 3822717934285436447
HIT 3 1378704949340 321 5202296216363215671
HIT 3 1567683510364 365 15667434365711942509
HIT 3 1894101024860 441 8114077814504706569
HIT 3 1992885272668 464 1200572272558536105
HIT 3 1567684100187 365 14018740743842763871
HIT 3 1894101614683 441 1654063200727720079
HIT 3 1992885862491 464 11277821070941181722
HIT 3 1567684100188 365 7368229269465986154
HIT 3 1894101614684 441 12238027268977855022
HIT 3 1992893726810 464 16473568036614735024
HIT 3 1992885862492 464 14963443542343634619
HIT 3 1894104498267 441 16469711769017052120
HIT 3 1992888746075 464 5390379986243051129
HIT 3 1894104498268 441 8709204026226423846
HIT 3 1992888746076 464 5551567633061249424
HIT 3 1992893726812 464 6244758038024147118
HIT 3 1992893726811 464 3648323241727558441
HIT 3 1378704949341 321 16015836648178850990
HIT 3 1567683510365 365 4838318217467653613
HIT 3 1894101024861 441 1172106725648921119
HIT 3 1992885272669 464 14209317147698313233
HIT 3 1567684100189 365 1543828266295398262
HIT 3 1894101614685 441 261303558394083997
HIT 3 1992885862493 464 15269074049843583628
HIT 3 1894104498269 441 10741941499427684787
HIT 3 1992888746077 464 191033305198218025
HIT 3 1992893726813 464 17469376814107795177
HIT 3 1378704949342 321 3645446214046034089
HIT 3 1567683510366 365 17575592626892594749
HIT 3 1894101024862 441 5192400067413466279
HIT 3 1992885272670 464 13768851750235908928
HIT 3 1567684100190 365 10990009466461901522
HIT 3 1894101614686 441 3054454092035959657
HIT 3 1992885862494 464 10087525173585620555
HIT 3 1894104498270 441 15954893527809808588
HIT 3 1992888746078 464 1548929735398766130
HIT 3 1378704949343 321 1304655534188298027
HIT 3 1567683510367 365 3815501006688763410
HIT 3 1894101024863 441 8954798870959096623
HIT 3 1992885272671 464 1270629199152871695
HIT 3 1567684100191 365 5569821662102052886
HIT 3 1894101614687 441 16368937159195135588
HIT 3 1992885862495 464 17826516017473032912
HIT 3 1894104498271 441 7468729352918400344
HIT 3 1992888746079 464 15665016137567635635
HIT 3 1992893726814 464 14433450692070241754
HIT 3 1992893726815 464 7978549924259747481
HIT 3 1378704949344 321 1128379876203071060
HIT 3 1567683510368 365 2408852257415304074
HIT 3 1894101024864 441 9873812811279932547
HIT 3 1992885272672 464 16899509384247404640
HIT 3 1567684100192 365 17035573155226041833
HIT 3 1894101614688 441 6511183216563778177
HIT 3 1992885862496 464 13986645020890369921
HIT 3 1894104498272 441 5367083201740627804
HIT 3 1992888746080 464 7049169242116500868
HIT 3 1378704949345 321 4143423366495696900
HIT 3 1567683510369 365 1407632188197570199
HIT 3 1894101024865 441 858746375747625738
HIT 3 1992885272673 464 10463660833383109022
HIT 3 1567684100193 365 17649316305901342203
HIT 3 1894101614689 441 7475897767835706958
HIT 3 1992885862497 464 10721381795054928763
HIT 3 1992893726816 464 3983087318258572527
HIT 3 1894104498273 441 5638829853184939707
HIT 3 1992888746081 464 16106768163610815150
HIT 3 1378704949347 321 12232796224303775794
HIT 3 1567683510371 365 7426362798476009290
HIT 3 1894101024867 441 12799548144780877930
HIT 3 1992885272675 464 5381864015478599910
HIT 3 1992893726817 464 6425291295584602708
HIT 3 1567684100195 365 17135224064014608812
HIT 3 1894101614691 441 6316203975468526383
HIT 3 1992885862499 464 6994958876934934465
HIT 3 1894104498275 441 3487853190876216978
HIT 3 1992888746083 464 17748634802747849778
HIT 3 1992893726819 464 8879716266222051777
HIT 3 1378704949346 321 8421128598632897881
HIT 3 1567683510370 365 16708335567315989707
HIT 3 1894101024866 441 11033485091241350997
HIT 3 1992885272674 464 12868890359432934759
HIT 3 1567684100194 365 17349366024020552696
HIT 3 1894101614690 441 11802823274005084138
HIT 3 1992885862498 464 359853897058428673
HIT 3 1894104498274 441 11086881475188836135
HIT 3 1992888746082 464 12898655495116747887
HIT 3 1992893726818 464 11258969273684694101
HIT 3 1378704949348 321 7431801125784745513
HIT 3 1567683510372 365 14326222441959403115
HIT 3 1894101024868 441 10565786818159739637
HIT 3 1992885272676 464 17840988117693684299
HIT 3 1567684100196 365 7465801505842368673
HIT 3 1894101614692 441 1579821637973074297
HIT 3 1992885862500 464 10672334749355802755
HIT 3 1894104498276 441 6915406383991692379
HIT 3 1992888746084 464 3230498780574722541
HIT 3 1378704949349 321 8727686976610304779
HIT 3 1567683510373 365 2662599714067761269
HIT 3 1894101024869 441 11525211470058474766
HIT 3 1992885272677 464 3260906952309504444
HIT 3 1992893726820 464 6547608057218781043
HIT 3 1567684100197 365 17804583994684319818
HIT 3 1894101614693 441 10124643447833978569
HIT 3 1992885862501 464 13095009219688285988
HIT 3 1894104498277 441 15185066209919873853
HIT 3 1992888746085 464 11918362254706506240
HIT 3 1378704949350 321 16892335666880023208
HIT 3 1567683510374 365 6547650401846158657
HIT 3 1894101024870 441 1680810737164374335
HIT 3 1992885272678 464 3975113734621637068
HIT 3 1567684100198 365 2343336272976506833
HIT 3 1894101614694 441 10736338923881767707
HIT 3 1992885862502 464 16262182829355094168
HIT 3 1992893726821 464 2322595837873761291
HIT 3 1894104498278 441 15225044073837481543
HIT 3 1992888746086 464 5234738058541287436
HIT 3 1992893726822 464 11035201696532292125
HIT 3 1378704949351 321 1938713879238076107
HIT 3 1567683510375 365 13590460324097679222
HIT 3 1894101024871 441 1089786577135768889
HIT 3 1992885272679 464 6680329209172702532
HIT 3 1567684100199 365 12165678718430134425
HIT 3 1894101614695 441 6961977670514624970
HIT 3 1992885862503 464 15897657916617897668
HIT 3 1894104498279 441 826886939325903701
HIT 3 1992888746087 464 16698119359795587556
HIT 3 1378704949352 321 3746260138310343053
HIT 3 1567683510376 365 251376441047970107
HIT 3 1894101024872 441 15931683698373726163
HIT 3 1992885272680 464 16892260033316862323
HIT 3 1567684100200 365 16932006006424160517
HIT 3 1894101614696 441 3326882305373749617
HIT 3 1992885862504 464 2948567906842233386
HIT 3 1992893726823 464 11416218302681028949
HIT 3 1894104498280 441 12827719799415174692
HIT 3 1992888746088 464 14518758046840359331
HIT 3 1378704949353 321 252354320018611616
HIT 3 1567683510377 365 8705910302124285713
HIT 3 1894101024873 441 7505876722183159811
HIT 3 1992885272681 464 2041727313479940464
HIT 3 1567684100201 365 175507602584723703
HIT 3 1894101614697 441 3893810693291196424
HIT 3 1992885862505 464 14672135306573329933
HIT 3 1992893726824 464 3886619266716599801
HIT 3 1378704949354 321 2681031974267334096
HIT 3 1894104498281 441 15043913489977500402
HIT 3 1992888746089 464 10012230394092282712
HIT 3 1567683510378 365 7853181652210215297
HIT 3 1894101024874 441 600266597452650142
HIT 3 1992885272682 464 7765795190697001248
HIT 3 1567684100202 365 4004426455251701374
HIT 3 1894101614698 441 10318431079063782260
HIT 3 1992885862506 464 1233411147639902762
HIT 3 1992893726825 464 13829103540563259804
HIT 3 1894104498282 441 8845175057837306052
HIT 3 1992888746090 464 13090670598313307901
HIT 3 1992893726826 464 2998047253789093609
HIT 3 1378704949357 321 17676523593662067085
HIT 3 1567683510381 365 13050066187264912297
HIT 3 1894101024877 441 12390609493470956852
HIT 3 1992885272685 464 4660245514597519160
HIT 3 1567684100205 365 14253325008009383998
HIT 3 1894101614701 441 9984873931358927511
HIT 3 1992885862509 464 7166060014809058524
HIT 3 1378704949355 321 9410523085935075592
HIT 3 1567683510379 365 16664049609650721063
HIT 3 1894101024875 441 10654924164301070847
HIT 3 1992885272683 464 11563864372048768429
HIT 3 1894104498285 441 13661622819096917233
HIT 3 1992888746093 464 2827440872887031444
HIT 3 1567684100203 365 12130657350328360771
HIT 3 1894101614699 441 10567817571474200844
HIT 3 1992885862507 464 8725332965072723656
HIT 3 1992893726829 464 17599433801691198212
HIT 3 1894104498283 441 3318078793940729203
HIT 3 1992888746091 464 10394299071953813323
HIT 3 1378704949356 321 15477519401896960293
HIT 3 1567683510380 365 8750131593606578721
HIT 3 1894101024876 441 18181995790193186281
HIT 3 1992885272684 464 6585081378495923492
HIT 3 1567684100204 365 12698054597989098068
HIT 3 1894101614700 441 9525682526471170839
HIT 3 1992885862508 464 17389698484354261426
HIT 3 1894104498284 441 733109751264016217
HIT 3 1992888746092 464 4218713545284007549
HIT 3 1992893726827 464 16651894031011201681
HIT 3 1992893726828 464 6407258931203721758
HIT 3 1378704949358 321 3312520533763906565
HIT 3 1567683510382 365 6749178650161834827
HIT 3 1894101024878 441 6803721686023805337
HIT 3 1992885272686 464 16715919942979467608
HIT 3 1567684100206 365 18010686875558552286
HIT 3 1894101614702 441 6821043109703869996
HIT 3 1992885862510 464 13374987199851092434
HIT 3 1894104498286 441 4441713402183253472
HIT 3 1992888746094 464 5190932277295991947
HIT 3 1992893726830 464 17773881065588916453
HIT 3 1378704949359 321 17646914383304395789
HIT 3 1567683510383 365 11985442257340381676
HIT 3 1894101024879 441 11243060840828031775
HIT 3 1992885272687 464 9028815672630212717
HIT 3 1567684100207 365 11465780024844139187
HIT 3 1894101614703 441 11800046175542747448
HIT 3 1992885862511 464 6964706263907211122
HIT 3 1894104498287 441 8440760958978696694
HIT 3 1992888746095 464 10367030230684006408
HIT 3 1992893726831 464 16368479078686742743
HIT 3 1378704949361 321 9744430017489587329
HIT 3 1567683510385 365 3118481568279653669
HIT 3 1894101024881 441 7884718744238184350
HIT 3 1992885272689 464 12396516259266682652
HIT 3 1378704949360 321 11487362254560450044
HIT 3 1567683510384 365 17178348503168377239
HIT 3 1894101024880 441 14713919450326061623
HIT 3 1992885272688 464 6857623392098643695
HIT 3 1567684100208 365 1313715482697008023
HIT 3 1894101614704 441 15104722999288302855
HIT 3 1992885862512 464 13944325730635156826
HIT 3 1567684100209 365 7263025279737435904
HIT 3 1894101614705 441 5540411961739476376
HIT 3 1992885862513 464 1359956401016634964
HIT 3 1894104498289 441 2136966991952978587
HIT 3 1992888746097 464 14069084696601171024
HIT 3 1894104498288 441 3310791113005596385
HIT 3 1992888746096 464 11440643890674521271
HIT 3 1378704949362 321 536044425978323199
HIT 3 1567683510386 365 14408620606448027026
HIT 3 1894101024882 441 8171744448791400273
HIT 3 1992885272690 464 1144240187253083432
HIT 3 1567684100210 365 2030713205925900990
HIT 3 1894101614706 441 939221555957057230
HIT 3 1992885862514 464 4119711361309790849
HIT 3 1992893726833 464 16332001587956646019
HIT 3 1894104498290 441 6514808444813795661
HIT 3 1992888746098 464 6246485910757569721
HIT 3 1992893726832 464 2815610027556258922
HIT 3 1992893726834 464 875068949260193794
HIT 3 1378704949363 321 13250993279150362620
HIT 3 1567683510387 365 4605623561621367313
HIT 3 1894101024883 441 13298883748051653098
HIT 3 1992885272691 464 17585364039167426128
HIT 3 1378704949364 321 3373052692149449482
HIT 3 1567683510388 365 9427320031232147126
HIT 3 1894101024884 441 4034187180350989609
HIT 3 1992885272692 464 5636594243846281810
HIT 3 1567684100212 365 2516152315081235459
HIT 3 1894101614708 441 6006393862846728911
HIT 3 1992885862516 464 8427799040528886947
HIT 3 1567684100211 365 15085629015195325275
HIT 3 1894101614707 441 5732628743505921763
HIT 3 1992885862515 464 8925710611239411707
HIT 3 1894104498291 441 3539013391172276766
HIT 3 1992888746099 464 12647870946575237044
HIT 3 1894104498292 441 11038317912199758659
HIT 3 1992888746100 464 7892195651298716765
HIT 3 1378704949366 321 2695772331339978358
HIT 3 1567683510390 365 18089801388686253968
HIT 3 1894101024886 441 5773371201819193142
HIT 3 1992885272694 464 9869670825080844754
HIT 3 1567684100214 365 2572969100870520809
HIT 3 1894101614710 441 15780653098576231858
HIT 3 1992885862518 464 16063671732076338520
HIT 3 1992893726835 464 9606664320918200262
HIT 3 1992893726836 464 14621009921227325840
HIT 3 1894104498294 441 747153618823753268
HIT 3 1992888746102 464 16971821238031603005
HIT 3 1378704949365 321 13431619615336680958
HIT 3 1567683510389 365 12747351855304806546
HIT 3 1894101024885 441 917591570966162807
HIT 3 1992885272693 464 14012676076712770816
HIT 3 1567684100213 365 4203811441443532461
HIT 3 1894101614709 441 12508888258075998597
HIT 3 1992885862517 464 6669671918654120133
HIT 3 1992893726838 464 9421476435555066206
HIT 3 1894104498293 441 15574082724849713997
HIT 3 1992888746101 464 14100467921029872214
HIT 3 1992893726837 464 15307209399951383152
HIT 3 1378704949367 321 13683135675726193868
HIT 3 1567683510391 365 13389190678581778345
HIT 3 1894101024887 441 5757739100828720283
HIT 3 1992885272695 464 1942708109259866685
HIT 3 1567684100215 365 9712139965057410833
HIT 3 1894101614711 441 5302051378754748388
HIT 3 1992885862519 464 16155552845989312368
HIT 3 1378704949368 321 12903029136353773452
HIT 3 1567683510392 365 5157697259469480235
HIT 3 1894101024888 441 17735363698401314294
HIT 3 1992885272696 464 5298647540579253329
HIT 3 1567684100216 365 7200137145123957891
HIT 3 1894101614712 441 13629471740409881128
HIT 3 1992885862520 464 13820542891709611039
HIT 3 1894104498295 441 8845043687357008361
HIT 3 1992888746103 464 16741654186127239949
HIT 3 1894104498296 441 2915877928571665164
HIT 3 1992888746104 464 7155407474760652263
HIT 3 1378704949370 321 11070925962581411207
HIT 3 1567683510394 365 13753637987423337560
HIT 3 1894101024890 441 108252939461268121
HIT 3 1992885272698 464 15606527454184701499
HIT 3 1992893726839 464 16208387811448956084
HIT 3 1567684100218 365 5891819477474058625
HIT 3 1894101614714 441 15271809268235607261
HIT 3 1992885862522 464 10886606254824423299
HIT 3 1378704949369 321 6984952950484342253
HIT 3 1567683510393 365 14498571455871222829
HIT 3 1894101024889 441 9687934416560145574
HIT 3 1992885272697 464 3227396263076452819
HIT 3 1567684100217 365 15510769726533560010
HIT 3 1894101614713 441 17382578978113702235
HIT 3 1992885862521 464 600802437961722720
HIT 3 1894104498297 441 6589876511000177919
HIT 3 1992888746105 464 8145386575416417772
HIT 3 1992893726840 464 15146873933731144225
HIT 3 1894104498298 441 11304744753355632438
HIT 3 1992888746106 464 17459123424114118590
HIT 3 1992893726842 464 17779253932943820274
HIT 3 1992893726841 464 2706197980795345160
HIT 3 1378704949373 321 17812171826205100403
HIT 3 1567683510397 365 4499642873479359153
HIT 3 1894101024893 441 10149729929902612190
HIT 3 1992885272701 464 11534104572398274536
HIT 3 1567684100221 365 5714255108306333692
HIT 3 1894101614717 441 18144843350604522146
HIT 3 1992885862525 464 5101220388768432268
HIT 3 1894104498301 441 14885102035565118584
HIT 3 1992888746109 464 10414662644924674604
HIT 3 1378704949371 321 10576097605939977255
HIT 3 1567683510395 365 950791867648333682
HIT 3 1894101024891 441 961895909631672688
HIT 3 1992885272699 464 14959396938246701945
HIT 3 1567684100219 365 11640170138662787369
HIT 3 1894101614715 441 7124175946302249331
HIT 3 1992885862523 464 15004611474991584958
HIT 3 1992893726845 464 10160050556467338456
HIT 3 1894104498299 441 12578729986603033184
HIT 3 1378704949372 321 11784151939909477095
HIT 3 1992888746107 464 5427816103070632785
HIT 3 1567683510396 365 11445478113535670428
HIT 3 1894101024892 441 8685374640783285777
HIT 3 1992885272700 464 11924911184831675015
HIT 3 1567684100220 365 8579508601340089569
HIT 3 1894101614716 441 8483395335968431612
HIT 3 1992885862524 464 13707530627053149798
HIT 3 1992893726843 464 11943918269991205520
HIT 3 1894104498300 441 6836809245817793030
HIT 3 1992888746108 464 7750725499520263541
HIT 3 1378704949374 321 7071409895644663732
HIT 3 1567683510398 365 599224713570092209
HIT 3 1894101024894 441 17916906404756252448
HIT 3 1992885272702 464 9065023477025379922
HIT 3 1567684100222 365 15985445895697626396
HIT 3 1894101614718 441 12049131592789000170
HIT 3 1992885862526 464 2477596083268633269
HIT 3 1992893726844 464 7400951895264590360
HIT 3 1894104498302 441 4437201036325148287
HIT 3 1992888746110 464 17744287830436825873
HIT 3 1992893726846 464 6647992282482478796
HIT 3 1378704949375 321 1886507651739844232
HIT 3 1567683510399 365 6806572084390714352
HIT 3 1894101024895 441 10082607060832643356
HIT 3 1992885272703 464 8899613321797689945
HIT 3 1567684100223 365 10929971709358774239
HIT 3 1894101614719 441 17103925933655381312
HIT 3 1992885862527 464 12983487932351193223
HIT 3 1894104498303 441 1707499812793270419
HIT 3 1992888746111 464 6770865014376920034
HIT 3 1992893726847 464 18193996717296316374
HIT 3 1378704949376 321 3971658453522678862
HIT 3 1567683510400 365 15821165221001946720
HIT 3 1894101024896 441 16645886705308480009
HIT 3 1992885272704 464 5017753926652767933
HIT 3 1378704949377 321 13046422645194489224
HIT 3 1567683510401 365 12878521839645331707
HIT 3 1567684100224 365 13861341693871600000
HIT 3 1894101614720 441 11480130062706313362
HIT 3 1992885862528 464 2537905934562670577
HIT 3 1894101024897 441 7043088669642056180
HIT 3 1992885272705 464 8800278180727577092
HIT 3 1567684100225 365 9691708126199099381
HIT 3 1894101614721 441 15247900522827974733
HIT 3 1992885862529 464 10640189077476130648
HIT 3 1894104498304 441 11294189318341114791
HIT 3 1992888746112 464 16526730815553412473
HIT 3 1894104498305 441 11638093599601557838
HIT 3 1992888746113 464 18220977860778236177
HIT 3 1992893726848 464 15051554947786989457
HIT 3 1992893726849 464 16980253533279726589
HIT 3 1378704949378 321 15666782469980354527
HIT 3 1567683510402 365 7539191087395373373
HIT 3 1894101024898 441 8588743831207384505
HIT 3 1992885272706 464 8162714909390965641
HIT 3 1567684100226 365 8807557069108634496
HIT 3 1894101614722 441 16271271960340321469
HIT 3 1992885862530 464 14142950023112339248
HIT 3 1378704949379 321 655224269005476998
HIT 3 1567683510403 365 7332094301249774829
HIT 3 1894101024899 441 6164794644165295643
HIT 3 1992885272707 464 14290028836855391180
HIT 3 1567684100227 365 631770219230990707
HIT 3 1894101614723 441 15396157109392904811
HIT 3 1992885862531 464 16851594513553683573
HIT 3 1894104498306 441 9637403184779574098
HIT 3 1992888746114 464 15033309896007620735
HIT 3 1894104498307 441 3863079113445130194
HIT 3 1992888746115 464 13343231642745752597
HIT 3 1992893726851 464 11704440428070078806
HIT 3 1992893726850 464 5894851259966017514
HIT 3 1378704949380 321 15396763555250332466
HIT 3 1567683510404 365 5009804873727866042
HIT 3 1894101024900 441 11723622538322702658
HIT 3 1992885272708 464 2699558081745251892
HIT 3 1378704949381 321 17858825508910392314
HIT 3 1567683510405 365 4260011368990884043
HIT 3 1894101024901 441 8169010319853985159
HIT 3 1992885272709 464 12233930483152843019
HIT 3 1567684100229 365 8453494865323590929
HIT 3 1894101614725 441 13486201837451182306
HIT 3 1992885862533 464 2797870868330114172
HIT 3 1567684100228 365 9176204217153530196
HIT 3 1894101614724 441 1077032253000475859
HIT 3 1992885862532 464 8738062314995111410
HIT 3 1894104498308 441 6193927512168198572
HIT 3 1992888746116 464 10141762668091675037
HIT 3 1894104498309 441 5167478588032472401
HIT 3 1992888746117 464 608868084333365662
HIT 3 1992893726853 464 13917887008629798176
HIT 3 1992893726852 464 5174699511677328813
HIT 3 1378704949382 321 8912249180835029457
HIT 3 1567683510406 365 12895419585283040216
HIT 3 1894101024902 441 16042487747085281008
HIT 3 1992885272710 464 2458746761747508151
HIT 3 1567684100230 365 5049472192300353172
HIT 3 1894101614726 441 377008569099779732
HIT 3 1992885862534 464 6160750429610587326
HIT 3 1378704949383 321 12449853052484102898
HIT 3 1567683510407 365 15407708265395758567
HIT 3 1894101024903 441 3581424045605407659
HIT 3 1992885272711 464 12941952869562702482
HIT 3 1567684100231 365 10212224884422341453
HIT 3 1894101614727 441 1718443500369245813
HIT 3 1992885862535 464 11673667973288300070
HIT 3 1894104498310 441 17190600567855205535
HIT 3 1992888746118 464 4614138582123973645
HIT 3 1894104498311 441 4694632122410481057
HIT 3 1992888746119 464 8492599968250649148
HIT 3 1992893726854 464 2257730394049743846
HIT 3 1992893726855 464 12440530291671790576
HIT 3 1378704949385 321 2781523370847540424
HIT 3 1567683510409 365 11305466023804880731
HIT 3 1894101024905 441 12216356113190072049
HIT 3 1992885272713 464 10687478455191023973
HIT 3 1567684100233 365 10387439254456650133
HIT 3 1894101614729 441 2194084380950953445
HIT 3 1992885862537 464 14019929395056841240
HIT 3 1378704949384 321 15971434431921505744
HIT 3 1567683510408 365 9040876390074530591
HIT 3 1894101024904 441 6123512418837126873
HIT 3 1992885272712 464 7036620608432006396
HIT 3 1567684100232 365 16694730493264087254
HIT 3 1894101614728 441 16640015521019140627
HIT 3 1992885862536 464 13732871625667545343
HIT 3 1378704949387 321 15402892445334211687
HIT 3 1567683510411 365 4788121866445777490
HIT 3 1894101024907 441 13308899984997382146
HIT 3 1992885272715 464 13062926779304102990
HIT 3 1567684100235 365 3777167426467219474
HIT 3 1894101614731 441 3572114199802289515
HIT 3 1992885862539 464 1267786943293510494
HIT 3 1894104498315 441 14382775284773547622
HIT 3 1992888746123 464 7078750115920149976
HIT 3 1894104498313 441 8291137984725120433
HIT 3 1992888746121 464 14429813821931378004
HIT 3 1992893726859 464 10113754338434448488
HIT 3 1894104498312 441 12865869841572347508
HIT 3 1992888746120 464 6269545821908269850
HIT 3 1992893726857 464 14449891724378515562
HIT 3 1992893726856 464 36724857055107722
HIT 3 1378704949386 321 1475370890255472369
HIT 3 1567683510410 365 7345439650700104914
HIT 3 1894101024906 441 637056776648823851
HIT 3 1992885272714 464 10425527971098488168
HIT 3 1567684100234 365 14316098585259204583
HIT 3 1894101614730 441 7507860735664336401
HIT 3 1992885862538 464 16124082795105825472
HIT 3 1378704949388 321 9294564343011119761
HIT 3 1567683510412 365 2721391934431591010
HIT 3 1894101024908 441 12048218467302932122
HIT 3 1992885272716 464 6020036059753247723
HIT 3 1567684100236 365 8805454339355396151
HIT 3 1894101614732 441 12401057110698676739
HIT 3 1992885862540 464 8206156668412697894
HIT 3 1378704949389 321 12769103309170584971
HIT 3 1567683510413 365 11025107782346696865
HIT 3 1894101024909 441 15171575061123823846
HIT 3 1992885272717 464 4772999996913503991
HIT 3 1894104498314 441 42727172257327483
HIT 3 1992888746122 464 1283058637674569334
HIT 3 1894104498316 441 13939736316453145299
HIT 3 1992888746124 464 9296590804693158748
HIT 3 1567684100237 365 1734651901341759443
HIT 3 1894101614733 441 3155333603394506267
HIT 3 1992885862541 464 8137793779053001367
HIT 3 1894104498317 441 2201847868301771254
HIT 3 1992888746125 464 1754482852773444080
HIT 3 1992893726858 464 12738860424060257318
HIT 3 1992893726860 464 12917978884577284933
HIT 3 1992893726861 464 357007266426152151
HIT 3 1378704949390 321 231744748522774611
HIT 3 1567683510414 365 1151690746372867728
HIT 3 1894101024910 441 16766024578630703086
HIT 3 1992885272718 464 9112516310495094124
HIT 3 1567684100238 365 9364216928243712183
HIT 3 1894101614734 441 2993962245374914966
HIT 3 1992885862542 464 15114353343528806201
HIT 3 1894104498318 441 4885476159518628334
HIT 3 1992888746126 464 14463358328778653510
HIT 3 1378704949392 321 13415657191178208192
HIT 3 1567683510416 365 9313784222138046186
HIT 3 1894101024912 441 2002747953586105546
HIT 3 1992885272720 464 10579188151046940361
HIT 3 1567684100240 365 15791365050756137671
HIT 3 1894101614736 441 13505184715138122639
HIT 3 1992885862544 464 13036126404012096201
HIT 3 1378704949393 321 14181318447568534292
HIT 3 1567683510417 365 3038842172802090582
HIT 3 1894101024913 441 11805395715903505438
HIT 3 1992885272721 464 1961070058310708812
HIT 3 1567684100241 365 17327173884937547726
HIT 3 1894101614737 441 6401372013807064018
HIT 3 1992885862545 464 13050080503671046926
HIT 3 1992893726862 464 9867490553634551932
HIT 3 1894104498320 441 11536683166453989227
HIT 3 1992888746128 464 11980591798601112921
HIT 3 1894104498321 441 5596454678239635106
HIT 3 1992888746129 464 15816701635194589816
HIT 3 1992893726864 464 10287652732469141573
HIT 3 1378704949391 321 14102765797795368539
HIT 3 1567683510415 365 17825402203754634115
HIT 3 1894101024911 441 6909905637188682635
HIT 3 1992885272719 464 15237171009562764815
HIT 3 1567684100239 365 16960968426072438221
HIT 3 1894101614735 441 6753449788194428209
HIT 3 1992885862543 464 6103784644850009221
HIT 3 1992893726865 464 352227333430446216
HIT 3 1894104498319 441 16943990509093075915
HIT 3 1992888746127 464 6863787212853753211
HIT 3 1992893726863 464 9074178435039688762
HIT 3 1378704949394 321 12046330740429314357
HIT 3 1567683510418 365 7951865878843589223
HIT 3 1894101024914 441 3725010013829603063
HIT 3 1992885272722 464 1618479478046624692
HIT 3 1567684100242 365 64363374416823412
HIT 3 1894101614738 441 3866934321299885960
HIT 3 1992885862546 464 350191221103956793
HIT 3 1894104498322 441 18131361647366966735
HIT 3 1992888746130 464 16285772335231703692
HIT 3 1378704949395 321 13544891302176837723
HIT 3 1567683510419 365 8932905612347758760
HIT 3 1894101024915 441 12072040514537295740
HIT 3 1992885272723 464 4897770938650516330
HIT 3 1378704949396 321 13414139593016687972
HIT 3 1567683510420 365 7399787031243296590
HIT 3 1894101024916 441 17456656933182991979
HIT 3 1992885272724 464 2851639128342770291
HIT 3 1567684100243 365 13157965279913373337
HIT 3 1894101614739 441 15459477498210495152
HIT 3 1992885862547 464 7813494176114593737
HIT 3 1567684100244 365 15298226425493159301
HIT 3 1894101614740 441 11192248191791793241
HIT 3 1992885862548 464 12746791560409182484
HIT 3 1992893726866 464 10346696862543515597
HIT 3 1894104498323 441 16989900073817760275
HIT 3 1992888746131 464 5534371983799640184
HIT 3 1894104498324 441 15035018708698212828
HIT 3 1992888746132 464 13081170652991078914
HIT 3 1992893726867 464 17009883170631188152
HIT 3 1992893726868 464 2576508710143915484
HIT 3 1378704949397 321 15351330415801485236
HIT 3 1567683510421 365 41555762026781317
HIT 3 1894101024917 441 5252379198556816484
HIT 3 1992885272725 464 1596617472909668152
HIT 3 1567684100245 365 15178333554393195535
HIT 3 1894101614741 441 6793299004220056037
HIT 3 1992885862549 464 12045697873143044058
HIT 3 1894104498325 441 8573938718057046814
HIT 3 1992888746133 464 4437204172033118494
HIT 3 1992893726869 464 15628683892283174354
HIT 3 1378704949398 321 13756067125730127264
HIT 3 1567683510422 365 1394827772808863656
HIT 3 1894101024918 441 17020209848266283714
HIT 3 1992885272726 464 596981769758125322
HIT 3 1567684100246 365 10411201755455312029
HIT 3 1894101614742 441 11353451411577038052
HIT 3 1992885862550 464 6939127708919143910
HIT 3 1894104498326 441 18316079299631109943
HIT 3 1992888746134 464 14098653707041210657
HIT 3 1378704949400 321 17076976087083758828
HIT 3 1567683510424 365 2990377628119662927
HIT 3 1894101024920 441 2544986928366716888
HIT 3 1992885272728 464 6652815418670330290
HIT 3 1567684100248 365 14409051604986767317
HIT 3 1894101614744 441 17186388786272532828
HIT 3 1992885862552 464 10662838655837606232
HIT 3 1378704949399 321 1259274635379302691
HIT 3 1567683510423 365 3986762892556493578
HIT 3 1894101024919 441 12859643690762311917
HIT 3 1992885272727 464 3151645043113634427
HIT 3 1894104498328 441 3899336310508110186
HIT 3 1992888746136 464 17754426876433893903
HIT 3 1567684100247 365 11141831631158912390
HIT 3 1894101614743 441 5531053563027542478
HIT 3 1992885862551 464 8282823482611021588
HIT 3 1992893726870 464 13149639817073163192
HIT 3 1992893726872 464 4996000974304485785
HIT 3 1894104498327 441 16553834260034266777
HIT 3 1992888746135 464 187645796482182154
HIT 3 1378704949401 321 10785224547177209370
HIT 3 1567683510425 365 9961623584473072595
HIT 3 1894101024921 441 17706959898463696131
HIT 3 1992885272729 464 12879717321228061145
HIT 3 1567684100249 365 2594369276654674552
HIT 3 1894101614745 441 16538735892039599576
HIT 3 1992885862553 464 6028771457790460049
HIT 3 1894104498329 441 15337248211939922889
HIT 3 1992888746137 464 14343251052976498666
HIT 3 1992893726871 464 12124380816414216330
HIT 3 1992893726873 464 18125823132269165247
HIT 3 1378704949403 321 1475300416751399845
HIT 3 1567683510427 365 8773397327631821191
HIT 3 1894101024923 441 16900576737113387955
HIT 3 1992885272731 464 11191820161440181067
HIT 3 1567684100251 365 9558074058222081138
HIT 3 1894101614747 441 2092571941231861581
HIT 3 1992885862555 464 5607433174268589715
HIT 3 1378704949402 321 4678429027811294372
HIT 3 1567683510426 365 15673141441981325632
HIT 3 1894101024922 441 7097256758804713631
HIT 3 1992885272730 464 14710947262052934456
HIT 3 1894104498331 441 72031446001179067
HIT 3 1992888746139 464 11954557212514473101
HIT 3 1567684100250 365 12718355426401210108
HIT 3 1894101614746 441 6357596558105800544
HIT 3 1992885862554 464 13844089839302509369
HIT 3 1378704949404 321 3276735190162759326
HIT 3 1567683510428 365 11249572225116940942
HIT 3 1894101024924 441 5779505110979626172
HIT 3 1992885272732 464 10366800741292864149
HIT 3 1567684100252 365 5258742008341087393
HIT 3 1894101614748 441 13748143604362822687
HIT 3 1992885862556 464 9265691059315802444
HIT 3 1992893726875 464 5821536515998534476
HIT 3 1894104498330 441 3133454889175886528
HIT 3 1992888746138 464 6381093546858803838
HIT 3 1378704949405 321 4114518265860538568
HIT 3 1567683510429 365 167126193134013423
HIT 3 1894101024925 441 11146662455043495503
HIT 3 1992885272733 464 2109035102137271083
HIT 3 1567684100253 365 3903350727186523592
HIT 3 1894101614749 441 11868599181626571362
HIT 3 1992885862557 464 13556420706594840695
HIT 3 1894104498332 441 16108903694626489405
HIT 3 1992888746140 464 12370288174222288606
HIT 3 1894104498333 441 10587418704307344547
HIT 3 1992888746141 464 11938166768967104439
HIT 3 1992893726874 464 3549564659201768521
HIT 3 1992893726876 464 5232575335377132592
HIT 3 1992893726877 464 15908402968633673342
HIT 3 1378704949406 321 12395866342133870842
HIT 3 1567683510430 365 6140589192311537957
HIT 3 1894101024926 441 11160228878109742889
HIT 3 1992885272734 464 8901005565408118690
HIT 3 1567684100254 365 223346136463156790
HIT 3 1894101614750 441 15178151020051253195
HIT 3 1992885862558 464 7818031515068391369
HIT 3 1894104498334 441 7068255557687777720
HIT 3 1992888746142 464 16130261319849047485
HIT 3 1378704949408 321 7362327179019215767
HIT 3 1567683510432 365 8668427662997620364
HIT 3 1894101024928 441 16462112068726776744
HIT 3 1992885272736 464 14157608792084548391
HIT 3 1992893726878 464 11472128497797466222
HIT 3 1567684100256 365 6937995532025307370
HIT 3 1894101614752 441 13663281418167038275
HIT 3 1992885862560 464 5667762116857703692
HIT 3 1378704949409 321 16766949487948771523
HIT 3 1567683510433 365 12143427289992545788
HIT 3 1894101024929 441 8015485604550715273
HIT 3 1992885272737 464 15301950853223805935
HIT 3 1567684100257 365 9831095320132568941
HIT 3 1894101614753 441 4535051473860750176
HIT 3 1992885862561 464 13662590188591698147
HIT 3 1378704949407 321 2953240151347960370
HIT 3 1567683510431 365 11538671715062784711
HIT 3 1894101024927 441 5747211859590113107
HIT 3 1992885272735 464 3917488855647363532
HIT 3 1567684100255 365 3754967795722934071
HIT 3 1894101614751 441 11681458092649841861
HIT 3 1992885862559 464 1214176903873623712
HIT 3 1894104498336 441 3631790804789994919
HIT 3 1992888746144 464 6262322871074249439
HIT 3 1894104498337 441 455084760968746067
HIT 3 1992888746145 464 619291665185360357
HIT 3 1894104498335 441 13546373860482464218
HIT 3 1992888746143 464 4922992025089051849
HIT 3 1992893726880 464 11596344133087650484
HIT 3 1992893726881 464 7991117516730021492
HIT 3 1992893726879 464 5112804896737469536
HIT 3 1378704949410 321 5098382331894607263
HIT 3 1567683510434 365 840922851163162883
HIT 3 1894101024930 441 6380898717012393649
HIT 3 1992885272738 464 8987045266511860759
HIT 3 1567684100258 365 8903264762295699873
HIT 3 1894101614754 441 16863978317267169699
HIT 3 1992885862562 464 9925129671035697432
HIT 3 1894104498338 441 1679593674505176129
HIT 3 1992888746146 464 4136791781550997421
HIT 3 1378704949411 321 14124475904806093617
HIT 3 1567683510435 365 15338384064600320646
HIT 3 1894101024931 441 13708148043963101761
HIT 3 1992885272739 464 436554822758578215
HIT 3 1567684100259 365 4450514301271030825
HIT 3 1894101614755 441 16216371526097050733
HIT 3 1992885862563 464 3281862428502421067
HIT 3 1992893726882 464 15347690589739759793
HIT 3 1894104498339 441 12045847206752117840
HIT 3 1992888746147 464 18440840398040513219
HIT 3 1992893726883 464 12328973899273264071
HIT 3 1378704949413 321 8915464894512634616
HIT 3 1567683510437 365 12593070653429544574
HIT 3 1894101024933 441 12358647795914471548
HIT 3 1992885272741 464 17450737735464010792
HIT 3 1567684100261 365 15977770494159825101
HIT 3 1894101614757 441 2184553841744425006
HIT 3 1992885862565 464 8115438674846430837
HIT 3 1378704949412 321 6687045593837442417
HIT 3 1567683510436 365 10455527175505805685
HIT 3 1894101024932 441 4426813844752554972
HIT 3 1992885272740 464 15984998966846644446
HIT 3 1378704949414 321 12484517844486212059
HIT 3 1567683510438 365 953341345236086725
HIT 3 1894101024934 441 441998874124902087
HIT 3 1992885272742 464 2392752197837194199
HIT 3 1567684100262 365 7381898794576718070
HIT 3 1894101614758 441 8345734318350985182
HIT 3 1992885862566 464 9902951428047425170
HIT 3 1567684100260 365 16759137162142260420
HIT 3 1894101614756 441 165658847426409565
HIT 3 1992885862564 464 4347033342021970287
HIT 3 1894104498342 441 18262797010018201973
HIT 3 1992888746150 464 1840195567927927412
HIT 3 1894104498340 441 2182954147021900826
HIT 3 1992888746148 464 1433987949029060470
HIT 3 1894104498341 441 4315496396752839019
HIT 3 1992888746149 464 6512699183370858430
HIT 3 1992893726885 464 9420741583536529751
HIT 3 1992893726886 464 740993730520626166
HIT 3 1378704949415 321 3832789001847095086
HIT 3 1567683510439 365 16335597870805996475
HIT 3 1894101024935 441 8440497759759847460
HIT 3 1992885272743 464 3476362536971538306
HIT 3 1567684100263 365 15901548183418520300
HIT 3 1894101614759 441 17908366538928956588
HIT 3 1992885862567 464 9204554607743852542
HIT 3 1992893726884 464 976621932612903884
HIT 3 1894104498343 441 7250942923707897617
HIT 3 1992888746151 464 13622356505228192773
HIT 3 1992893726887 464 720306217650814028
HIT 3 1378704949416 321 8461119735896801050
HIT 3 1567683510440 365 7392011149251265084
HIT 3 1894101024936 441 6444269507477284456
HIT 3 1992885272744 464 3713314756686690194
HIT 3 1567684100264 365 11940437422695767922
HIT 3 1894101614760 441 15549058044873335504
HIT 3 1992885862568 464 13069979313103689019
HIT 3 1894104498344 441 5193503747131652242
HIT 3 1992888746152 464 14703234361612192353
HIT 3 1378704949417 321 13664306308877976350
HIT 3 1567683510441 365 12518758167763188613
HIT 3 1894101024937 441 13525896162605858283
HIT 3 1992885272745 464 15729947487221120865
HIT 3 1567684100265 365 11474396909821464116
HIT 3 1894101614761 441 14531369994455180870
HIT 3 1992885862569 464 567807950021149118
HIT 3 1378704949419 321 6894102812192105799
HIT 3 1567683510443 365 11588605858417934755
HIT 3 1894101024939 441 11525723960634648060
HIT 3 1992885272747 464 9380215080068622583
HIT 3 1567684100267 365 2450323482252702126
HIT 3 1894101614763 441 3684928154170411976
HIT 3 1992885862571 464 15165762065863835934
HIT 3 1378704949418 321 15048750085541021685
HIT 3 1567683510442 365 4522974552590457681
HIT 3 1894101024938 441 8572002575517568272
HIT 3 1992885272746 464 4694827580029087613
HIT 3 1992893726888 464 12124715551166259960
HIT 3 1894104498345 441 6165093371871212838
HIT 3 1992888746153 464 12970239304521268547
HIT 3 1567684100266 365 7092954412026323140
HIT 3 1894101614762 441 12864287744081586816
HIT 3 1992885862570 464 4871915499755922002
HIT 3 1894104498347 441 13740408459034495207
HIT 3 1992888746155 464 12180851752727159984
HIT 3 1894104498346 441 6761839652885203196
HIT 3 1992888746154 464 8836468331777378847
HIT 3 1992893726889 464 2751690275793957955
HIT 3 1992893726891 464 2930469923363209240
HIT 3 1992893726890 464 10712496633803290920
HIT 3 1378704949420 321 15458267758046113702
HIT 3 1567683510444 365 15096041994699331075
HIT 3 1894101024940 441 4281945495681091018
HIT 3 1992885272748 464 7008806275258854067
HIT 3 1567684100268 365 12672640435009335799
HIT 3 1894101614764 441 18012830397284725819
HIT 3 1992885862572 464 8956641916153526491
HIT 3 1378704949421 321 13910955439081335704
HIT 3 1567683510445 365 1926674994758174464
HIT 3 1894101024941 441 6314763836836657644
HIT 3 1992885272749 464 18047587564496521305
HIT 3 1567684100269 365 9970170911617105725
HIT 3 1894101614765 441 9820739274527446519
HIT 3 1992885862573 464 12149288930634885515
HIT 3 1894104498348 441 8379717565622389638
HIT 3 1992888746156 464 9698917005757828726
HIT 3 1378704949423 321 2062787383162964594
HIT 3 1567683510447 365 5765610447721107770
HIT 3 1894101024943 441 3847369483156218832
HIT 3 1992885272751 464 13714141173158311005
HIT 3 1378704949422 321 11409313064267574781
HIT 3 1567683510446 365 486273450051953405
HIT 3 1894101024942 441 14352728154974730281
HIT 3 1992885272750 464 2053639028161548153
HIT 3 1894104498349 441 1482448303179097375
HIT 3 1992888746157 464 6199438700472213193
HIT 3 1567684100270 365 14333242535432077417
HIT 3 1894101614766 441 4712051889929468149
HIT 3 1992885862574 464 2048998883929263527
HIT 3 1567684100271 365 12465672216549431370
HIT 3 1894101614767 441 17019968412096975800
HIT 3 1992885862575 464 3873781411274169028
HIT 3 1992893726892 464 15517565738622123327
HIT 3 1894104498351 441 8246851157582431368
HIT 3 1992888746159 464 11013532795330259962
HIT 3 1894104498350 441 3124611482019167198
HIT 3 1992888746158 464 342618190148101505
HIT 3 1992893726893 464 15832177728686049780
HIT 3 1992893726895 464 5358187610821696988
HIT 3 1992893726894 464 4134876400952334988
HIT 3 1378704949424 321 8955033012943648109
HIT 3 1567683510448 365 7885621556944774842
HIT 3 1894101024944 441 13305059392625466301
HIT 3 1992885272752 464 8818910174739858649
HIT 3 1567684100272 365 14912295350301403486
HIT 3 1894101614768 441 7508598674478804421
HIT 3 1992885862576 464 16429090327916557156
HIT 3 1894104498352 441 16805403794580065373
HIT 3 1992888746160 464 8139569798520230343
HIT 3 1992893726896 464 16686398913627190960
HIT 3 1378704949427 321 1421639755384841278
HIT 3 1567683510451 365 11894067759953909600
HIT 3 1894101024947 441 5398393227613064627
HIT 3 1992885272755 464 17633698522973426094
HIT 3 1567684100275 365 15613766405808455656
HIT 3 1894101614771 441 1655999430520828004
HIT 3 1992885862579 464 2348997304313714936
HIT 3 1378704949426 321 6832322439524061453
HIT 3 1567683510450 365 9797728966458616179
HIT 3 1894101024946 441 7555495807710270971
HIT 3 1992885272754 464 3347879341101241388
HIT 3 1567684100274 365 4529891772286023902
HIT 3 1894101614770 441 14547190472994164590
HIT 3 1992885862578 464 17645780424922293891
HIT 3 1894104498355 441 10124875309190376420
HIT 3 1992888746163 464 17582636849255120844
HIT 3 1378704949425 321 8543770531533707670
HIT 3 1567683510449 365 8064773988567680005
HIT 3 1894101024945 441 16592843605935581636
HIT 3 1992885272753 464 2859438395528428559
HIT 3 1567684100273 365 4946240566082603675
HIT 3 1894101614769 441 2137373580463284872
HIT 3 1992885862577 464 1962592296403779243
HIT 3 1894104498353 441 221956026075827948
HIT 3 1894104498354 441 12554661293797126627
HIT 3 1992888746162 464 15935155403828118027
HIT 3 1992888746161 464 15680895536331542416
HIT 3 1992893726899 464 8711758843556559807
HIT 3 1992893726898 464 16114062053890744357
HIT 3 1992893726897 464 7546110465840264039
HIT 3 1378704949428 321 2091412762309500386
HIT 3 1567683510452 365 1659204064106260367
HIT 3 1894101024948 441 7499442191890453685
HIT 3 1992885272756 464 12076429027441936269
HIT 3 1567684100276 365 7160407507837432201
HIT 3 1894101614772 441 9568461344577064654
HIT 3 1992885862580 464 18156785407055254994
HIT 3 1894104498356 441 14477502855439396939
HIT 3 1992888746164 464 6127323234574067747
HIT 3 1992893726900 464 4039068434206263704
HIT 3 1378704949430 321 6580371691391914849
HIT 3 1567683510454 365 6269878769724029072
HIT 3 1894101024950 441 10707589806078844385
HIT 3 1992885272758 464 16618630068584775837
HIT 3 1378704949429 321 3383285112658996670
HIT 3 1567683510453 365 7306349600070584382
HIT 3 1894101024949 441 11284151725681916278
HIT 3 1992885272757 464 4231001387964238697
HIT 3 1567684100277 365 13834243633240917817
HIT 3 1894101614773 441 12086712766988355711
HIT 3 1992885862581 464 309901110450726720
HIT 3 1567684100278 365 13251389182382514563
HIT 3 1894101614774 441 15900837780571168860
HIT 3 1992885862582 464 12969461343517332444
HIT 3 1378704949431 321 1110370554139659988
HIT 3 1567683510455 365 15424934056839925
HIT 3 1894101024951 441 10290642315595144820
HIT 3 1992885272759 464 9773666095822435775
HIT 3 1567684100279 365 469480975928865852
HIT 3 1894101614775 441 17482812590530493483
HIT 3 1992885862583 464 10706338358302616744
HIT 3 1894104498357 441 16521997412209178784
HIT 3 1992888746165 464 2733694560722242115
HIT 3 1894104498358 441 17159373980756117961
HIT 3 1992888746166 464 4306297964752607733
HIT 3 1894104498359 441 7134904262932371771
HIT 3 1992888746167 464 3611643383323831857
HIT 3 1992893726902 464 14964310677755728863
HIT 3 1992893726901 464 12294771045676153581
HIT 3 1992893726903 464 5517603667361004122
HIT 3 1378704949432 321 6351890950612104217
HIT 3 1567683510456 365 14149730808038816519
HIT 3 1894101024952 441 1389611876005348612
HIT 3 1992885272760 464 7173950468624834093
HIT 3 1567684100280 365 14400768936447292075
HIT 3 1894101614776 441 13926905220620804460
HIT 3 1992885862584 464 8463368946533975233
HIT 3 1894104498360 441 13309699090168945214
HIT 3 1992888746168 464 6978200891541992662
HIT 3 1992893726904 464 15116499089116713798
HIT 3 1378704949434 321 17282358300836443725
HIT 3 1567683510458 365 14915026865680348572
HIT 3 1894101024954 441 3786226668488267876
HIT 3 1992885272762 464 17097510128041629395
HIT 3 1378704949433 321 13539157029061538123
HIT 3 1567683510457 365 13721718641791757293
HIT 3 1894101024953 441 13061039199909096331
HIT 3 1992885272761 464 15913020632690598209
HIT 3 1567684100282 365 1268535626749569963
HIT 3 1894101614778 441 13420093469730648855
HIT 3 1992885862586 464 1423228707495366269
HIT 3 1567684100281 365 14263239199738474352
HIT 3 1894101614777 441 2680527223284476826
HIT 3 1992885862585 464 8146988530769742134
HIT 3 1894104498362 441 7588946332232803531
HIT 3 1992888746170 464 10759346283774562256
HIT 3 1378704949435 321 10177131978575828638
HIT 3 1567683510459 365 18327488721545115705
HIT 3 1894101024955 441 13196631361508563702
HIT 3 1992885272763 464 4732898408802047028
HIT 3 1567684100283 365 9651467648330978117
HIT 3 1894104498361 441 10917674389369435322
HIT 3 1992888746169 464 8215703994866543866
HIT 3 1894101614779 441 14700050309994121293
HIT 3 1992885862587 464 5260196647391121774
HIT 3 1992893726906 464 7099334736505387997
HIT 3 1378704949436 321 15781615779247136160
HIT 3 1567683510460 365 17750179476203289216
HIT 3 1894101024956 441 10584563991191715956
HIT 3 1992885272764 464 6171966200557688612
HIT 3 1567684100284 365 10915341317306089251
HIT 3 1894101614780 441 7762086057629176481
HIT 3 1992885862588 464 9194285701473609349
HIT 3 1992893726905 464 6667880573724632574
HIT 3 1894104498363 441 8145884776721635264
HIT 3 1992888746171 464 14927054945938279534
HIT 3 1894104498364 441 3705211572572834378
HIT 3 1992888746172 464 3832130588049500193
HIT 3 1992893726907 464 8199197453674837700
HIT 3 1992893726908 464 9471748145463826036
HIT 3 1378704949437 321 5007503108774357724
HIT 3 1567683510461 365 8364837124040284931
HIT 3 1894101024957 441 3587771379104766898
HIT 3 1992885272765 464 13768022954955393979
HIT 3 1567684100285 365 7365051038458284636
HIT 3 1894101614781 441 6886264193588118007
HIT 3 1992885862589 464 3143052412971172355
HIT 3 1378704949438 321 11484804983940066606
HIT 3 1567683510462 365 4857011126557806004
HIT 3 1894101024958 441 8416331486063979100
HIT 3 1992885272766 464 13986382828291327423
HIT 3 1567684100286 365 16379978195163407847
HIT 3 1894101614782 441 5196582700304992187
HIT 3 1992885862590 464 2524950295666946691
HIT 3 1378704949440 321 7261785739902926846
HIT 3 1567683510464 365 4669743677279636393
HIT 3 1894101024960 441 14027372619893250972
HIT 3 1992885272768 464 4860758665952626670
HIT 3 1894104498366 441 16487430010464305510
HIT 3 1992888746174 464 16296300751646860194
HIT 3 1567684100288 365 3684678487377673216
HIT 3 1894101614784 441 3512240301228785937
HIT 3 1992885862592 464 14423507765139060167
HIT 3 1378704949439 321 17773514720145149661
HIT 3 1567683510463 365 13838138293828740562
HIT 3 1894101024959 441 15197494893238338494
HIT 3 1992885272767 464 9377293863866278059
HIT 3 1894104498365 441 423363802892319064
HIT 3 1992888746173 464 13657716393450539872
HIT 3 1894104498368 441 1569061842185217017
HIT 3 1992888746176 464 2063779477329383514
HIT 3 1567684100287 365 10678929578177525746
HIT 3 1894101614783 441 17478101285783681262
HIT 3 1992885862591 464 17770300585291765646
HIT 3 1992893726909 464 2832600673268385851
HIT 3 1992893726912 464 7913724580103911359
HIT 3 1992893726910 464 460147314506813623
HIT 3 1894104498367 441 3915650127201230377
HIT 3 1992888746175 464 2736579903576128518
HIT 3 1992893726911 464 13434693109280307340
HIT 3 1378704949443 321 10043653118410699015
HIT 3 1567683510467 365 2853360085392343284
HIT 3 1894101024963 441 311515135455712442
HIT 3 1992885272771 464 5999979135125179640
HIT 3 1567684100291 365 10860275728236696044
HIT 3 1894101614787 441 14499499222658925424
HIT 3 1992885862595 464 7404136639323767787
HIT 3 1378704949441 321 11049966528619378188
HIT 3 1567683510465 365 1541736994420537489
HIT 3 1894101024961 441 6529928567181639746
HIT 3 1992885272769 464 5339684540196532194
HIT 3 1378704949442 321 10293999677688524736
HIT 3 1567683510466 365 8728223732387466420
HIT 3 1894101024962 441 18106699684929182294
HIT 3 1992885272770 464 7023755248052857462
HIT 3 1894104498371 441 7926846525381581774
HIT 3 1992888746179 464 16100290081382094421
HIT 3 1567684100289 365 3208176437851680814
HIT 3 1894101614785 441 1666168617311716021
HIT 3 1992885862593 464 18015182681277487276
HIT 3 1567684100290 365 9979489002457655770
HIT 3 1894101614786 441 4718634398090635526
HIT 3 1992885862594 464 11947145274145819221
