HIT 1 313 313 10990708827911668846
DONE data/p_lam.txt sz=1 range=[0,512) n=512 zero=0 0.5s
HIT 2 20381844 311 9763015776318858845
HIT 2 20643988 315 11001316130918699177
HIT 2 24838292 379 9318697386230245870
HIT 2 30343316 463 9543946303020309349
HIT 2 20644152 315 10990708827911668846
HIT 2 32702776 499 10859350910128118096
HIT 2 32702777 499 10563076562262911580
HIT 2 30474555 465 9250438699371787379
HIT 2 30474617 465 9956609737983450387
DONE data/p_lam.txt sz=2 range=[0,512) n=130560 zero=0 3.2s
HIT 3 1627802304512 379 10927244192440684876
HIT 3 2143198380033 499 9870449696148562831
HIT 3 2143198380039 499 10955156827188630663
HIT 3 2143213518852 499 9645633866584869548
HIT 3 1627813117958 379 9823937753501575479
HIT 3 1997184630791 465 9328358685806213755
HIT 3 1997169491976 465 11224247201421986028
HIT 3 1344334462985 313 10365784236221267186
HIT 3 2143213518859 499 11484438996879517680
HIT 3 1997169491982 465 11221533928494493830
HIT 3 1997169491983 465 10477378004575711468
HIT 3 2143219154956 499 10748454559864169967
HIT 3 1997184630798 465 11199116380622757114
HIT 3 1627802304529 379 11214851753153652494
HIT 3 1627802304531 379 9450948999813008424
HIT 3 2143219154960 499 10902296420569432798
HIT 3 1627813117970 379 9775078244933758502
HIT 3 1997184630802 465 10109605114116364234
HIT 3 1344334462997 313 9615838301049351910
HIT 3 1627802304533 379 9473749472774985981
HIT 3 2143198380054 499 9730073738757272247
HIT 3 2143213518869 499 10155827319405501844
HIT 3 2143209193494 499 9398282880887163424
HIT 3 2143219154964 499 11277458071497869810
HIT 3 2143209193495 499 10772090129420816420
HIT 3 1627802304537 379 10368587531805467013
HIT 3 2143209193496 499 10016558064092020014
HIT 3 1997169491995 465 10538986953763635147
HIT 3 1627813117979 379 9836962857642005797
HIT 3 2143198380062 499 10728351312655939054
HIT 3 2143198380063 499 9273345364591379052
HIT 3 1997184630814 465 9893803988804320687
HIT 3 2143219154972 499 9526735773598727457
HIT 3 2143219154974 499 10028716147799321887
HIT 3 2143213518879 499 10409063350596111861
HIT 3 1997169492003 465 11464761750839259489
HIT 3 1997180305440 465 9533859316418577173
HIT 3 1627802304550 379 9538310861075174058
HIT 3 1344334463013 313 11476288977645357494
HIT 3 1627813117990 379 9848448520812603056
HIT 3 2143209193510 499 11432121726250053562
HIT 3 1997180305445 465 10690653248903327951
HIT 3 1997180305444 465 10232395353303712481
HIT 3 1997184630822 465 11467476511713511978
HIT 3 2143219154983 499 11362616333139965452
HIT 3 1997169492008 465 11375221036027683391
HIT 3 1627813117994 379 10877021749337929313
HIT 3 1997180305450 465 11368470650256903004
HIT 3 2143209193513 499 9365763067887033359
HIT 3 2143219154985 499 10864302114461162381
HIT 3 1997184630827 465 11062524471448729292
HIT 3 1997180305454 465 9441239766161444322
HIT 3 1997184630828 465 10312433867637197576
HIT 3 1997184630829 465 10183581636149214093
HIT 3 1627813117999 379 10589894651473823574
HIT 3 1344334463024 313 11483694907393325870
HIT 3 1997169492016 465 11496825613054610533
HIT 3 2143198380082 499 11242448083319316449
HIT 3 1997180305456 465 10665832320788099994
HIT 3 1627802304563 379 10325265724090048548
HIT 3 2143198380083 499 9517328141519494129
HIT 3 2143219154995 499 9611175692031285794
HIT 3 1997180305461 465 9703703518789932026
HIT 3 1997184630837 465 9603180667958037346
HIT 3 2143213518901 499 10967458856445500452
HIT 3 2143219154997 499 9742181243542788114
HIT 3 2143198380089 499 9612324614074995727
HIT 3 2143209193528 499 11384658586200791072
HIT 3 2143209193530 499 10063581944023844954
HIT 3 1997184630842 465 10214815644160186150
HIT 3 2143213518906 499 10477050660721839317
HIT 3 1997169492027 465 9446829249159193361
HIT 3 2143219155000 499 10036317952386976755
HIT 3 2143198380092 499 10155404658681728124
HIT 3 1627813118011 379 10681708163863877578
HIT 3 1997184630843 465 10253799916238566459
HIT 3 1627813118013 379 10011533549849626037
HIT 3 1997184630845 465 10447771186167006061
HIT 3 2143198380098 499 10657072030112266285
HIT 3 1627802304576 379 9465096148738337513
HIT 3 1344334463041 313 9562364939909959541
HIT 3 2143213518911 499 9799656595935974246
HIT 3 2143213518912 499 9259060495238424637
HIT 3 2143219155010 499 9849598856698963076
HIT 3 1627802304579 379 10495809564442079352
HIT 3 1627813118022 379 11008765064442726141
HIT 3 2143209193540 499 11346418950022349494
HIT 3 2143213518916 499 10775597743630812790
HIT 3 2143219155014 499 9537351730868822396
HIT 3 1344334463049 313 9863067421800357976
HIT 3 1997184630855 465 9895229675334788514
HIT 3 2143213518919 499 10750500217401920203
HIT 3 2143209193545 499 9967564668689790830
HIT 3 1627813118026 379 10974280436717505858
HIT 3 1344334463052 313 11485227529768967023
HIT 3 1627802304588 379 9504672284398069525
HIT 3 1627813118028 379 10553296197889346728
HIT 3 1997169492047 465 11467195100268770517
HIT 3 1344334463056 313 11106231798035668428
HIT 3 2143198380114 499 11472042562059563770
HIT 3 1997184630865 465 11406002506152648745
HIT 3 2143213518930 499 9579000768131301155
HIT 3 1344334463059 313 9948926208636886946
HIT 3 2143198380115 499 9857717783568886010
HIT 3 1997169492053 465 10826058481833222233
HIT 3 1997169492054 465 11067811422467701702
HIT 3 2143198380118 499 11172195246223363103
HIT 3 2143209193557 499 10332964635261001893
HIT 3 1997184630869 465 10479207892726646738
HIT 3 1997169492056 465 10316097797993969708
HIT 3 1997169492058 465 9598609288430169557
HIT 3 2143198380122 499 10519496375060875505
HIT 3 2143213518938 499 10056473410109605401
HIT 3 2143219155032 499 11305033897707139394
HIT 3 1344334463070 313 10883840678631309738
HIT 3 1627813118043 379 9929382331275945556
HIT 3 1627813118044 379 9858906404832277357
HIT 3 1627813118045 379 9815082044666521091
HIT 3 1997180305501 465 9317714393694445464
HIT 3 2143213518941 499 9879559889534704868
HIT 3 1627802304608 379 9987563619782758639
HIT 3 1344334463074 313 11177062641539653761
HIT 3 2143219155042 499 10270249684648989807
HIT 3 1997169492067 465 10155409626535043839
HIT 3 1344334463077 313 10343033312690416364
HIT 3 2143198380133 499 11420272895336648735
HIT 3 1627813118052 379 10170375067098059545
HIT 3 2143209193573 499 11362307795856467402
HIT 3 1997184630884 465 9739839169229994426
HIT 3 1997180305511 465 10744401154919363976
HIT 3 1997184630889 465 9541667992498144195
HIT 3 1997180305516 465 10423917843833002285
HIT 3 1997180305515 465 11121912823542655330
HIT 3 2143219155052 499 9856951898760685999
HIT 3 1997169492079 465 10616928702547814282
HIT 3 2143198380144 499 10235343198765269734
HIT 3 2143219155054 499 9738134154187612768
HIT 3 1627802304626 379 10860021564632237995
HIT 3 2143209193584 499 10768458816456019789
HIT 3 1627813118063 379 9606559851717256794
HIT 3 2143219155056 499 11049196121345688078
HIT 3 2143198380147 499 10714203282512598684
HIT 3 1627802304628 379 10752028234220607249
HIT 3 1997169492085 465 9463914257523306209
HIT 3 1627802304630 379 10024085599033845975
HIT 3 1997169492086 465 11367765313549810780
HIT 3 2143198380150 499 11458375954408853208
HIT 3 2143219155059 499 10408558334877189282
HIT 3 1997169492087 465 11465193343604422080
HIT 3 2143198380153 499 9640744374502544479
HIT 3 2143198380154 499 10167508702266788804
HIT 3 2143209193591 499 9313319101718754294
HIT 3 1627813118073 379 9934858777115347777
HIT 3 2143209193593 499 11528484183765354962
HIT 3 1627802304636 379 11102572539294027814
HIT 3 1997169492092 465 11056183000111089611
HIT 3 1627802304637 379 9487173137121561306
HIT 3 1344334463102 313 9845391819199041526
HIT 3 2143219155067 499 11179210773940640437
HIT 3 2143198380159 499 10349927991077539284
HIT 3 1997169492096 465 10372197804354597060
HIT 3 1627813118079 379 10850590960418642318
HIT 3 2143219155072 499 10893960355406886315
HIT 3 1997184630913 465 9828594637576434682
HIT 3 2143219155070 499 11239202148518012656
HIT 3 1344334463108 313 9250427408717994032
HIT 3 1997180305539 465 9289499908309433543
HIT 3 2143213518979 499 11017545378944347029
HIT 3 1997184630914 465 9507042736786516695
HIT 3 2143209193605 499 10535878653618753397
HIT 3 1344334463111 313 9875792548054819171
HIT 3 1997169492103 465 10107264483866927601
HIT 3 2143213518982 499 9673836417360597006
HIT 3 2143209193607 499 9940065566142926751
HIT 3 2143219155078 499 10782153314264539985
HIT 3 2143198380170 499 11176743758240283962
HIT 3 2143198380171 499 9967818204309488742
HIT 3 2143198380174 499 9619545052368355968
HIT 3 1997184630924 465 11387977702706796477
HIT 3 1627802304655 379 11240626130050917190
HIT 3 1997184630925 465 9977953204730182426
HIT 3 1344334463120 313 9375637276137176017
HIT 3 2143209193615 499 9384765652891418623
HIT 3 2143219155086 499 10237399357210502464
HIT 3 2143213518991 499 10415584582303174598
HIT 3 2143198380178 499 9852677066390881818
HIT 3 1344334594196 313 11409697493875629700
HIT 3 1627802632340 379 10406774051745595002
HIT 3 1627802960020 379 11371507742217251832
HIT 3 1627803091092 379 10524880446388082893
HIT 3 2143198511251 499 9852677066390881818
HIT 3 2143219155088 499 10562904243444475708
HIT 3 1335744659605 311 9763015776318858845
HIT 3 1352924528789 315 11001316130918699177
HIT 3 1627802435733 379 9318697386230245870
HIT 3 1988579688597 463 9543946303020309349
HIT 3 1627802501269 379 10406774051745595002
HIT 3 1344334725269 313 11409697493875629700
HIT 3 1997170344084 465 11261170523408485669
HIT 3 2143199297684 499 9486218817584073506
HIT 3 1627803287700 379 10613297421993922625
HIT 3 1627803484308 379 11123399987979335378
HIT 3 1344335773844 313 10050502894703204005
HIT 3 1344335904916 313 10402610320881494092
HIT 3 1997170933908 465 10445405099959664905
HIT 3 2143200018580 499 9273135905566494812
HIT 3 2143200346260 499 9291309201982294512
HIT 3 1627804401812 379 10671318446578534693
HIT 3 1627804663956 379 10967541602415358255
HIT 3 1344336953492 313 10696717778687211104
HIT 3 1627804991636 379 11359888068493417793
HIT 3 1627805122708 379 9889242499573568907
HIT 3 1997172572308 465 11458597060042219565
HIT 3 1344337608852 313 9979272636046443367
HIT 3 1627805515924 379 10948817048008050629
HIT 3 1344337739924 313 11526970389503909230
HIT 3 1997172899988 465 10202147909793499896
HIT 3 1627805974676 379 10667306790139408507
HIT 3 2143202312340 499 9785943012401608095
HIT 3 1997173555348 465 11502577811209723351
HIT 3 1627806433428 379 10309150688506495886
HIT 3 1997173948564 465 11127216868518299934
HIT 3 2143202836628 499 10117685340465900144
HIT 3 2143202967700 499 10159180448501900670
HIT 3 1344339247252 313 11255555419015591873
HIT 3 1997174538388 465 10435132252341552619
HIT 3 1627807416468 379 10374277107924439210
HIT 3 1627807547540 379 10174893743486992296
HIT 3 1627807613076 379 10266439035539505879
HIT 3 1997180174482 465 10174398495243259528
HIT 3 1997180436626 465 10452728582071797817
HIT 3 2143203950740 499 11233357554648145670
HIT 3 1627808006292 379 9306383966602556474
HIT 3 1997175390356 465 10186733939277741475
HIT 3 1997175586964 465 10796297346288362231
HIT 3 1344340689044 313 10687305866397392164
HIT 3 2143204606100 499 9309686689725879178
HIT 3 2143204737172 499 11200216949069325545
HIT 3 1344340885652 313 11171616014677915159
HIT 3 2143204802708 499 9441584013770027291
HIT 3 2143204868244 499 10924312048604607499
HIT 3 1997176242324 465 9802326134717648249
HIT 3 1344341278868 313 9668943897708774956
HIT 3 1627809120404 379 9556444637920984019
HIT 3 1344341409940 313 9634947252164781784
HIT 3 2143205458068 499 10479353606712291016
HIT 3 1344341606548 313 9442647036024965809
HIT 3 1997176832148 465 11341122857226959051
HIT 3 1344342196372 313 9463776655420392651
HIT 3 1627810168980 379 9791551969320249393
HIT 3 1344342392980 313 9966237183712843034
HIT 3 1997177487508 465 10571045034629378288
HIT 3 1997177553044 465 10541579713659018337
HIT 3 1627810824340 379 9610562571959775619
HIT 3 1344343048340 313 10156429913048496671
HIT 3 1344343244948 313 10659011884578230339
HIT 3 1627811283092 379 11502250897261964481
HIT 3 1627811414164 379 9631046292998079074
HIT 3 2143207620756 499 9816523299140309453
HIT 3 1627811610772 379 10290941759054991275
HIT 3 1997178798228 465 11203406477616715925
HIT 3 2143207882900 499 10486425127283334382
HIT 3 1997179060372 465 9330675406733584564
HIT 3 2143207948436 499 10108003355255653102
HIT 3 1344344162452 313 10484132650084485057
HIT 3 1627812003988 379 9252310101003097770
HIT 3 1997179322516 465 9767380105580485955
HIT 3 1627812200596 379 10266368132532521023
HIT 3 2143208276116 499 11262675190767367012
HIT 3 1344344686740 313 9850618714169373429
HIT 3 2143208734868 499 10023255188332387616
HIT 3 1344344948884 313 9780298847169962545
HIT 3 1335755079828 311 9780298847169962545
HIT 3 1627812855956 379 11406000872545988217
HIT 3 1344345079956 313 9763015776318858845
HIT 3 1352935014548 315 11509771704588642919
HIT 3 1627812987029 379 9958564869097883018
HIT 3 1988590370965 463 9286818414747809286
HIT 3 2143209193621 499 11144117221693864613
HIT 3 2143219155091 499 10714809846484185908
HIT 3 1344345145492 313 11509771704588642919
HIT 3 1623518019732 378 10661725536235739343
HIT 3 2134619127956 497 9774426726849007989
HIT 3 2151798997140 501 9396858151747376432
HIT 3 2143209128084 499 10277577808644109856
HIT 3 1365820113044 318 11401194867227335650
HIT 3 1370115080340 319 10104996193190635475
HIT 3 1421654687892 331 9522204767858943610
HIT 3 1425949655188 332 10889663595367755752
HIT 3 1456014426260 339 10113940407058295426
HIT 3 1529028870292 356 10076993185163153854
HIT 3 1589158412436 370 11353959418938149964
HIT 3 1640698019988 382 11508985581442317309
HIT 3 1657877889172 386 9351140709954990542
HIT 3 1670762791060 389 11038012006593245554
HIT 3 1713712464020 399 10531677377357384511
HIT 3 1722302398612 401 9363441145816413510
HIT 3 1743777235092 406 11339267591097343359
HIT 3 1756662136980 409 9272931850401794141
HIT 3 1795316842644 418 11137586798639329929
HIT 3 1799611809940 419 10778035046233959632
HIT 3 1803906777236 420 9599319904746942011
HIT 3 1851151417492 431 11380528986128436016
HIT 3 1881216188564 438 11302369890997984784
HIT 3 1911280959636 445 9788336398292785058
HIT 3 1924165861524 448 10963388645601273189
HIT 3 1967115534484 458 10795532415113099880
HIT 3 2005770240148 467 11386408391769682182
HIT 3 2070194749588 482 11479535653729460794
HIT 3 2100259520660 489 10362580011049983362
HIT 3 2121734357140 494 10163632080513503898
HIT 3 2143209193620 499 11083008992316862829
HIT 3 2168978997396 505 9377099360905224555
HIT 3 1361525211284 317 11001316130918699177
HIT 3 1988590502036 463 10194053246709351843
HIT 3 2151799259284 501 9471229713996215035
HIT 3 1997180829844 465 9853853907980083691
HIT 3 1627813773460 379 9911007657019165170
HIT 3 2143209914516 499 11275266274078086113
HIT 3 1997181157524 465 11382258913310900559
HIT 3 2143210111124 499 11065537251866000642
HIT 3 1997181354132 465 9501950303116708108
HIT 3 2143210242196 499 9615288167715224720
HIT 3 1997181747348 465 9438793659378799970
HIT 3 1997181943956 465 9833122235244491295
HIT 3 1997182206100 465 9495127819926553933
HIT 3 2143211225236 499 10005245834775626845
HIT 3 1627815542932 379 10165101108728109334
HIT 3 2143211618452 499 9571300906014386462
HIT 3 1997182795924 465 11034144171982596430
HIT 3 1627815805076 379 9724957594982257238
HIT 3 1997183058068 465 10700942050833461673
HIT 3 2143211946132 499 10167650019726988131
HIT 3 1627816394900 379 11387356987323474830
HIT 3 1997183975572 465 9233258344204996834
HIT 3 2143213125780 499 9320941703670564476
HIT 3 1997184303252 465 11401426243428610575
HIT 3 1988594565268 463 10706380700981674771
HIT 3 1636407312532 381 9318697386230245870
HIT 3 2151803388052 501 9592197970297360250
HIT 3 1662177181844 387 10413202323401792139
HIT 3 1735191625876 404 9435771990551204277
HIT 3 1773846331540 413 9845486562432977917
HIT 3 1876925546644 437 11302417434526173445
HIT 3 1885515481236 439 9441276669452345024
HIT 3 1894105415828 441 10431619344545494977
HIT 3 1898400383124 442 11509608251557256751
HIT 3 1924170186900 448 9733392529281094766
HIT 3 1949939990676 454 10984600860025302837
HIT 3 1962824892564 457 9503303535957419995
HIT 3 1967119859860 458 10391109448058595542
HIT 3 1980004761748 461 9545973087580166020
HIT 3 2018659467412 470 10609226298664486479
HIT 3 2040134303892 475 11513413368833243521
HIT 3 2091673911444 487 11299675798379533640
HIT 3 2186163191956 509 9581740595851436999
HIT 3 2005774696596 467 9471229713996215035
HIT 3 1997184958612 465 10918159311574795563
HIT 3 1997185155220 465 9635458842312684969
HIT 3 2143214108820 499 10958043678043586363
HIT 3 2143214239892 499 9274215944668417867
HIT 3 2143214502036 499 11289450326165634214
HIT 3 2143214698644 499 10333716088315926445
HIT 3 2143215616148 499 9990257217312488144
HIT 3 1992889663637 464 11212942385192910945
HIT 3 2143215812756 499 9641254533252445805
HIT 3 1997187252372 465 11131163557765051694
HIT 3 1997187580052 465 9684624777747125836
HIT 3 2143216533652 499 11027599610951989704
HIT 3 1997187776660 465 9876726623173630090
HIT 3 1997188300948 465 9382300637813766043
HIT 3 1997188366484 465 11457189655520630691
HIT 3 1997188497556 465 11217903906534361695
HIT 3 1997189087380 465 9941020924236083454
HIT 3 2143218040980 499 9869420618394985403
HIT 3 1997189218452 465 11156221010639826983
HIT 3 1997189283988 465 11093569182374266079
HIT 3 1997189546132 465 11208741022175985976
HIT 3 2143218434196 499 11274626645235001647
HIT 3 2143218565268 499 11279274142239935181
HIT 3 1997189873812 465 9980796195793595275
HIT 3 2143218892948 499 10180601293542592222
HIT 3 1997190070420 465 9543946303020309349
HIT 3 2001485168788 466 11340810051687507416
HIT 3 2014370070676 469 11373147935915196662
HIT 3 2005780201620 467 11373147935915196662
HIT 3 2010075168916 468 11340810051687507416
HIT 3 2014370136212 469 9284331128673816140
HIT 3 2031550005396 473 10365985296220030596
HIT 3 2087384580244 486 11008919447763169995
HIT 3 2104564449428 490 9615880753172596814
HIT 3 2147514122388 500 10759725295254511023
HIT 3 2143219744916 499 9320241497404514269
HIT 3 2143219941524 499 9374827411389593167
HIT 3 2143220596884 499 9550372826983024575
HIT 3 2151811121300 501 11453221907852081417
HIT 3 2143221252244 499 11453221907852081417
HIT 3 2168991187092 505 9868719710591056123
HIT 3 2186171056276 509 9755621907530176532
HIT 3 2151799128214 501 10186043869571564829
HIT 3 2143209193625 499 9454342789969142542
HIT 3 1997184565398 465 11201408925813402110
HIT 3 1988594696342 463 9764840084268537043
HIT 3 1997184630934 465 10293187320054439317
HIT 3 2138918551702 498 11233152093863516845
HIT 3 1997184762006 465 9805094513811850485
HIT 3 2143213650070 499 10918299852983235638
HIT 3 1627813118107 379 11202102442976995199
HIT 3 1997184630940 465 11473344926463719948
HIT 3 1997180305568 465 10228545468960758894
HIT 3 1997184630945 465 11056179279098969831
HIT 3 2143219155103 499 10160715287896353843
HIT 3 1997184630946 465 9700905629334132629
HIT 3 2143213519011 499 10060443516354384337
HIT 3 1627813118119 379 10179777566049353677
HIT 3 2143213519014 499 9558601877719032878
HIT 3 1997184630952 465 9665477501008258163
HIT 3 2143209193641 499 11286546805262187651
HIT 3 2143213519017 499 9574579161447854621
HIT 3 2143219155116 499 11041017949410667576
HIT 3 2143219155115 499 10465902697649856251
HIT 3 2143219155117 499 9906119601652558110
HIT 3 1997180305584 465 10674900691268214901
HIT 3 1997184630959 465 9851786326604369545
HIT 3 2143219155119 499 10373316434951282150
HIT 3 1997180305585 465 11446672294684182235
HIT 3 1997180305589 465 10689524505464980003
HIT 3 1997184630962 465 11302303851124157300
HIT 3 2143213519032 499 10638629747214047064
HIT 3 1997180305593 465 10393048811671522841
HIT 3 2143209193658 499 11013207330955111796
HIT 3 1627813118139 379 11038942838896555130
HIT 3 1997184630972 465 11390720051431971517
HIT 3 2143209193662 499 11041499798960381353
HIT 3 1997184630977 465 10783405400010413773
HIT 3 1997184630978 465 9375162934591084385
HIT 3 1997180305604 465 11505483705425958504
HIT 3 1997184630980 465 10092415566176190750
HIT 3 1997180305606 465 9491040606206878838
HIT 3 1627813118152 379 9539474815500936745
HIT 3 1997180305608 465 9916207283552102159
HIT 3 1997184630983 465 11118409402609843425
HIT 3 1997184630984 465 10302591888363271746
HIT 3 1997180305609 465 9236594804473545953
HIT 3 2143219155143 499 9659117420198325695
HIT 3 1627813118154 379 11335293581155295304
HIT 3 2143213519051 499 10663715242539467595
HIT 3 2143213519053 499 10037577608626144085
HIT 3 1997180305618 465 10859481320983966350
HIT 3 2143219155152 499 10256364980412563619
HIT 3 1997180305619 465 9336894353860412392
HIT 3 2143219155154 499 9948077975723978402
HIT 3 2143209193686 499 10637190529327399833
HIT 3 1997184630998 465 10580231668095381234
HIT 3 1997184630996 465 9786397304610622999
HIT 3 1627813118168 379 11068201175793652446
HIT 3 2143209193689 499 10299804898057146155
HIT 3 1627813118171 379 10744425074538960389
HIT 3 2143209193691 499 10370608239212091827
HIT 3 2143213519068 499 9531877736613850696
HIT 3 2143219155164 499 9613934419119689272
HIT 3 2143219155165 499 11022199746655367183
HIT 3 1997180305637 465 9921508583983946926
HIT 3 1997180305638 465 11007635389563106813
HIT 3 2143209193702 499 10855660277593540141
HIT 3 1627813118187 379 9952064578860018239
HIT 3 1997180305643 465 10480910692136017186
HIT 3 2143213519081 499 11159436201107514231
HIT 3 2143219155178 499 10094580594074989853
HIT 3 1627813118188 379 9501565560349515617
HIT 3 2143209193708 499 9461509776188468627
HIT 3 1997184631020 465 10490790990108574084
HIT 3 1997184631023 465 9637572840649508859
HIT 3 2143209193713 499 11345342563750783301
HIT 3 1627813118196 379 10012954186208755233
HIT 3 2143209193716 499 10309877974587484837
HIT 3 1997180305657 465 9761753401911319361
HIT 3 1997184631033 465 11112382254623987206
HIT 3 2143219155193 499 10818659677435945271
HIT 3 1627813118203 379 10954940979105067249
HIT 3 1997180305659 465 10482147425166954853
HIT 3 2143219155195 499 9796055413603439933
HIT 3 1997184631038 465 11164724576258329966
HIT 3 1627813118209 379 11103073028435653284
HIT 3 2143213519105 499 10100486308749562564
HIT 3 1997184631040 465 10354705857832466873
HIT 3 1627813118211 379 10897033102146773198
HIT 3 1997184631042 465 9248967420821101837
HIT 3 1997184631045 465 9306996279860189141
HIT 3 2143209193735 499 10465425955407592651
HIT 3 1997184631048 465 10403255277343890660
HIT 3 2143219155208 499 10852995809138045818
HIT 3 2143209193739 499 10607506404907043146
HIT 3 1997180305676 465 9364163367982167236
HIT 3 1997184631052 465 10887442526292711408
HIT 3 1627813118226 379 11255973923552612292
HIT 3 2143213519119 499 10297023914133313420
HIT 3 2143219155215 499 11437204553435867493
HIT 3 2143209193746 499 10094785080207544331
HIT 3 2143219155217 499 9594623553546337274
HIT 3 1997184631059 465 10277495660694584371
HIT 3 2143213519123 499 10582338772866073913
HIT 3 1997184631060 465 9475357153930692703
HIT 3 2143219155219 499 9681943330932654756
HIT 3 1997180305687 465 9587855648419774724
HIT 3 1627813118235 379 10834940237976289775
HIT 3 1997184631065 465 10008316284732521310
HIT 3 2143213519135 499 9529599505630276117
HIT 3 2143209193761 499 10841229135006760272
HIT 3 2143219155231 499 9950635659625681979
HIT 3 1997184631074 465 10352986449059498521
HIT 3 2143219155236 499 10276608669431529131
HIT 3 1997180305704 465 10442527706515264615
HIT 3 1997180305706 465 10310915608469360938
HIT 3 2143209193770 499 9910908025885914712
HIT 3 2143213519144 499 11154764774414766247
HIT 3 1997184631082 465 9745246805291599115
HIT 3 2143213519146 499 10854751500916469790
HIT 3 1627813118249 379 10905676993770473425
HIT 3 2143209193772 499 9418499632775635906
HIT 3 2143213519148 499 10612953838450776031
HIT 3 1997180305711 465 11073859468894475382
HIT 3 2143219155244 499 10259607194075758586
HIT 3 2143209193779 499 10425966508141191635
HIT 3 1997184631091 465 9435722097584881469
HIT 3 1627813249334 379 10077520260642033417
HIT 3 1627813118263 379 10077520260642033417
HIT 3 2143213453623 499 10583264922536379284
HIT 3 2143209259321 499 10859350910128118096
HIT 3 2143209324857 499 9747357718422342209
HIT 3 1997180567866 465 9250438699371787379
HIT 3 1361525211448 317 10990708827911668846
HIT 3 2143209324856 499 10563076562262911580
HIT 3 2143209455928 499 9747357718422342209
HIT 3 1627813511481 379 10358174192271925497
HIT 3 1627813577017 379 9978732616644204106
HIT 3 1997180895545 465 10387488839293167159
HIT 3 2143210045753 499 10580008440125523325
HIT 3 1997181550905 465 9618034180851941785
HIT 3 2143210701113 499 10707491299988493986
HIT 3 2143211159865 499 11475677100865773218
HIT 3 1627815149881 379 10636646793871304686
HIT 3 2143211880761 499 10699396118632362648
HIT 3 1627815870777 379 11386837295745367272
HIT 3 2143211946297 499 10074557977081788774
HIT 3 2143212011833 499 9515868331273408030
HIT 3 1627816001849 379 10946757708326063732
HIT 3 1997183189305 465 9876428313679763308
HIT 3 1997183385913 465 11471396254525420510
HIT 3 1997183713593 465 10851403296911205172
HIT 3 2143212601657 499 11119980250031945964
HIT 3 2143212667193 499 11241929928240212224
HIT 3 1627816919353 379 9267683351097906511
HIT 3 1627816984889 379 10200451642990350206
HIT 3 1988594565433 463 11059051739700772769
HIT 3 1644997247289 383 10780201220599590599
HIT 3 1636407378233 381 10780201220599590599
HIT 3 1657882214713 386 9272327423780337938
HIT 3 1675062083897 390 10566010865348304814
HIT 3 1700831887673 396 9667944732844508667
HIT 3 1726601691449 402 11274348454687815405
HIT 3 1730896658745 403 10756740793983725357
HIT 3 1760961429817 410 10086612887087935347
HIT 3 1769551364409 412 9414725660951957268
HIT 3 1782436266297 415 10548564359745427763
HIT 3 1838270841145 428 9390856464247996387
HIT 3 1868335612217 435 9254833844700092481
HIT 3 1881220514105 438 11292305009918585194
HIT 3 1902695350585 443 10693738953002950220
HIT 3 1924170187065 448 11490119532925356101
HIT 3 1954234958137 455 10542701429795334940
HIT 3 2005774565689 467 11511130330227462838
HIT 3 2027249402169 472 10409111996244827141
HIT 3 2040134304057 475 10856375274947088640
HIT 3 2044429271353 476 11303382397967316327
HIT 3 2083083977017 485 10884185769483229056
HIT 3 2177573257529 507 9813687355859069716
HIT 3 2190458159417 510 10112303589194657943
HIT 3 2005774696761 467 10186043869571564829
HIT 3 2138918682937 498 9961884117867163498
HIT 3 2143213912377 499 11123749902823112178
HIT 3 2143214043449 499 9230740674625107753
HIT 3 2143214305593 499 9531828196228435412
HIT 3 2143214436665 499 9904040641171244591
HIT 3 1997187055929 465 9497414659958715082
HIT 3 2143216861497 499 10610110382701514282
HIT 3 1997188104505 465 10274702431913929921
HIT 3 1997184500024 465 10588938548343538138
HIT 3 2143213519160 499 9883882714036284349
HIT 3 2134629220664 497 9317724120971142074
HIT 3 2151811252536 501 10859350910128118096
HIT 3 1997184500027 465 10896855622576661316
HIT 3 1997184565563 465 10986608144558785138
HIT 3 1997188432185 465 10786066446807099359
HIT 3 1997188825401 465 9281704072874333938
HIT 3 1997189611833 465 10849583051346348038
HIT 3 2143218499897 499 11047398088932237670
HIT 3 2143218696505 499 9877728082632463762
HIT 3 2143218762041 499 10654107240618146858
HIT 3 1997189939513 465 10696620892361970670
HIT 3 1988600070457 463 10696620892361970670
HIT 3 1997190005049 465 11268662618650100884
HIT 3 2031550005561 473 11401430496905371173
HIT 3 2061614776633 480 10769077752107352962
HIT 3 2070204711225 482 9798781510831688240
HIT 3 2108859416889 491 9300198396743972369
HIT 3 2147514122553 500 10769503824642975315
HIT 3 2177578893625 507 9613395802777249965
HIT 3 2186168828217 509 11377017140845364302
HIT 3 2143219548473 499 10414202641950163966
HIT 3 2143220007225 499 10540956598300086208
HIT 3 2143220203833 499 10550376764529768893
HIT 3 2151811121465 501 10957165110882181071
HIT 3 2143221252409 499 10957165110882181071
HIT 3 2147516285241 500 10908032130930367549
HIT 3 2151811252537 501 10563076562262911580
HIT 3 2156106285369 502 10908032130930367549
HIT 3 2168991187257 505 10186801786607634881
HIT 3 2194760991033 511 9514592524253636522
HIT 3 2005780136251 467 9250438699371787379
HIT 3 2143219089723 499 10120571966989582836
HIT 3 2134629220667 497 10573866111201749922
HIT 3 2151809089851 501 9805094513811850485
HIT 3 2143219286331 499 10918299852983235638
HIT 3 1997184631110 465 10293739314459182304
HIT 3 2143219155272 499 9509896047996478984
HIT 3 2143219155275 499 9653701929737156143
HIT 3 1997184631117 465 10605412509041391420
HIT 3 2143213519191 499 9815680694684186827
HIT 3 1997184631128 465 11321806655060201590
HIT 3 2143219155293 499 11057663001710991842
HIT 3 2143219155297 499 9347115185181923491
HIT 3 2143213519207 499 9342646282840547399
HIT 3 1997184631146 465 9807573395857162517
HIT 3 2143213519213 499 11192248191791793241
HIT 3 2143213519225 499 10018553836187982019
HIT 3 2005780136313 467 9956609737983450387
HIT 3 2134629220729 497 11410362119566096043
HIT 3 2143219155317 499 9338363595409851921
HIT 3 1997184893307 465 9740070763147627171
HIT 3 1997185089915 465 9430642410817537017
HIT 3 2143214043515 499 11348571401689179152
HIT 3 1997185220987 465 10528323380497201078
HIT 3 1997185352059 465 10133423036839750141
HIT 3 2143214895483 499 11265367954369161531
HIT 3 2143215288699 499 11103638273963702600
HIT 3 2143219024250 499 10965775734118886699
HIT 3 2143219089786 499 9567560800454778727
HIT 3 2138924188026 498 10654927302045444615
HIT 3 1997184631160 465 9956609737983450387
HIT 3 2143213650296 499 10018553836187982019
HIT 3 2143216402811 499 10267957731098388992
HIT 3 1997188366715 465 10205961084764967631
HIT 3 1997188497787 465 10064940857807950242
HIT 3 1997188628859 465 11142569005116273011
HIT 3 2143217516923 499 9332953570985860666
HIT 3 2143217713531 499 11415731667785840364
HIT 3 1997189153147 465 10173851998959818775
HIT 3 2143218172283 499 11083975462829342401
HIT 3 1997189480827 465 10846456737498619069
HIT 3 2143218368891 499 10548406546138689193
HIT 3 2143218565499 499 9379344276195496790
HIT 3 1997189742971 465 10358247334001939110
HIT 3 2143218696571 499 11268067515719722541
HIT 3 2151808958843 501 11375431717742554200
HIT 3 2022960071035 471 9991993436306332881
HIT 3 2027255038331 472 9929756584128486142
HIT 3 2091679547771 487 9590704823633933002
HIT 3 2130334253435 496 10876939245521294542
HIT 3 2134629220731 497 9450827749418312186
HIT 3 2168988959099 505 9445368924023004531
HIT 3 2173283926395 506 10693102427645426837
HIT 3 2181873860987 508 10079318547715202941
HIT 3 2190463795579 510 9963552919145570964
HIT 3 2194758762875 511 11036135821049774716
HIT 3 2134629351803 497 9431132353638856587
HIT 3 2143219286395 499 10701157365847109583
HIT 3 2143219351931 499 10218596008077117373
HIT 3 2143220466043 499 9850551132756661737
HIT 3 2143220859259 499 10451203213528732979
HIT 3 2143220990331 499 10481692992427345653
HIT 3 2160401187195 503 10636826553403132050
HIT 3 2151811318139 501 10636826553403132050
HIT 3 2143219155336 499 11160353697683714164
HIT 3 2143219155334 499 10980941395732633819
HIT 3 2143219155337 499 10142872554348061568
HIT 3 2143219155360 499 9580418100744788528
HIT 3 2143219155368 499 9265390593271759740
HIT 3 2143219155371 499 9583326003493803563
HIT 3 2143219155382 499 10194729506633077214
HIT 3 2143219155374 499 10730374939217930430
HIT 3 2143219155388 499 9723356149588418572
HIT 3 2143219155396 499 11443078961066726150
HIT 3 2143219155398 499 10545082514492186984
HIT 3 2143220728273 499 10026162476363653156
HIT 3 2143221055953 499 11266397908977062720
HIT 3 2134631186897 497 11266397908977062720
DONE data/p_lam.txt sz=3 range=[0,512) n=22108160 zero=0 63.1s
