DONE data/p_c0.txt sz=1 range=[0,512) n=512 zero=0 0.0s
HIT 2 3670050 56 3315385112073847048
HIT 2 30015522 458 3472644442617213596
HIT 2 24117586 368 2939959188146599844
HIT 2 29753714 454 3487211274851086152
HIT 2 29950322 457 2964446089444677033
DONE data/p_c0.txt sz=2 range=[0,512) n=130560 zero=0 1.0s
HIT 3 249110331394 58 3578757840110716059
HIT 3 1958507315202 456 3534906394941560931
HIT 3 1589140127747 370 4488251666541196439
HIT 3 1589141700610 370 3759543438141601119
HIT 3 1589160050689 370 3232060581338746529
HIT 3 1958529335297 456 3264950249607296846
HIT 3 1958527238144 456 4175108198457530298
HIT 3 1451701174276 338 3764997643378331097
HIT 3 1451701174277 338 3252326434374008891
HIT 3 1958507315206 456 3008837674287098982
HIT 3 1589141700614 370 2508152395172429194
HIT 3 1958508888071 456 4401197352873842811
HIT 3 1958527238149 456 2904017273345653568
HIT 3 249110331400 58 3825448727963911523
HIT 3 1589140127752 370 4018690873949894203
HIT 3 1958507315208 456 3980823854626339641
HIT 3 1589140127754 370 2557799870799188860
HIT 3 1451702747145 338 3742535902607460435
HIT 3 1451701174285 338 3375348959593974252
HIT 3 1589141700621 370 4189530674361908535
HIT 3 1589140127759 370 2441893336945388780
HIT 3 1958507315215 456 4321179488753433802
HIT 3 1958508888081 456 3303336035331865372
HIT 3 249110331410 58 3668687891562490524
HIT 3 1589140127762 370 2466253125389478401
HIT 3 1451702747154 338 4425052905397361184
HIT 3 1451702747156 338 2595350863181472094
HIT 3 1958508888084 456 3437946259635174515
HIT 3 1958527238162 456 2473696935509738866
HIT 3 1451701174294 338 2952222958528619401
HIT 3 1958507315222 456 3697563668789484857
HIT 3 249110331415 58 3233878841590197923
HIT 3 1451701174295 338 3688411510978630380
HIT 3 1958529335317 456 4201645328188546434
HIT 3 1958527238164 456 4259284872507490549
HIT 3 1958529335316 456 4003389438804218690
HIT 3 1958507315224 456 4526196113397432537
HIT 3 1589141700632 370 3226927300455107554
HIT 3 1451701174297 338 2999518914448529161
HIT 3 1958529335319 456 3293145045053563602
HIT 3 1451701174299 338 3521887529916608581
HIT 3 1958527238169 456 2652317210172483737
HIT 3 1451701174300 338 4585802005174295477
HIT 3 1589140127772 370 3180405454321116211
HIT 3 249110331421 58 2616860474331148908
HIT 3 1451701174301 338 2562124919956350066
HIT 3 1451701043230 338 3753938723811675544
HIT 3 1451701174303 338 3753938723811675544
HIT 3 1958527238172 456 3332875727724292487
HIT 3 1958529335324 456 3452187886911404080
HIT 3 1949918953504 454 2443382190946537116
HIT 3 1451702878240 338 2836075314007659940
HIT 3 1589160050718 370 4460217949560212970
HIT 3 249110462498 58 4447959089904494962
HIT 3 240520527907 56 3315385112073847048
HIT 3 1967097380899 458 3472644442617213596
HIT 3 249110593571 58 4447959089904494962
HIT 3 249110855714 58 2456881017954910182
HIT 3 249110921250 58 3988835274860943502
HIT 3 1451702616099 338 3887516305803328244
HIT 3 1589141700643 370 4069952158194992117
HIT 3 1958508036130 456 3688684589284291868
HIT 3 1451701960738 338 2529586554940951873
HIT 3 1451702288418 338 4598493723611573344
HIT 3 1958508560418 456 4328297660634845857
HIT 3 1451702616098 338 3872644976040109411
HIT 3 1949918822434 454 2719482153075515379
HIT 3 1958508757026 456 4301930727056838843
HIT 3 249111838754 58 3315385112073847048
HIT 3 300651511842 70 3972405410895122094
HIT 3 309241446434 72 3274436088784099172
HIT 3 395140792354 92 3457887876244750350
HIT 3 412320661538 96 3297529888369623824
HIT 3 588414320674 137 3576095885643727189
HIT 3 631363993634 147 3271217678591180913
HIT 3 648543862818 151 2982361751673130113
HIT 3 794572750882 185 2630937488855388220
HIT 3 824637521954 192 2863380434179943314
HIT 3 876177129506 204 3726279811227509691
HIT 3 893356998690 208 4231596209467762859
HIT 3 910536867874 212 2562241348545793404
HIT 3 932011704354 217 2793070628190295667
HIT 3 940601638946 219 2413854127207189896
HIT 3 987846279202 230 3230345451426850316
HIT 3 996436213794 232 2471262671707987800
HIT 3 1013616082978 236 2349389693023424342
HIT 3 1047975821346 244 3077025059014685977
HIT 3 1052270788642 245 3292571010824366606
HIT 3 1082335559714 252 3612315991681427635
HIT 3 1146760069154 267 3152175224091998055
HIT 3 1194004709410 278 3983960622035085220
HIT 3 1314263793698 306 3358694159237076130
HIT 3 1352918499362 315 3403118165131895010
HIT 3 1357213466658 316 2584661005563950040
HIT 3 1361508433954 317 4446882881618247006
HIT 3 1382983270434 322 4454875315408390733
HIT 3 1421637976098 331 3318770942363564454
HIT 3 1451702747170 338 4406477051456808325
HIT 3 1477472550946 344 4205892754513701000
HIT 3 1486062485538 346 3993401235891173123
HIT 3 1494652420130 348 3943643973361048381
HIT 3 1507537322018 351 4033923080994583622
HIT 3 1541897060386 359 4412368577124990725
HIT 3 1593436667938 371 2826051548806530450
HIT 3 1610616537122 375 2578992989831856081
HIT 3 1619206471714 377 2691664739718493766
HIT 3 1653566210082 385 3378259678430810849
HIT 3 1683630981154 392 3593675478708591568
HIT 3 1709400784930 398 3705295424136192494
HIT 3 1748055490594 407 4283883496464153143
HIT 3 1838249803810 428 4385384197901802883
HIT 3 1846839738402 430 3856225091108835950
HIT 3 1855429672994 432 3348868477351153120
HIT 3 1868314574882 435 4583140400586639351
HIT 3 1902674313250 443 4027939445526564539
HIT 3 1928444117026 449 2810150309101816382
HIT 3 2027228364834 472 3570140088996042842
HIT 3 2100242808866 489 2486817952583266455
HIT 3 2108832743458 491 2375125888323582351
HIT 3 2113127710754 492 3064098286025336545
HIT 3 2190437122082 510 2493431504593713139
HIT 3 1589141766178 370 3894511255430638816
HIT 3 1597731700770 372 3611037640656818969
HIT 3 1949919084578 454 4581899783806572082
HIT 3 1451703074850 338 4590486604275454409
HIT 3 1958509412386 456 2857927556857061500
HIT 3 1589142290466 370 4212517132179561389
HIT 3 1589142421538 370 2926843747943111885
HIT 3 1958509871138 456 4570807512248250480
HIT 3 1589142749218 370 2954899761822573088
HIT 3 1451703992354 338 2848223949613808222
HIT 3 1589142945826 370 2408291285455842457
HIT 3 1451704254498 338 3840867748607774508
HIT 3 1958510526498 456 3733572687193498269
HIT 3 1451704516642 338 2852872406670260284
HIT 3 1958510788642 456 3639596758078134811
HIT 3 1589143797794 370 2313276088759214287
HIT 3 1958511181858 456 3385328217104825572
HIT 3 1451705106466 338 4546898313929641522
HIT 3 1958511247394 456 3193546003065539349
HIT 3 1451705434146 338 2315150114913110040
HIT 3 1589144846370 370 2389129916600636916
HIT 3 1958512033826 456 2324791755439256441
HIT 3 1451705958434 338 2379892213372215056
HIT 3 1589145042978 370 2440747698667666377
HIT 3 1451706482722 338 4575555919426346384
HIT 3 1451706810402 338 2988764127942983059
HIT 3 1589146026018 370 3023809287578113239
HIT 3 1589146419234 370 3478376704262728893
HIT 3 1958513606690 456 2993556906618949489
HIT 3 1451707531298 338 3520586979059222267
HIT 3 1451707727906 338 3353243695797689502
HIT 3 1958513999906 456 4517744469125441117
HIT 3 1589146943522 370 4342529876145717517
HIT 3 1451708186658 338 3551427775289012920
HIT 3 1589147205666 370 4315533121682639225
HIT 3 1589147664418 370 3155238634644682519
HIT 3 1589147729954 370 3597113986877535474
HIT 3 1958514917410 456 4340952216167141961
HIT 3 1451708842018 338 2599439533797723952
HIT 3 1958514982946 456 3420386521687123605
HIT 3 1451708907554 338 2491211145961826668
HIT 3 1451709038626 338 4492470427048733572
HIT 3 1589147992098 370 3892112987392383520
HIT 3 1958515441698 456 3506450642256930367
HIT 3 1589148844066 370 3347059806456989833
HIT 3 1958516621346 456 2581802136067611870
HIT 3 1589149499426 370 4219593485367862526
HIT 3 1962822205472 457 3605014746631754760
HIT 3 1949939400736 454 3977368602264969107
HIT 3 1958529400864 456 4211560120585942151
HIT 3 1958529466400 456 4163948104518549355
HIT 3 1589149630498 370 2345864706486256278
HIT 3 1451710873634 338 4202569480863723145
HIT 3 1958517145634 456 4448855930520196520
HIT 3 1589150285858 370 3523628640284868610
HIT 3 1451711528994 338 3078410211353093511
HIT 3 1451711791138 338 3761891236800281230
HIT 3 1589150744610 370 2920932778432170577
HIT 3 1589151137826 370 3626540488653849263
HIT 3 1589151596578 370 3752716879081939126
HIT 3 1589151858722 370 4462875309340438382
HIT 3 1451713036322 338 3797670892301168313
HIT 3 1589152251938 370 2662724823803827947
HIT 3 1589152710690 370 2963587153722648726
HIT 3 1589152841762 370 3722380966410248950
HIT 3 1958520160290 456 4229224454533863831
HIT 3 1451714084898 338 4548395529658788173
HIT 3 1451714150434 338 3559445083311438727
HIT 3 1958520356898 456 2489065162748658827
HIT 3 1958520422434 456 2753625639635034701
HIT 3 1589153431586 370 3997303301846126677
HIT 3 1451714674722 338 4411770256523815339
HIT 3 1451714805794 338 3744725614372906739
HIT 3 1958521077794 456 2743236304119711970
HIT 3 1589154086946 370 2606278956455250008
HIT 3 1589154152482 370 4507881065413375817
HIT 3 1451715592226 338 2468664918050741053
HIT 3 1958521733154 456 3363055246862709585
HIT 3 1589141569572 370 3475225798497008724
HIT 3 1451716182050 338 2957890977986789724
HIT 3 1451716247586 338 4456759637591939493
HIT 3 1451716378658 338 4376232771989951351
HIT 3 1589155528738 370 4434630687525885086
HIT 3 1589155659810 370 2524440611043053211
HIT 3 1589155856418 370 2721703911115152897
HIT 3 1958523043874 456 2565433694882561530
HIT 3 1958523109410 456 4032697451417618377
HIT 3 1451717099554 338 4222308901360461114
HIT 3 1958523371554 456 3598487678357542177
HIT 3 1451717296162 338 2511712395685202136
HIT 3 1451717492770 338 2959455218572186399
HIT 3 1958523633698 456 3767812989180552224
HIT 3 1589156511778 370 2466080429610099232
HIT 3 1589156773922 370 4054923093635393022
HIT 3 1451717951522 338 3068055028969153135
HIT 3 1451718148130 338 3548433153383545096
HIT 3 1958524420130 456 3367808403739347673
HIT 3 1958524616738 456 3075025830697800336
HIT 3 1451718869026 338 2344778305427353797
HIT 3 1589157953570 370 4360963543814554575
HIT 3 1958525337634 456 4509195864024143274
HIT 3 1451719327778 338 2361451758752886150
HIT 3 1589158412322 370 2717491466684516960
HIT 3 1589158477858 370 2724866872456987394
HIT 3 1958525927458 456 3255548715455503457
HIT 3 1451719852066 338 3374233303142696402
HIT 3 1589158936610 370 2976014645861398512
HIT 3 1589159002146 370 3303097268821343949
HIT 3 1451720179746 338 3929990352988591346
HIT 3 1958526320674 456 3153508805436090637
HIT 3 1451720441890 338 3586088765234061977
HIT 3 1958526844962 456 3527412305249451019
HIT 3 1589159854114 370 3787941737873990198
HIT 3 1473195933730 343 4270912450963764417
HIT 3 1477490901026 344 4492694621692427232
HIT 3 1503260704802 350 3395134540789256491
HIT 3 1516145606690 353 3976246145677424752
HIT 3 1554800312354 362 4567360453004392463
HIT 3 1563390246946 364 3747276234550394462
HIT 3 1580570116130 368 3704054722907668658
HIT 3 1640699658274 382 2920736687438408617
HIT 3 1666469462050 388 4299332073171684904
HIT 3 1683649331234 392 4401062135374624275
HIT 3 1692239265826 394 4486573291736682963
HIT 3 1700829200418 396 4434452523176844287
HIT 3 1705124167714 397 3823984292708018507
HIT 3 1756663775266 409 3974160277564091479
HIT 3 1786728546338 416 4580225060220963850
HIT 3 1881217826850 438 3742806134740336176
HIT 3 1889807761442 440 4312744374397068785
HIT 3 1898397696034 442 2541937389231894313
HIT 3 1911282597922 445 4581004409121594439
HIT 3 1915577565218 446 3978183865703773379
HIT 3 2083081289762 485 3818915833006630287
HIT 3 2121735995426 494 3265027155980804790
HIT 3 1464606064674 341 4270912450963764417
HIT 3 1958527303714 456 2505118830326942509
HIT 3 1949937434658 454 3465448473245044126
HIT 3 1589160247330 370 3102662665711864971
HIT 3 1958528024610 456 3638153350603207670
HIT 3 1958528090146 456 3995734657761291031
HIT 3 1958528286754 456 4575760699597882576
HIT 3 1958528417826 456 2441070263838928237
HIT 3 1589161295906 370 2571382123521743874
HIT 3 1958528679970 456 3537301452632711646
HIT 3 1589161623586 370 2784733108207019807
HIT 3 1589161754658 370 4168304912648912672
HIT 3 1589162016802 370 4233607457698700241
HIT 3 1597752016930 372 4233607457698700241
HIT 3 1958529269794 456 3371948476973272197
HIT 3 1606342017058 374 2835233714470780804
HIT 3 1627816853538 379 4108305932949439749
HIT 3 1644996722722 383 2828861066266699792
HIT 3 1683651428386 392 4300992303438373291
HIT 3 1687946395682 393 2609023065430198883
HIT 3 1692241362978 394 3419261357470119195
HIT 3 1808205479970 421 4258265326503124847
HIT 3 1816795414562 423 2797131135876108705
HIT 3 1821090381858 424 2786730574416349248
HIT 3 1881219924002 438 2874508713770426613
HIT 3 1919874629666 447 3090739001280026392
HIT 3 1958529335330 456 3449940787462846103
HIT 3 1975709204514 460 3815050854281536132
HIT 3 2018658877474 470 3700936355853741268
HIT 3 2057313583138 479 3604371661210793415
HIT 3 2143212929058 499 2548785204906062761
HIT 3 2156097830946 502 4185002446664516958
HIT 3 2168982732834 505 3070732106162469389
HIT 3 1949939531810 454 4139320022652367769
HIT 3 1958529597474 456 4217709909977938664
HIT 3 1958529728546 456 4115615559248744966
HIT 3 1958530121762 456 3971310872246119715
HIT 3 1958530318370 456 3129215484685774981
HIT 3 1949939400739 454 3962591344498374950
HIT 3 1967119269923 458 2793935884044930348
HIT 3 1958531301410 456 4439458571787264889
HIT 3 1958531956770 456 4289367630017161689
HIT 3 1958532349986 456 4100402172479004266
HIT 3 1958532415522 456 3775741852708098851
HIT 3 1958532546594 456 3929638096839257720
HIT 3 1958532743202 456 3313014494665704961
HIT 3 1958532808738 456 4227904833488809612
HIT 3 1958533529634 456 2693549104566075255
HIT 3 1958534512674 456 2912657207353490861
HIT 3 1984304775202 462 2466201419736142414
HIT 3 1988599742498 463 3051002222166742322
HIT 3 2031549415458 473 3428366323875245044
HIT 3 2108858826786 491 4259422655035267061
HIT 3 2138923597858 498 4472327703246426155
HIT 3 2186168238114 509 2797105981240161237
HIT 3 1975715037218 460 3472644442617213596
HIT 3 1958529335333 456 4478103385608758137
HIT 3 1597749985316 372 2403707477081323430
HIT 3 1962822205476 457 3525313511535938134
HIT 3 1958527369252 456 2584494816043549233
HIT 3 1451702747177 338 4268490303100541646
HIT 3 1589141700648 370 2538425436330766656
HIT 3 1958508888108 456 4544330070573150551
HIT 3 1589160050730 370 3065217848432893729
HIT 3 1958529335338 456 3481384458830018169
HIT 3 1589160050733 370 3670507013826086453
HIT 3 1451702747185 338 3690886036842372632
HIT 3 1589160050734 370 4142331583292731765
HIT 3 1958508888114 456 4486568743165545222
HIT 3 1589160050737 370 3440449279219119795
HIT 3 1589141700661 370 4032785706360750497
HIT 3 1958508888119 456 3749646422916692967
HIT 3 1958508757046 456 3749646422916692967
HIT 3 1958527238196 456 2668861560393492058
HIT 3 1958529335348 456 4313564419883777905
HIT 3 1589142028346 370 2328825284781924194
HIT 3 1451703205946 338 2351209277533227114
HIT 3 1451703795770 338 2683296632947918994
HIT 3 1958510133306 456 4151109929820118644
HIT 3 1451704254522 338 2785831832605119693
HIT 3 1451704320058 338 2456516104186205205
HIT 3 1958510526522 456 2478000727167317509
HIT 3 1958510657594 456 4503467040513871165
HIT 3 1958510723130 456 3477520583624615352
HIT 3 1451705040954 338 2934495474276575299
HIT 3 1958511312954 456 4325417181390329825
HIT 3 1589141897275 370 2328825284781924194
HIT 3 1589160050744 370 3514043685054984735
HIT 3 1597749985336 372 2449275395582645846
HIT 3 1958511509562 456 2840769161640917912
HIT 3 1451705499706 338 3835029980890225933
HIT 3 1589144584250 370 4331280768468615224
HIT 3 1451705761850 338 3292493037373026765
HIT 3 1958512164922 456 3665132102744020534
HIT 3 1451706286138 338 4309333250307271233
HIT 3 1958512427066 456 3573468944935703901
HIT 3 1589145436218 370 3171044593551195896
HIT 3 1451706941498 338 4505840001554084610
HIT 3 1958529204280 456 2978171879169200890
HIT 3 1967119269944 458 4038655795977132978
HIT 3 1451707269178 338 2502720313831993542
HIT 3 1589146419258 370 3149406562330677968
HIT 3 1451707859002 338 4090790765606022328
HIT 3 1589146878010 370 3052671873759891727
HIT 3 1589147074618 370 4132774097177124539
HIT 3 1958514655290 456 3686847601339120405
HIT 3 1958514720826 456 2554338722142061866
HIT 3 1451708710970 338 2622638457954307662
HIT 3 1589147664442 370 2567224290762779948
HIT 3 1589147729978 370 3739271673969213737
HIT 3 1589147795514 370 2482444866308314631
HIT 3 1958514982970 456 4369454331646852473
HIT 3 1451708907578 338 3588132704862240442
HIT 3 1451708973114 338 3701801383669126123
HIT 3 1589148188730 370 2394765151573654858
HIT 3 1958515572794 456 3774969817390247435
HIT 3 1451709562938 338 3832984803721818734
HIT 3 1958515703866 456 2641640314368914742
HIT 3 1451709694010 338 3415019109547323129
HIT 3 1451709759546 338 3886841614497003366
HIT 3 1958516031546 456 3878650311733751993
HIT 3 1589149040698 370 3843118665578931505
HIT 3 1589149106234 370 4332754307814509002
HIT 3 1958516424762 456 2816860133486267585
HIT 3 1451710414906 338 3440307177039223794
HIT 3 1589149433914 370 3038387404066597327
HIT 3 1451710545978 338 4427907846903910628
HIT 3 1589149564986 370 3895590958903684347
HIT 3 1451710808122 338 4542840438021754151
HIT 3 1451711004730 338 2474844410314779521
HIT 3 1451711266874 338 3562973467608189037
HIT 3 1451711463482 338 3661149613681249537
HIT 3 1589150613562 370 3014327240339476652
HIT 3 1589150810170 370 3365353005429757263
HIT 3 1958518063162 456 3059952515761262581
HIT 3 1958518194234 456 2776912390230417105
HIT 3 1958518325306 456 4238103116248850196
HIT 3 1589151334458 370 2824192220952763527
HIT 3 1589151465530 370 4376370772628121719
HIT 3 1589151858746 370 2984552678662775007
HIT 3 1451713036346 338 3032802509150794298
HIT 3 1451713429562 338 3212018912215940296
HIT 3 1589152579642 370 3941053680149329040
HIT 3 1589152841786 370 4516165891287924621
HIT 3 1958520029242 456 2358403825751903503
HIT 3 1451713953850 338 4220007887993627808
HIT 3 1958520160314 456 3003524072876335752
HIT 3 1958520291386 456 4343948419562583874
HIT 3 1451714609210 338 2748567113442353886
HIT 3 1589153562682 370 3144958815005099625
HIT 3 1958520946746 456 2532355638535416634
HIT 3 1958521274426 456 4395058988207315661
HIT 3 1958521471034 456 3981330129226266005
HIT 3 1451715592250 338 3564690370525930357
HIT 3 1589154742330 370 4517512705955368948
HIT 3 1451716051002 338 2961458042924427436
HIT 3 1958522388538 456 3597336715460159744
HIT 3 1451716378682 338 3654395924131762502
HIT 3 1958522716218 456 4126132188682512547
HIT 3 1451716706362 338 3328070531245583597
HIT 3 1451716837434 338 4438814296056578593
HIT 3 1451717754938 338 4445446834768840714
HIT 3 1589157298234 370 4582802673388058572
HIT 3 1589157494842 370 3060836215990454718
HIT 3 1958525009978 456 2607278218877270927
HIT 3 1451718934586 338 4390920453238678594
HIT 3 1589157888058 370 4382069446047396590
HIT 3 1589157953594 370 3245672441075838128
HIT 3 1451719327802 338 3291561636807558908
HIT 3 1958525468730 456 2707345598571290202
HIT 3 1589158346810 370 2665780874951068950
HIT 3 1451719524410 338 3258087078280887708
HIT 3 1958526058554 456 2485784606282119641
HIT 3 1589158936634 370 2976510277705382829
HIT 3 1451720048698 338 3127812455241092840
HIT 3 1451720114234 338 2705903842400673255
HIT 3 1451720245306 338 2343289855251316497
HIT 3 1589159395386 370 2631466147073745810
HIT 3 1958526648378 456 4409065028937838251
HIT 3 1589159526458 370 2588313143105395402
HIT 3 1481785868346 345 4558209033929046381
HIT 3 1503260704826 350 2516822880532845864
HIT 3 1511850639418 352 3059633744931011619
HIT 3 1563390246970 364 4291540910853227905
HIT 3 1571980181562 366 3674286644618425793
HIT 3 1580570116154 368 3003643326919040059
HIT 3 1593455018042 371 2999125145830680326
HIT 3 1627814756410 379 4454145413369035645
HIT 3 1675059396666 390 3097367769416862095
HIT 3 1726599004218 402 3349188672278655819
HIT 3 1868332924986 435 3699962950221544865
HIT 3 1932757434426 450 3495424277700495028
HIT 3 1937052401722 451 3666241265019019290
HIT 3 2035836649530 474 2600537079447593308
HIT 3 2113146060858 492 4243176344381092701
HIT 3 2147505799226 500 2425375526330008316
HIT 3 2156095733818 502 4390394030053826031
HIT 3 1589160116282 370 4033553687874477335
HIT 3 1962822336570 457 2874967961403456129
HIT 3 1958527434810 456 3734129910334218886
HIT 3 1958527893562 456 3192482097678575625
HIT 3 1958528155706 456 3264339850841724284
HIT 3 1958528417850 456 2937129913284391835
HIT 3 1589161623610 370 4249849850014519590
HIT 3 1958528811066 456 4488384896306313035
HIT 3 1958528876602 456 4049765658671515802
HIT 3 1580571951162 368 4142262791335338785
HIT 3 1589161951290 370 4142262791335338785
HIT 3 1958529269818 456 2350816450431953876
HIT 3 1636406788154 381 3546134918241875408
HIT 3 1653586657338 385 3970239993555980274
HIT 3 1692241363002 394 3552637851866815409
HIT 3 1765255807034 411 3198185737959766416
HIT 3 1791025610810 417 3357530889699654572
HIT 3 1821090381882 424 2419131156185124974
HIT 3 1864040054842 434 2839403224127944321
HIT 3 1898399793210 442 4024330304104415653
HIT 3 1945644433466 453 2454021281681335648
HIT 3 1997184041018 465 3299396109297344868
HIT 3 2035838746682 474 4102847138704368175
HIT 3 2074493452346 483 2801580164299037219
HIT 3 2087378354234 486 4042539283912341584
HIT 3 2117443125306 493 3283892916320983078
HIT 3 2164687765562 504 2986761378531598061
HIT 3 1962824368186 457 2906062361677963235
HIT 3 1958529728570 456 3970339165185360464
HIT 3 1958529925178 456 3674744787843483459
HIT 3 1958530187322 456 3240736229072868441
HIT 3 1958530383930 456 4538366432265372145
HIT 3 1958530711610 456 2947212425549893868
HIT 3 1958532218938 456 2657593573718356106
HIT 3 1958532612154 456 4290427948221458250
HIT 3 1958532743226 456 2532218305075396214
HIT 3 1958532939834 456 3680767013792718799
HIT 3 1949937303612 454 4250058999101346227
HIT 3 1967117172796 458 2403707477081323430
HIT 3 1958533398586 456 4489485357296098424
HIT 3 1958534512698 456 4382600315837425787
HIT 3 1949944774714 454 4154713226127558021
HIT 3 1958534709306 456 3329453186104936743
HIT 3 1958534774842 456 4154713226127558021
HIT 3 1967124906042 458 4511720626945206975
HIT 3 2035844382778 474 2547241140867073025
HIT 3 2065909153850 481 3999379506974685885
HIT 3 2130333663290 496 2855722759158928442
HIT 3 2147513532474 500 3833463245678245304
HIT 3 1975714906170 460 4511720626945206975
HIT 3 1589160050747 370 4346729578689708586
HIT 3 1958527238203 456 3042479384626374528
HIT 3 1958529204284 456 3848709961574424162
HIT 3 1958529466428 456 2584494816043549233
HIT 3 1958527238207 456 3124163240220617292
HIT 3 1589160050752 370 2620135652673804006
HIT 3 1958527238208 456 3283854182684683303
HIT 3 1589160050760 370 3674242353160896858
HIT 3 1958527238222 456 3677971589781823125
HIT 3 1958527238229 456 3604402761807952921
HIT 3 1958529335380 456 3588162029944089377
HIT 3 1958527238232 456 4076647823262587051
HIT 3 1958527238231 456 4433417875573846466
HIT 3 1958529335385 456 3748042680482033063
HIT 3 1958527238237 456 4029834452629692509
HIT 3 1958529335392 456 3013626772863804645
HIT 3 1958527238241 456 4169759333811039515
HIT 3 1589160050788 370 3119221353446207634
HIT 3 1958529335402 456 2501521760925950468
HIT 3 1589160050795 370 3765788758304733148
HIT 3 1589160050798 370 4324762496929680999
HIT 3 1589160050799 370 2923631843225107696
HIT 3 1958527238255 456 3477925102078352558
HIT 3 1958529335409 456 4054419834345324071
HIT 3 1958529335410 456 4206115481050181426
HIT 3 1958529335411 456 4368914680775621689
HIT 3 1589160050806 370 3219060472747075619
HIT 3 1589160050811 370 2676989101887555594
HIT 3 1589160050814 370 3229406158379062718
HIT 3 1958527238275 456 4100566102810768670
HIT 3 1589160050821 370 4250695888260994451
HIT 3 1958527238277 456 2417250668289085699
HIT 3 1958529335430 456 2561869843031785154
HIT 3 1958527238283 456 2334945030301911666
HIT 3 1958529335445 456 3701564850893461577
HIT 3 1958529335450 456 2920345290093502275
HIT 3 1589160050843 370 3092842459749744340
HIT 3 1958527238300 456 4144292519877764204
HIT 3 1958529335452 456 4592947365592165304
HIT 3 1958527238303 456 2752305225428731371
HIT 3 1958527238306 456 2901487514276947361
HIT 3 1958529335469 456 2992784335438879372
HIT 3 1958529335470 456 4251802785600345226
HIT 3 1589160050865 370 3474945894460686023
HIT 3 1958527238321 456 2764392839908173824
HIT 3 1958527238323 456 2759723265295656022
HIT 3 1958529335473 456 3022026803217500640
HIT 3 1958529335475 456 2670401134820150368
HIT 3 1958529335476 456 4416277438387259224
HIT 3 1589160050880 370 2531683420125247710
HIT 3 1958529335490 456 3317087275147025573
HIT 3 1958529335493 456 3860727597582423346
HIT 3 1958527238342 456 2753922230281362633
HIT 3 1958529335495 456 2631650718564448395
HIT 3 1589160050897 370 4031016625192306205
HIT 3 1589160050899 370 4607598186144384417
HIT 3 1589160050901 370 2550470172548742932
HIT 3 1958529335509 456 3102419044510288005
HIT 3 1958527238356 456 3767225822987551028
HIT 3 1958529335511 456 2377638606853032544
HIT 3 1589160050908 370 3702139193229839024
HIT 3 1958529335516 456 3165791797421539017
HIT 3 1589160050914 370 3544831672593687870
HIT 3 1958527238369 456 4023493668336698222
HIT 3 1589160050916 370 4415267214129785237
HIT 3 1958527238379 456 3137057495416845675
HIT 3 1958527238385 456 3988856237248900117
HIT 3 1958527238397 456 3527150690542818807
HIT 3 1958527238398 456 2786236131264125571
HIT 3 1958529335550 456 3497200613241819063
HIT 3 1958527238401 456 2749118116010776375
HIT 3 1958529335561 456 2310343289140247847
HIT 3 1589160050956 370 3601418761687150572
HIT 3 1589160050958 370 4205769449983967335
HIT 3 1589160050964 370 2679312739641827326
HIT 3 1958529335571 456 2405171286888063536
HIT 3 1589160050965 370 3065296303421717152
HIT 3 1589160050966 370 4300514109611614241
HIT 3 1958529335575 456 3492306121184914510
HIT 3 1589160050972 370 3189796133048121065
HIT 3 1958529335585 456 4488579835147553678
HIT 3 1589160050979 370 4578783376582111099
HIT 3 1958529335587 456 2660269379274381488
HIT 3 1958527238440 456 3547798757430677707
HIT 3 1589160050988 370 4554929965146982754
HIT 3 1958529335600 456 2894771053798070198
HIT 3 1589160050997 370 4528981815499588092
HIT 3 1589160050998 370 4372495915102814309
HIT 3 1589160051002 370 4321758424725840727
HIT 3 1958529335607 456 4608807674786744571
HIT 3 1958529335612 456 3932613044263399660
HIT 3 1589160051009 370 3666421345786931949
HIT 3 1958527238469 456 2827782750234616651
HIT 3 1958529335621 456 3644870845766793908
HIT 3 1589160051016 370 3378055681517041120
HIT 3 1589159919950 370 2851111182438088947
HIT 3 1589160051023 370 2851111182438088947
HIT 3 1958527893842 456 2965531543468971988
HIT 3 1589161165138 370 2537355753064067727
HIT 3 1958528352594 456 2441089947088547272
HIT 3 1589161296210 370 3613614194560608476
HIT 3 1958528549202 456 3517330880853310319
HIT 3 1958528614738 456 3518905855982824094
HIT 3 1589161623890 370 2327497573173061426
HIT 3 1580570247507 368 2939959188146599844
HIT 3 1958529204563 456 3818150515041168125
HIT 3 1962824302928 457 4028166288435493896
HIT 3 1958529204564 456 2459116936161871543
HIT 3 1958529335638 456 3943880515556836587
HIT 3 1589162082642 370 2939959188146599844
HIT 3 1619226919250 377 3098800086174783529
HIT 3 1623521886546 378 4551437616494378906
HIT 3 1700831297874 396 2678269920798538667
HIT 3 1743780970834 406 3352636684893737071
HIT 3 1756665872722 409 2928845108457956896
HIT 3 1799615545682 419 4264188141728879359
HIT 3 1808205480274 421 2562211261636480069
HIT 3 1872629989714 436 3264514265754866282
HIT 3 1885514891602 439 2723528974714291594
HIT 3 1911284695378 445 2957688309360606217
HIT 3 1928464564562 449 2326114313566658108
HIT 3 1932759531858 450 2440769039909246608
HIT 3 2022953845074 471 2549489222864606592
HIT 3 2100263256402 489 3421788251071391625
HIT 3 2138917962066 498 4580818809219864469
HIT 3 2143212929362 499 3400504608896776603
HIT 3 2164687765842 504 3308391236913747571
HIT 3 1958529597778 456 2888054461404538258
HIT 3 1958530253138 456 3670976327201923493
HIT 3 1958530777426 456 3554894763227459013
HIT 3 1958532088146 456 2449360834660353498
HIT 3 1958532481362 456 4038891354995020555
HIT 3 1958534316370 456 2727467696624113518
HIT 3 1958534644050 456 3990526043273918712
HIT 3 1949944774994 454 3276205818778376881
HIT 3 1958534775122 456 3276205818778376881
HIT 3 1997189677394 465 2605338801258755227
HIT 3 2018664513874 470 4144630948914487841
HIT 3 2057319219538 479 3587818588676483310
HIT 3 2087383990610 486 4247542641437758676
HIT 3 2100268892498 489 4251947199467724685
HIT 3 2168988369234 505 3455579456509240693
HIT 3 2177578303826 507 2825141935399235288
HIT 3 1958529335648 456 2933268653585539605
HIT 3 1958529335645 456 2352891408224658299
HIT 3 1958529335653 456 3676199784178525231
HIT 3 1958529597810 456 2790159370183112496
HIT 3 1958529728882 456 4224756028633833090
HIT 3 1958529925490 456 2454595710257312156
HIT 3 1958529991026 456 3412262416432155996
HIT 3 1958530187634 456 3997228938867755940
HIT 3 1958530580850 456 3760343503936342242
HIT 3 1958530646386 456 3506013849570365607
HIT 3 1958530711922 456 3157157095690416088
HIT 3 1958531563890 456 4490665464672913206
HIT 3 1958531891570 456 3362169466910503050
HIT 3 1958532481394 456 3995185386082734614
HIT 3 1958532546930 456 3447244604605613848
HIT 3 1958532612466 456 3945394077058762074
HIT 3 1958532809074 456 3210777209023022172
HIT 3 1958533136754 456 2690072539601085009
HIT 3 1958533202290 456 4285176075462939665
HIT 3 1958533333362 456 3012462398736760635
HIT 3 1958534906226 456 3487211274851086152
HIT 3 1971419873650 459 2964446089444677033
HIT 3 1984304775538 462 3474046417652349298
HIT 3 2001484644722 466 3105218725630385906
HIT 3 2173283336562 506 3651125246038086446
HIT 3 1949939532147 454 3487211274851086152
HIT 3 1962824434035 457 2964446089444677033
DONE data/p_c0.txt sz=3 range=[0,512) n=22108160 zero=0 32.2s
