DONE data/p_lam.txt sz=1 range=[0,512) n=512 zero=0 0.0s
HIT 2 20512916 313 12374736472790133611
HIT 2 32571540 497 13466488335755499297
HIT 2 32702841 499 12165060775843595095
HIT 2 30343547 463 12531366428615188750
HIT 2 30409083 464 13067407236414528194
DONE data/p_lam.txt sz=2 range=[0,512) n=130560 zero=0 2.9s
HIT 3 1997169491969 465 13619239580243063103
HIT 3 2143198380032 499 13691675258247971250
HIT 3 1627802304515 379 12393440184687983393
HIT 3 1997169491971 465 12794737575865428700
HIT 3 2143198380035 499 13369769892209581073
HIT 3 1627813117952 379 13546651614111245316
HIT 3 1997184630784 465 13003298308436447798
HIT 3 2143213518851 499 12636027411986957934
HIT 3 2143198380037 499 11660255697819498071
HIT 3 1344334462982 313 12363102129799748718
HIT 3 2143198380038 499 12925321046264475624
HIT 3 1997180305414 465 13596403858157720552
HIT 3 2143219154950 499 11574874691504465441
HIT 3 1997169491977 465 12141791382722158830
HIT 3 1627802304523 379 13762599325469472955
HIT 3 2143213518856 499 12046908366929504842
HIT 3 2143209193483 499 12233465454807215417
HIT 3 1344334462991 313 12876481253772109473
HIT 3 1997180305420 465 11542177927196774605
HIT 3 1997180305423 465 13703107159488155931
HIT 3 2143213518861 499 12853935121921954377
HIT 3 1344334462992 313 12063720139339208101
HIT 3 1344334462994 313 12989070885172941395
HIT 3 1344334462995 313 13466957464604573504
HIT 3 2143219154961 499 11550528107082213020
HIT 3 2143213518866 499 13359941100700851063
HIT 3 2143198380052 499 12183444962425538380
HIT 3 2143198380053 499 12442740555542369958
HIT 3 1627802304535 379 13389819780383968014
HIT 3 1627813117972 379 12437668676382047525
HIT 3 1997184630805 465 12806130723236763219
HIT 3 2143198380057 499 13566750745415899969
HIT 3 1627802304538 379 12671031073851076591
HIT 3 2143213518874 499 12770528349789812373
HIT 3 2143198380060 499 13751836311162736708
HIT 3 1344334463005 313 13811435924335125997
HIT 3 1627802304541 379 12315915351095431629
HIT 3 2143209193500 499 12952222087643078116
HIT 3 1997184630815 465 13594744836418849886
HIT 3 1344334463008 313 13553252678550098117
HIT 3 2143198380067 499 12158194070377889443
HIT 3 1627802304546 379 11749017623777966506
HIT 3 2143213518881 499 11806909292656837894
HIT 3 2143213518883 499 12018563748256018146
HIT 3 2143219154977 499 12306402065979554750
HIT 3 2143209193509 499 12327580280894186309
HIT 3 2143213518884 499 11912623376918177182
HIT 3 1997180305447 465 12672038785606907533
HIT 3 1344334463017 313 13461301220798873941
HIT 3 2143198380072 499 13070790567891590634
HIT 3 1627802304554 379 13560865214522769322
HIT 3 2143219154986 499 12845780453337414688
HIT 3 2143219154987 499 13706681764513526886
HIT 3 2143198380076 499 12755812805755771740
HIT 3 1627802304557 379 12001771124310646002
HIT 3 1627802304558 379 12336514106041275022
HIT 3 2143198380079 499 11585140594198114677
HIT 3 1627813117996 379 12418873082539143510
HIT 3 1997180305452 465 12161744454880771584
HIT 3 1627813117997 379 13644127221707739327
HIT 3 1997180305453 465 12238605648859864338
HIT 3 1344334463027 313 13059138692537207730
HIT 3 2143209193520 499 12484271425831683847
HIT 3 1997184630832 465 12942814175121422178
HIT 3 1997180305458 465 12403704507348225786
HIT 3 2143209193522 499 11995421651023127302
HIT 3 1997184630835 465 13139982199569430111
HIT 3 1627802304564 379 12608375429995393134
HIT 3 1997184630836 465 11856264806945361527
HIT 3 1997184630838 465 11687981316899822029
HIT 3 1344334463032 313 11635417464559406718
HIT 3 1627802304570 379 11915494358152160657
HIT 3 2143209193529 499 11855244667378770352
HIT 3 1344334463037 313 12776688771768763929
HIT 3 1997169492031 465 13306356036494161274
HIT 3 1997180305468 465 11786193161969584615
HIT 3 1627813118014 379 13375984856411680597
HIT 3 1344334463042 313 12864682260195315863
HIT 3 1627802304577 379 13635094278910331992
HIT 3 1344334463043 313 13492302801152145887
HIT 3 2143198380099 499 13457996472709757325
HIT 3 1627813118017 379 13415801710399352524
HIT 3 1997180305473 465 12127659006339377287
HIT 3 1997184630850 465 11641979627352169891
HIT 3 1627802304580 379 13173546629684431957
HIT 3 1627802304581 379 12256298349400369477
HIT 3 2143198380101 499 12885639617805162352
HIT 3 2143219155012 499 13244278767453249886
HIT 3 1997169492039 465 13204471876204642859
HIT 3 1997184630853 465 12566237969407286286
HIT 3 1627802304584 379 13288487009004992354
HIT 3 1997169492042 465 13083336368206505032
HIT 3 1627813118025 379 12133189616230239809
HIT 3 1627802304589 379 11994736952981808044
HIT 3 1627813118027 379 12844348838007561659
HIT 3 2143209193547 499 12231178875899081312
HIT 3 1997180305484 465 12298603774051311429
HIT 3 2143219155019 499 13204811886293700612
HIT 3 1997180305486 465 11747178976212663884
HIT 3 1627802304593 379 13706697703217465970
HIT 3 1344334463058 313 13100216693162235533
HIT 3 2143209193551 499 11922235425342680935
HIT 3 1627813118033 379 11656473945868351360
HIT 3 1344334463060 313 13014349919032472812
HIT 3 1627813118038 379 12546109334827631644
HIT 3 1997180305493 465 13560421159167264684
HIT 3 1997180305495 465 11716583320714814793
HIT 3 2143209193559 499 12302619594320765061
HIT 3 2143213518937 499 12889807431752545492
HIT 3 1627802304606 379 11614864991382282475
HIT 3 2143198380126 499 13420800249459656645
HIT 3 1997184630875 465 13128885773814724879
HIT 3 2143219155038 499 12238374987982313813
HIT 3 1344334463073 313 12203285369058571599
HIT 3 1627802304609 379 12957155343646167864
HIT 3 1997184630879 465 11886512901088907584
HIT 3 2143213518943 499 12176902349151350546
HIT 3 2143213518946 499 12775096915792630998
HIT 3 2143198380132 499 13214072365928090808
HIT 3 2143213518945 499 13225855360925535234
HIT 3 1344334463078 313 13262201469214028296
HIT 3 1627813118051 379 13186475536153163630
HIT 3 2143209193572 499 13141933562189393578
HIT 3 2143213518947 499 12296160823172357832
HIT 3 1627802304616 379 13107118651521612097
HIT 3 1997169492073 465 13533169929296334849
HIT 3 2143209193577 499 12755239845003423176
HIT 3 1627813118056 379 11787798307710108165
HIT 3 2143219155047 499 13087997221774332562
HIT 3 2143213518952 499 11543788052241982208
HIT 3 1344334463084 313 11563903428932802459
HIT 3 1627802304620 379 12342749683109023929
HIT 3 1627813118058 379 13516147278452182569
HIT 3 1344334463085 313 13073838398362993399
HIT 3 1997184630892 465 12308066606596973305
HIT 3 1997184630893 465 13649445050151985285
HIT 3 1997169492082 465 13173994708812396539
HIT 3 1997180305521 465 12622488680123735066
HIT 3 1997169492083 465 11788136807655632624
HIT 3 1997184630897 465 12336765723309714989
HIT 3 2143198380149 499 12812423398650651830
HIT 3 1997180305522 465 13515840651910107737
HIT 3 2143213518962 499 12800368908635576579
HIT 3 1997180305523 465 13566634994052011509
HIT 3 1997184630899 465 13360803068764427157
HIT 3 2143219155060 499 13152703641115320436
HIT 3 2143198380151 499 12319623559041036095
HIT 3 1627802304633 379 13440833747874906922
HIT 3 1997180305528 465 13599223291130570210
HIT 3 1997184630903 465 11539431317418476627
HIT 3 2143219155063 499 13694251769946081273
HIT 3 1344334463099 313 11990859901604305153
HIT 3 1344334463101 313 12615356363030355162
HIT 3 1997180305533 465 12955049504119141889
HIT 3 2143213518971 499 13678493827396736166
HIT 3 1997184630908 465 11617436787306066748
HIT 3 1344334463104 313 12275328610826264444
HIT 3 2143219155069 499 13624539268889679327
HIT 3 2143198380161 499 13713100990596124009
HIT 3 2143209193598 499 12047604007395353928
HIT 3 1997169492098 465 11630129562409974359
HIT 3 2143209193600 499 13748550152146358199
HIT 3 2143209193599 499 12502310414825938975
HIT 3 1627813118084 379 12413737216016493814
HIT 3 1997180305540 465 11912825014428161308
HIT 3 1997180305541 465 13030738690368851747
HIT 3 1997180305542 465 13052579130661684221
HIT 3 1627813118087 379 11531591878048929779
HIT 3 1627802304650 379 11685978640845759023
HIT 3 1997180305544 465 13670694199246149172
HIT 3 2143209193608 499 12791372017232486363
HIT 3 2143209193609 499 11923044730229329401
HIT 3 1997184630921 465 13107098277687111226
HIT 3 2143213518985 499 13186282161068720690
HIT 3 1344334463116 313 11586070642566083649
HIT 3 1627802304653 379 13084902028661989422
HIT 3 2143198380173 499 12532088388272547285
HIT 3 1997169492111 465 13500266834430225857
HIT 3 2143219155084 499 12619434109321905352
HIT 3 2143198380176 499 12977473695006739744
HIT 3 1997184630927 465 12829987995246297186
HIT 3 1997184630929 465 13743176352673075553
HIT 3 1997169623188 465 12651922566881030401
HIT 3 1997169754260 465 12797629370055725317
HIT 3 1344334856340 313 12482328106005078500
HIT 3 2143198773396 499 13155289025798154786
HIT 3 1997169950868 465 12939054321106678138
HIT 3 1344334987412 313 12506305106413509438
HIT 3 1627803025556 379 12554209037177779722
HIT 3 2143199428756 499 11870688065628257104
HIT 3 2143199559828 499 12923087325347487302
HIT 3 2143199625364 499 11761561999681316006
HIT 3 1627803615380 379 13632886020018848751
HIT 3 1627803746452 379 11899085361849027924
HIT 3 2143199821972 499 11970610215695472623
HIT 3 1344335970452 313 11818895930422167282
HIT 3 1344336101524 313 11751815149620020374
HIT 3 2143200149652 499 13792588676684781100
HIT 3 1627804139668 379 13003953703896544832
HIT 3 1627804205204 379 11687964392430367773
HIT 3 1997171458196 465 11566053689202782166
HIT 3 1344336560276 313 11712255422319628130
HIT 3 1344334594197 313 12374736472790133611
HIT 3 2134608576661 497 13466488335755499297
HIT 3 1997169754261 465 12651922566881030401
HIT 3 1627804532884 379 11738925955527410985
HIT 3 2143200608404 499 12841295956724845131
HIT 3 1344336887956 313 11667481335764630911
HIT 3 2143200805012 499 13739714518021287692
HIT 3 2143200870548 499 12414126362768915742
HIT 3 1997172244628 465 11660971153132175160
HIT 3 2143201263764 499 13720628530692475915
HIT 3 1344337412244 313 11986089253366582268
HIT 3 2151799128210 501 13119545323364190639
HIT 3 2143209324690 499 11689314551690137828
HIT 3 1997173751956 465 12008113590305759233
HIT 3 2143202902164 499 12993674992881130068
HIT 3 2143203033236 499 13143809186176488698
HIT 3 1627807088788 379 13272545588884919634
HIT 3 1344339443860 313 11680115388156777103
HIT 3 1627807482004 379 12833823912211050986
HIT 3 1997174734996 465 13607206802414406633
HIT 3 2143203819668 499 13132583686554692645
HIT 3 1344339968148 313 13295244198820306671
HIT 3 1997175062676 465 13753817310148086530
HIT 3 1997175128212 465 13453234607595581112
HIT 3 1344340230292 313 13831464290523745416
HIT 3 1997175455892 465 13688165337100912222
HIT 3 1997175521428 465 12904324379283693869
HIT 3 2143204409492 499 12582393123816775811
HIT 3 2143204475028 499 13580321029626103881
HIT 3 2143204540564 499 12136258425517008541
HIT 3 1997176045716 465 11737035047314630213
HIT 3 2143204999316 499 13743174882467754419
HIT 3 1997176176788 465 12382990284419189202
HIT 3 1627809317012 379 12551045051585715271
HIT 3 1997176504468 465 12344328389351992948
HIT 3 1627813118099 379 12083638948848447971
HIT 3 1997180305555 465 12219982782901898052
HIT 3 1997184630931 465 12551575863519442359
HIT 3 1627809382548 379 13570905525293549369
HIT 3 1627809448084 379 12515737614513061544
HIT 3 1344341999764 313 13538027263136166563
HIT 3 1997177290900 465 12749018598041293587
HIT 3 2143206178964 499 11703813287567300914
HIT 3 1344342589588 313 11880302239107754441
HIT 3 1997177684116 465 12866482863334535388
HIT 3 2143206572180 499 11591326309535124100
HIT 3 1344342720660 313 12810571502837001863
HIT 3 1997177749652 465 12991813800279173505
HIT 3 2143206637716 499 13752774457148960938
HIT 3 1627810627732 379 13428512168782096765
HIT 3 2143206899860 499 12886575435645246772
HIT 3 1997178077332 465 13819051242521788236
HIT 3 2143207293076 499 12537515118933007845
HIT 3 1627811348628 379 12847200057878230302
HIT 3 1997178601620 465 13812508165902883677
HIT 3 1992885338261 464 12382665681093648455
HIT 3 1344343834772 313 12237359907697241438
HIT 3 1997178863764 465 12311974972814338916
HIT 3 1997178929300 465 12506773664162517161
HIT 3 1344344031380 313 13562013049311545040
HIT 3 2143208013972 499 11558266257773584611
HIT 3 2143208145044 499 13152449834243938560
HIT 3 1997179453588 465 13090161403854818215
HIT 3 1997179715732 465 13601175959060871281
HIT 3 2143208800404 499 11880614298150402385
HIT 3 1627812921492 379 12998026962132137012
HIT 3 2134629220498 497 13366501763350279069
HIT 3 2143208997012 499 12749345029575216290
HIT 3 1627812987028 379 13705297598150628766
HIT 3 2138914095252 498 11899262645736912488
HIT 3 1352935145620 315 12374736472790133611
HIT 3 1619223117972 377 11818641562799151076
HIT 3 2151799062676 501 11751185231525043524
HIT 3 1520438935700 354 12268333100075976754
HIT 3 1524733902996 355 11622772844837175312
HIT 3 1571978543252 366 13642036280121640246
HIT 3 1580568477844 368 12457483926295920071
HIT 3 1662172856468 387 12041914384986017790
HIT 3 1687942660244 393 13685918912868912324
HIT 3 1700827562132 396 12831332543104332600
HIT 3 1748072202388 407 13830310374309087776
HIT 3 1838266515604 428 11863630815206284275
HIT 3 1885511155860 439 12006317537335341276
HIT 3 1949935665300 454 11915396224111186746
HIT 3 2014360174740 469 12770461925551676709
HIT 3 2044424945812 476 13675041096318840996
HIT 3 2074489716884 483 12498123011015803161
HIT 3 2095964553364 488 13757478037030684593
HIT 3 2117439389844 493 12289846961557827594
HIT 3 2143209259156 499 13706501566677149614
HIT 3 1992885469332 464 13212576659492699078
HIT 3 1997180567700 465 13581412181693970824
HIT 3 1627813642388 379 13204002779457442740
HIT 3 2143209783444 499 12681386175615736444
HIT 3 1627813904532 379 11909980293614254950
HIT 3 1997181288596 465 11635489347589740521
HIT 3 1997181485204 465 11624091749712978777
HIT 3 2143210373268 499 13427510395057484083
HIT 3 1997181550740 465 12515579685759966902
HIT 3 2143211094164 499 12533448365224804014
HIT 3 1997182468244 465 13637450738644134727
HIT 3 1627815411860 379 12749213405938179075
HIT 3 1997182664852 465 13025942104134253571
HIT 3 1627815674004 379 11637642277198572909
HIT 3 1627815739540 379 12876591638852120720
HIT 3 2143211880596 499 12609053185700965589
HIT 3 1627815936148 379 12073000663228606428
HIT 3 2143212208276 499 13809076157596911702
HIT 3 2143212404884 499 12672590204606517381
HIT 3 1627816722580 379 11679443039441828218
HIT 3 1997183910036 465 12173163666954801681
HIT 3 2143212798100 499 13543773103548715916
HIT 3 1997184106644 465 13451983458745978530
HIT 3 1627817050260 379 13021564864762418142
HIT 3 2005774499988 467 12545341955968112254
HIT 3 1705126854804 397 11704433667272756007
HIT 3 1778141298836 414 13771842791768690733
HIT 3 1803911102612 420 13182517116268918320
HIT 3 1808206069908 421 12553771781246191840
HIT 3 1816796004500 423 11905678321159643430
HIT 3 1906990317716 444 13079865959968975987
HIT 3 1971414827156 459 11825271172857324915
HIT 3 1992889663636 464 13417921535595062955
HIT 3 2005774565524 467 11980233441828912473
HIT 3 2022954434708 471 12706031765976335578
HIT 3 2053019205780 478 13083130256057566027
HIT 3 2061609140372 480 12972794920926261767
HIT 3 2108853780628 491 11814544970578524929
HIT 3 2117443715220 493 11754443441252129243
HIT 3 2130328617108 496 12217341085833072517
HIT 3 2147508486292 500 12681941974298343491
HIT 3 2160393388180 503 12036078219787296275
HIT 3 1988594827412 463 13004791805135274831
HIT 3 2143213650068 499 13665406663867552080
HIT 3 2143213715604 499 13800128235781566647
HIT 3 2143214436500 499 12625431040771708351
HIT 3 2143214567572 499 11891919015487054306
HIT 3 1997185745044 465 13760418864168218957
HIT 3 1997186072724 465 12034172074277667925
HIT 3 2143215091860 499 11677249166459232969
HIT 3 2143215157396 499 13572020973476207512
HIT 3 2143215419540 499 12673149917268397134
HIT 3 2143215681684 499 13293560249854087229
HIT 3 1997186924692 465 12193588879463044840
HIT 3 2143216074900 499 13024122270015291230
HIT 3 1997187448980 465 12598610145815282974
HIT 3 2143216468116 499 13207672435775132002
HIT 3 1997188169876 465 11546326574407355594
HIT 3 2143217189012 499 11657261850448035632
HIT 3 1997188759700 465 12368673233782740912
HIT 3 2143217778836 499 13724922355606085982
HIT 3 2143218237588 499 13113607931996572857
HIT 3 2143219024020 499 12736689640102051855
HIT 3 2138924122260 498 11957350906849622607
HIT 3 2035844972692 474 12827656797108582701
HIT 3 2053024841876 478 12681834482470628383
HIT 3 2095974514836 488 12871166144210535055
HIT 3 2100269482132 489 11660799402216193774
HIT 3 2117449351316 493 12776512539564953335
HIT 3 2143220990100 499 13125764838718329501
HIT 3 2143221055636 499 12603740526244040731
HIT 3 2134631186580 497 12603740526244040731
HIT 3 2143221186708 499 13466488335755499297
HIT 3 1619223183510 377 12910868117758393870
HIT 3 1988590370966 463 13334149630075697320
HIT 3 1992885338262 464 13200690167974244809
HIT 3 2143209193622 499 13153676515668730761
HIT 3 1997180305560 465 12440585726261751090
HIT 3 2005774565526 467 12464488029237783503
HIT 3 2143213518998 499 12078438944089758606
HIT 3 2151803453590 501 11841663752919109067
HIT 3 1997184630935 465 11814992775871305278
HIT 3 1627813118108 379 12361243731555127719
HIT 3 1997184630942 465 13431359064702718466
HIT 3 1997184630943 465 11560264708189868081
HIT 3 2143219155102 499 11812274712205771985
HIT 3 1997184630948 465 12264204540806509511
HIT 3 1997180305574 465 12863655419905808176
HIT 3 2143219155112 499 12485064137299678845
HIT 3 2143213519018 499 12949681007569410686
HIT 3 2143213519019 499 13320841199906022292
HIT 3 2143213519021 499 11830476053208710693
HIT 3 1627813118126 379 13487879604151485863
HIT 3 2143209193646 499 13291564065279992621
HIT 3 2143219155118 499 11982377193318211078
HIT 3 2143213519024 499 11894692818629919749
HIT 3 2143219155123 499 12169953555530802811
HIT 3 1627813118133 379 13324362768189526630
HIT 3 1997180305590 465 11532400149499352307
HIT 3 2143209193654 499 12206843971433282140
HIT 3 2143213519031 499 13528255632643143222
HIT 3 1997180305592 465 12098950910091122470
HIT 3 1627813118138 379 12969296091686011997
HIT 3 1997180305594 465 12498097189720166364
HIT 3 2143209193660 499 13469951084873130309
HIT 3 1997180305597 465 13483294405971337155
HIT 3 1627813118142 379 11774055225625152966
HIT 3 2143209193665 499 12131078978943423207
HIT 3 2143209193666 499 12444671622312619999
HIT 3 2143219155139 499 13308216464701249843
HIT 3 2143213519045 499 13052173470012577423
HIT 3 1997184630982 465 12384290822472137975
HIT 3 2143219155141 499 12185640551850083787
HIT 3 1627813118155 379 12930797976840953475
HIT 3 1627813118156 379 12517516195794590155
HIT 3 2143219155146 499 11766244922528341422
HIT 3 2143219155148 499 12190155280563424814
HIT 3 1627813118159 379 13375497005701812758
HIT 3 1997184630994 465 13096823216213027661
HIT 3 2143219155155 499 13266120769418733052
HIT 3 2143219155159 499 13302944098830820590
HIT 3 2143219155161 499 13224543061810150288
HIT 3 1997184631002 465 12646612581231804966
HIT 3 2143213519066 499 12580670948839951879
HIT 3 1627813118175 379 12095388340590537456
HIT 3 1997180305631 465 13063518343485634820
HIT 3 2143209193696 499 11773644776151279402
HIT 3 2143213519073 499 12571978066537036870
HIT 3 1997180305636 465 13581169597585032556
HIT 3 2143209193700 499 13029350723471773687
HIT 3 1997184631012 465 13658483038776948493
HIT 3 1627813118182 379 13402308174673444081
HIT 3 2143213519079 499 13481567568290585801
HIT 3 1997184631014 465 13744126424113740179
HIT 3 2143213519078 499 11908809758684843975
HIT 3 1997180305642 465 11732077301400669713
HIT 3 2143213519084 499 11575118570638224548
HIT 3 2143209193709 499 12237873634968510364
HIT 3 2143213519085 499 12244292779383342454
HIT 3 1997180305646 465 13284195387222567597
HIT 3 2143209193710 499 12320213420277926519
HIT 3 2143219155185 499 11836061373740023343
HIT 3 1997184631031 465 11819605381674848555
HIT 3 1997180305661 465 11608163730343352242
HIT 3 2143213519099 499 11609549637194800584
HIT 3 2143209193724 499 11927402489294897556
HIT 3 1997184631041 465 12042554244146427998
HIT 3 1997180305674 465 12947791515510074816
HIT 3 2143213519111 499 13539767683184447752
HIT 3 2143209193741 499 12225215370026257528
HIT 3 2143219155212 499 12964559263094079785
HIT 3 1997184631053 465 11836356933201363005
HIT 3 2143219155213 499 13417290128359356673
HIT 3 1997184631056 465 13481543344629907702
HIT 3 2143213519120 499 13685251853207117933
HIT 3 1627813118230 379 13438423220380814983
HIT 3 2143213519124 499 11587450875258494810
HIT 3 2143219155220 499 13455652390983646479
HIT 3 1997184631061 465 13432242523541220813
HIT 3 2143213519125 499 11689847601007221261
HIT 3 1627813118233 379 12840402934009387429
HIT 3 1997180305691 465 11823455350322498721
HIT 3 2143213519129 499 13724309291299497267
HIT 3 2143213519130 499 12656761055781658335
HIT 3 2143213519131 499 12722897018688832776
HIT 3 1627813118237 379 13602511910539220085
HIT 3 2143219155228 499 12549017717495244367
HIT 3 1627813118240 379 13350444062799440667
HIT 3 2143219155230 499 11770300375061743005
HIT 3 2143213519136 499 13055335249178821347
HIT 3 2143213519137 499 13804147500486213191
HIT 3 1627813118243 379 12986545522536260782
HIT 3 1627813118242 379 12294467447878440403
HIT 3 2143219155232 499 12270768969890674854
HIT 3 2143219155233 499 12798312563106912698
HIT 3 2143219155235 499 13542896945423500459
HIT 3 2143209193766 499 13011981461238785195
HIT 3 1627813118251 379 12599130235905935700
HIT 3 2143209193771 499 13447645758502688842
HIT 3 2143219155242 499 13699619766255977707
HIT 3 1627813118254 379 13440382388315288123
HIT 3 1997184631085 465 12273458405410267735
HIT 3 2143213519147 499 13136793870634228972
HIT 3 2143213519150 499 13243750777313172894
HIT 3 1997184631084 465 13094094455690541764
HIT 3 1997184631089 465 13323849446435841279
HIT 3 2143213519153 499 12630193910155889292
HIT 3 1997180174645 465 12563703881915749103
HIT 3 1997180305716 465 12563703881915749103
HIT 3 1627813118261 379 13801940055955964161
HIT 3 1997180305717 465 13733479676448262454
HIT 3 2143213519156 499 13433692797072741581
HIT 3 2143219155252 499 11871064415303334566
HIT 3 1997184500023 465 11810629008637426324
HIT 3 1997184565559 465 13535503304487242793
HIT 3 1997181354297 465 12815791244996131624
HIT 3 2143210504505 499 12330449077226244869
HIT 3 1997181813049 465 12640613410727640264
HIT 3 1627814887737 379 11781459398789083636
HIT 3 1997182075193 465 12565915330853654715
HIT 3 1627815215417 379 13516707465345279101
HIT 3 1627815280953 379 12256037330668689623
HIT 3 2143211356473 499 13631468632556609479
HIT 3 1627815739705 379 13605271574371973738
HIT 3 1627816395065 379 12226303317912615358
HIT 3 1627816460601 379 13564528761545904631
HIT 3 1627816591673 379 12498402593439834549
HIT 3 1627817115961 379 12421730723955474152
HIT 3 1997184303417 465 12053077677935498545
HIT 3 1619227246905 377 12421730723955474152
HIT 3 1997184368953 465 12081957443285837165
HIT 3 1997184500025 465 11803540889472196457
HIT 3 1632112345401 380 12804623578846521316
HIT 3 1640702345529 382 12804623578846521316
HIT 3 1653587247417 385 12015499704626606704
HIT 3 1791026200889 417 12310131891798239869
HIT 3 1795321168185 418 12400596846668142046
HIT 3 1808206070073 421 11756275385024256156
HIT 3 1816796004665 423 12202901540854027436
HIT 3 1825385939257 425 11985354920321025696
HIT 3 1842565808441 429 11625009638657150378
HIT 3 1859745677625 433 13040545868639637032
HIT 3 1894105415993 441 13222007465509385507
HIT 3 2070199075129 482 13178314466042359058
HIT 3 2108853780793 491 12155943454459225438
HIT 3 2160393388345 503 13595881137313582900
HIT 3 2173278290233 506 11826597738986766791
HIT 3 2143214371129 499 13791695092528553769
HIT 3 1997185810745 465 11713252037883963056
HIT 3 1997185876281 465 12528547103962606725
HIT 3 2151809089847 501 13537785326471548829
HIT 3 1997184631098 465 12023723007842069514
HIT 3 2143213519162 499 11824981794660277355
HIT 3 2143214764345 499 13259382800913803104
HIT 3 1997185941817 465 12484206100844038986
HIT 3 1997186203961 465 13334758083562332210
HIT 3 1997186269497 465 12244505613597055657
HIT 3 1997186597177 465 11688082856417115435
HIT 3 2143215616313 499 13575143737338392277
HIT 3 2143215681849 499 13433565538294220939
HIT 3 1997186924857 465 12242663230205858992
HIT 3 1997186990393 465 12430941309835093341
HIT 3 1997187383609 465 12167388706555305509
HIT 3 2143216599353 499 11844118138860242629
HIT 3 2143217123641 499 12805781609271722154
HIT 3 1997188301113 465 13361226047217927214
HIT 3 2143217254713 499 12321868628166947873
HIT 3 2143217582393 499 12602106396439962273
HIT 3 1997189480761 465 12052764190846715562
HIT 3 1997189742905 465 13102222720810668461
HIT 3 2143218630969 499 12646913222199597742
HIT 3 2044434907449 476 13162514015350268195
HIT 3 2113154384185 492 12849413084852796046
HIT 3 2117449351481 493 12426325082024421501
HIT 3 2156104057145 502 13535168264647135273
HIT 3 2160399024441 503 12521529225715228527
HIT 3 2181873860921 508 12860710683136333647
HIT 3 2138924319033 498 13400067604085677756
HIT 3 2143219417401 499 13249096285305977781
HIT 3 2143220072761 499 13183876384683154511
HIT 3 2143220269369 499 12818367863208666832
HIT 3 2143220793657 499 13178700243211294161
HIT 3 2138924187960 498 12594141545925318817
HIT 3 2151809089848 501 11958559192362361523
HIT 3 2005774565691 467 11841663752919109067
HIT 3 2151803453755 501 12464488029237783503
HIT 3 2143213519166 499 11884778454806440189
HIT 3 1997184631106 465 12654785722647834514
HIT 3 2143213519170 499 12837456652179732236
HIT 3 1997184631112 465 12772365115750487075
HIT 3 2143213519176 499 12514831187342837283
HIT 3 1997184631113 465 11571474139111828735
HIT 3 2143219155274 499 12917712884302635457
HIT 3 1997184631116 465 12103842908340317418
HIT 3 1997184631120 465 13212565302447307420
HIT 3 2143213519185 499 13681026102097535507
HIT 3 2143219155280 499 11694721441787054699
HIT 3 1997184631123 465 13301155870642440652
HIT 3 2143213519189 499 11666575668033235912
HIT 3 2143213519192 499 12523717201316788220
HIT 3 2143213519200 499 13280075106469567308
HIT 3 1997184631134 465 11703455753075019745
HIT 3 2143219155296 499 11530756014159773048
HIT 3 2143213519203 499 12427742505449822783
HIT 3 1997184631140 465 12842104072000651547
HIT 3 2143213519202 499 11761907116212646672
HIT 3 2143213519208 499 13113131488988920362
HIT 3 1997184631147 465 12568809966714623825
HIT 3 1997184631151 465 12302700610455190240
HIT 3 2143219155308 499 13400041880625663359
HIT 3 2143219155309 499 11615878775080947767
HIT 3 2143219155313 499 12168639663088313174
HIT 3 1997184631156 465 13200804200673007184
HIT 3 2143219155315 499 12689935292460349612
HIT 3 1997184631154 465 12643382278118818174
HIT 3 2143219155318 499 12534804878811507502
HIT 3 2143213519224 499 12165060775843595095
HIT 3 1988594827642 463 12531366428615188750
HIT 3 1992889794938 464 13067407236414528194
HIT 3 2143219024249 499 11889294151990157910
HIT 3 2143219155321 499 12005423352389916609
HIT 3 2151811252601 501 12165060775843595095
HIT 3 1997185024379 465 11537994506957909285
HIT 3 2143214240123 499 13589476753607291100
HIT 3 2143214371195 499 12619648931693668647
HIT 3 1997185614203 465 11919883995214868469
HIT 3 2143214502267 499 11802316141279983731
HIT 3 1997186400635 465 13758589109345148831
HIT 3 1997186597243 465 12941080390174426356
HIT 3 2143215616379 499 11846819052696817007
HIT 3 2143216271739 499 12387029021755651700
HIT 3 1997187449211 465 11620270549034262306
HIT 3 1997187711355 465 13094823949908679342
HIT 3 2143217058171 499 13317541820105750042
HIT 3 1997188563323 465 11619678852883183341
HIT 3 1997189087611 465 13470034509260903287
HIT 3 2143218237819 499 12784598267135906231
HIT 3 2143218303355 499 12112158245002990122
HIT 3 1997189546363 465 13587594314055766276
HIT 3 1997189677435 465 13344647424500746345
HIT 3 1997190070651 465 12531366428615188750
HIT 3 2134629089659 497 12861727298982532218
HIT 3 2143219024251 499 11532890163788585434
HIT 3 2001485234555 466 13067407236414528194
HIT 3 2035844972923 474 11649137773065409210
HIT 3 2048729874811 477 12763456806853525400
HIT 3 2121744318843 494 13653809890847829246
HIT 3 2143220138363 499 13149979290928649814
HIT 3 2143220400507 499 13569826202501629904
HIT 3 2173286154619 506 12146082891876773804
HIT 3 2177581121915 507 13093046212085614646
HIT 3 2186171056507 509 12104837414904283346
HIT 3 2143219089789 499 13370353331096110110
HIT 3 2138924188029 498 12656842367555423120
HIT 3 2151809089914 501 13525933994807694024
HIT 3 2143219155327 499 11680894706615805151
HIT 3 2143219155335 499 11679707474154278028
HIT 3 2143219155350 499 13537666303881357666
HIT 3 2143219155370 499 11717072268693337873
HIT 3 2143219155383 499 12117616823721749141
HIT 3 2143219155391 499 11988748275446017389
HIT 3 2143219417553 499 12295363285325425793
HIT 3 2143219941841 499 11897663919825663093
HIT 3 2143220007377 499 13701579852138179188
HIT 3 2143220269521 499 13266065217172278715
HIT 3 2143220531665 499 13303461337356743716
HIT 3 2190466023889 510 12710426271078024423
DONE data/p_lam.txt sz=3 range=[0,512) n=22108160 zero=0 49.9s
