HIT 1 86 86 2651058145003276782
DONE data/p_ones.txt sz=1 range=[0,512) n=512 zero=0 3.1s
HIT 2 5636153 86 3997239014636870252
HIT 2 5767227 88 2446180536920036195
HIT 2 24379449 372 4036075948792690671
HIT 2 5636175 86 3953068085892347845
HIT 2 24379469 372 2518350976946841543
HIT 2 24379476 372 2330482809689790874
HIT 2 24445014 373 2441873170088757836
HIT 2 5767255 88 2651058145003276782
HIT 2 15401047 235 4519239154845277118
DONE data/p_ones.txt sz=2 range=[0,512) n=130560 zero=0 7.2s
HIT 3 1009322950659 235 2487447837926278878
HIT 3 1009321181185 235 4083076510645857788
HIT 3 1009322491904 235 4521207480048112315
HIT 3 369372364801 86 3843049967603119491
HIT 3 1009322491905 235 3583147638814421868
HIT 3 1597733011460 372 2340488102974337316
HIT 3 339306283013 79 3145728731418578959
HIT 3 1009322950663 235 3022480863244691929
HIT 3 1597733470214 372 2549433881537435252
HIT 3 1597743235076 372 2705001353076304049
HIT 3 1597743235077 372 2995167978034845573
HIT 3 369371054089 86 4146026798225748979
HIT 3 369372364809 86 2412756462608693580
HIT 3 1597733011466 372 3265921799589891694
HIT 3 1009321181195 235 4493935785844003888
HIT 3 1597733011468 372 4113707371451276242
HIT 3 1597731700749 372 2313230279605574877
HIT 3 1597733470223 372 4461308768122860873
HIT 3 1597733470221 372 4332308154937897306
HIT 3 1597733011475 372 3150204795469031015
HIT 3 1597733470226 372 3266782124464290946
HIT 3 1597731700756 372 2668743241958000792
HIT 3 1009322950676 235 2592561062664157361
HIT 3 339306283029 79 3962383325603202780
HIT 3 369371054104 86 2501963368071876811
HIT 3 1009321181208 235 3379449327950336192
HIT 3 1009321181210 235 4131645255616879829
HIT 3 1597731700762 372 4018120173640739335
HIT 3 1597733470235 372 2607194416398323031
HIT 3 369372364828 86 2714397614889794136
HIT 3 339306283038 79 3599721447220767236
HIT 3 1597731700766 372 2568395770464598566
HIT 3 369372364829 86 2749321868951739719
HIT 3 1009321181215 235 2626000861103659820
HIT 3 1009322491935 235 2803481866537848635
HIT 3 1597733011487 372 3824969818262286373
HIT 3 1009322950687 235 4118674901139305082
HIT 3 1597733011488 372 3843452467728714552
HIT 3 1597733470240 372 3032973225974380822
HIT 3 369371054114 86 3476171119098455847
HIT 3 1009321181218 235 4504301134045653657
HIT 3 1597733470241 372 3113870818205259320
HIT 3 1597733011491 372 2359954072574002914
HIT 3 1597743235105 372 2764507285741852016
HIT 3 1597731700772 372 4249565223992318212
HIT 3 369372364836 86 4546050254466733806
HIT 3 339306283045 79 2932836244545043518
HIT 3 369372364837 86 2904431198445124888
HIT 3 1597733470245 372 3390712417652047425
HIT 3 1009322491944 235 3423045820815688946
HIT 3 1009322950698 235 3248819736793825735
HIT 3 1009322950699 235 3300961009672245774
HIT 3 1597733470251 372 4163870639036360753
HIT 3 1009321181230 235 3132398035988572720
HIT 3 339306283055 79 3340596704925527833
HIT 3 1009322491951 235 3514347022061524762
HIT 3 1597743235118 372 2492878601115013597
HIT 3 1009321181232 235 4392534822769869003
HIT 3 1597731700784 372 2831826213036894391
HIT 3 339306283058 79 3009884226114928343
HIT 3 369371054131 86 2310905696798839221
HIT 3 1597743235121 372 3080887976384066939
HIT 3 339306283061 79 4194930284984871093
HIT 3 369371054134 86 2377591880570621660
HIT 3 1597731700790 372 3653334856684452479
HIT 3 369370923063 86 2377591880570621660
HIT 3 1597731569719 372 3653334856684452479
HIT 3 1009322491959 235 3915570284734077245
HIT 3 369371054136 86 3997239014636870252
HIT 3 1597731700792 372 4036075948792690671
HIT 3 1009321312312 235 3906754858052493521
HIT 3 1009321181241 235 3906754858052493521
HIT 3 377961119802 88 2446180536920036195
HIT 3 1597733011513 372 3462916041838559186
HIT 3 369372495929 86 3189310638903468927
HIT 3 1589143076922 370 2570019408130990290
HIT 3 1009322819642 235 4410508732489880925
HIT 3 1606323404858 374 2835460970982190823
HIT 3 377962823737 88 3997239014636870252
HIT 3 339306545211 79 3008887941396858556
HIT 3 369371316283 86 3132094692458392758
HIT 3 339306676283 79 2683144618725740286
HIT 3 1009321639995 235 3026395970694453044
HIT 3 369371643963 86 2436072410869508390
HIT 3 1597732290619 372 3998335796018531774
HIT 3 1009321836603 235 3969553345799826184
HIT 3 1009321967675 235 4206701988971444968
HIT 3 1597732552763 372 4320634484139547429
HIT 3 1597732683835 372 4560648574437954631
HIT 3 369372168251 86 4604349942802446150
HIT 3 382257266747 89 2886148556968131159
HIT 3 403732103227 94 2468995188466133168
HIT 3 429501907003 100 2912562074409930148
HIT 3 468156612667 109 4376123313164904856
HIT 3 476746547259 111 3056267442253080604
HIT 3 498221383739 116 3535293359565432243
HIT 3 528286154811 123 2398096754186011442
HIT 3 618480468027 144 2825480418182597535
HIT 3 622775435323 145 2403166038838912192
HIT 3 721559683131 168 3571511384013412173
HIT 3 760214388795 177 3236895976572247938
HIT 3 781689225275 182 3753152353654695518
HIT 3 811753996347 189 2915811217964996823
HIT 3 846113734715 197 4237395994138633553
HIT 3 858998636603 200 2421518905783812758
HIT 3 940603015227 219 3087590579858133431
HIT 3 1026502361147 239 3306104603333160268
HIT 3 1047977197627 244 3251635441960474675
HIT 3 1060862099515 247 2695744650812542011
HIT 3 1099516805179 256 2530257856806703671
HIT 3 1108106739771 258 3356097425266526619
HIT 3 1125286608955 262 3844406146840320959
HIT 3 1138171510843 265 3106393744522603127
HIT 3 1168236281915 272 4486920808626399419
HIT 3 1172531249211 273 3362561274096219639
HIT 3 1185416151099 276 2348199116886405820
HIT 3 1241250725947 289 4320885008196274422
HIT 3 1245545693243 290 2530270324123433829
HIT 3 1249840660539 291 3270451877614271457
HIT 3 1254135627835 292 3107661488888351785
HIT 3 1292790333499 301 2596849469069078285
HIT 3 1297085300795 302 3261572827043086985
HIT 3 1331445039163 310 3865952604277870111
HIT 3 1417344385083 330 3783688541383236623
HIT 3 1473178959931 343 4368486087071684835
HIT 3 1511833665595 352 3992169297532654022
HIT 3 1520423600187 354 2464945564178019480
HIT 3 1537603469371 358 2757029706672117733
HIT 3 1567668240443 365 2582756102995747896
HIT 3 1589143076923 370 2992782076207701786
HIT 3 1602027978811 373 4583592324435591784
HIT 3 1636387717179 381 4453064605962744794
HIT 3 1687927324731 393 4580545844297791038
HIT 3 1713697128507 399 2471349038008706087
HIT 3 1756646801467 409 3506557991048676465
HIT 3 1795301507131 418 3491775741030143350
HIT 3 1812481376315 422 4530039778405763308
HIT 3 1833956212795 427 3322193126449802745
HIT 3 1838251180091 428 2321447604349545080
HIT 3 1876905885755 437 2341119760586948020
HIT 3 1928445493307 449 2756258758562061972
HIT 3 1932740460603 450 3586509021867218907
HIT 3 2010049871931 468 2592514173409971118
HIT 3 2022934773819 471 2595035330384101181
HIT 3 2065884446779 481 2966927731595498614
HIT 3 2121719021627 494 3789077340320210230
HIT 3 2130308956219 496 2755246017821494448
HIT 3 2160373727291 503 2509530004627956731
HIT 3 2194733465659 511 3832994176222305550
HIT 3 1005027655739 234 4370068736799012411
HIT 3 1597733208123 372 4420703993802752101
HIT 3 1606323273787 374 4430705466913367432
HIT 3 1009322885179 235 4258932139731454695
HIT 3 395142627387 92 3430645564696735550
HIT 3 481041973307 112 4109625751019749410
HIT 3 489631907899 114 2906672676432887338
HIT 3 506811777083 118 3769322678185887827
HIT 3 532581580859 124 3115363638128719722
HIT 3 579826221115 135 3432682205416338559
HIT 3 605596024891 141 2741177307158687828
HIT 3 644250730555 150 3209336467634032263
HIT 3 738740011067 172 3471542803392193391
HIT 3 790279618619 184 4155366753081878115
HIT 3 798869553211 186 3935090610077622120
HIT 3 833229291579 194 4085816514992016959
HIT 3 897653801019 209 3855844322412227348
HIT 3 1017912885307 237 4265870879554611308
HIT 3 1026502819899 239 2381023849417352330
HIT 3 1073747460155 250 4431212233202196375
HIT 3 1099517263931 256 3570291212049598392
HIT 3 1185416609851 276 2455481771472011938
HIT 3 1245546151995 290 2520689724750223652
HIT 3 1258431053883 293 4138913740255176730
HIT 3 1262726021179 294 3456072519722634837
HIT 3 1361510268987 317 4610802326630672282
HIT 3 1374395170875 320 3874886447373260027
HIT 3 1404459941947 327 3795286883442351543
HIT 3 1425934778427 332 4384529789351470317
HIT 3 1447409614907 337 2997687377701801923
HIT 3 1486064320571 346 4173776400346962763
HIT 3 1494654255163 348 3293101064966176615
HIT 3 1507539157051 351 4249356334634402329
HIT 3 1580553601083 368 2732224000071167166
HIT 3 1602028437563 373 2610493920690019417
HIT 3 1657863012411 386 2566037259613692873
HIT 3 1773827129403 413 3043029897536505536
HIT 3 1782417063995 415 3393215246978920658
HIT 3 1808186867771 421 3968093329732092099
HIT 3 1816776802363 423 4598857067139093048
HIT 3 1821071769659 424 4206796690037345015
HIT 3 1855431508027 432 3561002202408222360
HIT 3 1924150984763 448 3409739532142276668
HIT 3 1937035886651 451 4223021587842134614
HIT 3 1941330853947 452 4571108403917583310
HIT 3 2018640265275 470 3017161417518781799
HIT 3 2040115101755 475 2341644328176024158
HIT 3 2177554055227 507 3767165757684637330
HIT 3 1005028048955 234 2794941551581690876
HIT 3 1597733601339 372 2396560375989548947
HIT 3 386552889403 90 2446180536920036195
HIT 3 1009323147323 235 2704677679123630766
HIT 3 1597733732411 372 2959192838093940953
HIT 3 1009323343931 235 2619909538394587106
HIT 3 1009323671611 235 3190168819065966644
HIT 3 1597734977595 372 4093698780756690702
HIT 3 1009324720187 235 3407641879636350662
HIT 3 1597736026171 372 4506134756151672047
HIT 3 1597736222779 372 3105125625984826738
HIT 3 1009325899835 235 2555188300796912691
HIT 3 1009325965371 235 3545563352659814176
HIT 3 1597736681531 372 3314245476364563717
HIT 3 1009326555195 235 3382422046664415920
HIT 3 1597737074747 372 3639493533525753457
HIT 3 1597737336891 372 4357911281768645664
HIT 3 1009327276091 235 2931643267077313781
HIT 3 1009327407163 235 3379831653150999951
HIT 3 1009327472699 235 4557346617613264689
HIT 3 1009327538235 235 3484408203943517394
HIT 3 1597738385467 372 4346880459692943861
HIT 3 1009327931451 235 2463944849601861358
HIT 3 1597738975291 372 2794817743789244187
HIT 3 1597743169594 372 4609513267476080083
HIT 3 1009329045563 235 3052951651448972174
HIT 3 1597739565115 372 2396778167825517490
HIT 3 1597739696187 372 3702538990010987699
HIT 3 1597739827259 372 3797682952974902566
HIT 3 1009329766459 235 4063324314335699103
HIT 3 1009330421819 235 3673107032426048610
HIT 3 1597741072443 372 4420708455941997991
HIT 3 1009330815035 235 4272242042421965892
HIT 3 1009331077179 235 4589001331645890304
HIT 3 1597742055483 372 2492056545931601314
HIT 3 1597742252091 372 3924755477568446996
HIT 3 1009332125755 235 2824986374642221701
HIT 3 1606342213689 374 4036075948792690671
HIT 3 1597742710843 372 4591490846973423538
HIT 3 1597743104059 372 4179332178190571582
HIT 3 1043692453947 243 3836395061961670838
HIT 3 1065167290427 248 4562647179455247044
HIT 3 1090937094203 254 4122844871461791946
HIT 3 1185426374715 276 4475973438327874925
HIT 3 1206901211195 281 2980677639820253767
HIT 3 1219786113083 284 2547167070922656105
HIT 3 1228376047675 286 2343799616198675412
HIT 3 1262735786043 294 2589021636541332254
HIT 3 1271325720635 296 4132802659409326725
HIT 3 1309980426299 305 3638075351169789204
HIT 3 1327160295483 309 4608874746629310507
HIT 3 1344340164667 313 3202688732967509364
HIT 3 1352930099259 315 2776322621016820571
HIT 3 1365815001147 318 3898150079785124801
HIT 3 1370109968443 319 2644051851603165832
HIT 3 1391584804923 324 2449070894828021236
HIT 3 1404469706811 327 3045664843456103033
HIT 3 1408764674107 328 3222025091777602073
HIT 3 1413059641403 329 2835808982555919295
HIT 3 1421649575995 331 3581411549385610482
HIT 3 1438829445179 335 4241800922779329981
HIT 3 1494664020027 348 2912436143296467371
HIT 3 1529023758395 356 3624153464657024940
HIT 3 1576268398651 367 2756723857744945654
HIT 3 1597743235131 372 3192678035181738310
HIT 3 1602038202427 373 4120757636237870440
HIT 3 1644987875387 383 4519598558927652477
HIT 3 1679347613755 391 3928928641204509160
HIT 3 1696527482939 395 2723666518430801503
HIT 3 1769541926971 412 3296919670792680250
HIT 3 1829671469115 426 2487026751951068907
HIT 3 1851146305595 431 3216760671335623035
HIT 3 1906980880443 444 2860154985759499432
HIT 3 1924160749627 448 2463822719107651347
HIT 3 2027239964731 472 4527569275493031503
HIT 3 2035829899323 474 3930934273293641370
HIT 3 2053009768507 478 3228847247147705005
HIT 3 2070189637691 482 2374856397581211486
HIT 3 2113139310651 492 4017662657561924162
HIT 3 2143204081723 499 3529200268774933592
HIT 3 2164678918203 504 3739291138031321817
HIT 3 2186153754683 509 4475110892373001812
HIT 3 1597744611387 372 3889702793136628012
HIT 3 1009322360893 235 3374886706298654765
HIT 3 373667332157 87 3104777369889183753
HIT 3 1005027524669 234 4048716271303278633
HIT 3 1589143076925 370 2614362993154617444
HIT 3 1597744742459 372 2582214823078484189
HIT 3 1597745987643 372 4435303872415637449
HIT 3 1597747429435 372 4366147693311015188
HIT 3 1597747953723 372 2525544564875315401
HIT 3 1009322819645 235 2857111549803854082
HIT 3 1589143535677 370 2462562068027778841
HIT 3 369372364862 86 3173592455543823744
HIT 3 1597748478011 372 2791212311412419030
HIT 3 1597748740155 372 2415779902464953797
HIT 3 1597749461051 372 4284129822971649613
HIT 3 1597749526587 372 3703977684536906459
HIT 3 1597749854267 372 3989706031490236191
HIT 3 1597750771771 372 4212096029987685810
HIT 3 1597751296059 372 2887443159554711930
HIT 3 1597751885883 372 3102250533282525643
HIT 3 1597751951419 372 4390086560881377215
HIT 3 1606342148155 374 3814344598488670018
HIT 3 1632111951931 380 4589015846776903518
HIT 3 1640701886523 382 4556768184572871987
HIT 3 1653586788411 385 4275986995171682516
HIT 3 1662176723003 387 3282919541940568709
HIT 3 1760960970811 410 4597334116319269111
HIT 3 1791025741883 417 3449943451938044902
HIT 3 1795320709179 418 3454882820539296124
HIT 3 1842565349435 429 4333999339939289599
HIT 3 1846860316731 430 2964687506252692966
HIT 3 1851155284027 431 2606248869789552394
HIT 3 1881220055099 438 3050894833423241025
HIT 3 1906989858875 444 3915648949181045988
HIT 3 1941349597243 452 2349309755923625140
HIT 3 1971414368315 459 3449123633137115482
HIT 3 2044428812347 476 2391601120166445340
HIT 3 2087378485307 486 3696254987841298150
HIT 3 2095968419899 488 2956363704588068833
HIT 3 2108853321787 491 3033387972662930167
HIT 3 2138918092859 498 2803929289502898030
HIT 3 2164687896635 504 2717284460310975662
HIT 3 1614932148283 376 3814344598488670018
HIT 3 369372364863 86 2940468644728416073
HIT 3 1597733011519 372 3508529631736387388
HIT 3 1009322950719 235 4332855630209464573
HIT 3 1009322491968 235 4264129728308373574
HIT 3 1597743235135 372 3170662398467809499
HIT 3 1597733470275 372 2998204434117048341
HIT 3 1597743235136 372 4428482797655526707
HIT 3 1009322491974 235 3002168054489553078
HIT 3 1597733470278 372 4208954519800666320
HIT 3 1009322491975 235 4322346329166118412
HIT 3 1009322950727 235 2384513086863614066
HIT 3 1597743235141 372 2507398835655163619
HIT 3 1597733011529 372 3178290335558896513
HIT 3 1597733011530 372 4000974768719825705
HIT 3 1597732880459 372 4000974768719825705
HIT 3 369372364875 86 2610591428559024408
HIT 3 1009322950731 235 2676860975275182584
HIT 3 1597733011532 372 2518350976946841543
HIT 3 1009322950732 235 2766686952926654605
HIT 3 1000733016141 233 2902060361137955890
HIT 3 1005027983437 234 3004331043203972904
HIT 3 1017912885325 237 3133059256858040791
HIT 3 369372495950 86 3953068085892347845
HIT 3 1009322688590 235 2418106425172471100
HIT 3 1009322754126 235 3517717168243238121
HIT 3 1009322623055 235 3517717168243238121
HIT 3 1000732885071 233 4309125339041485051
HIT 3 403732561999 94 3252854297206680344
HIT 3 455272169551 106 4353131493977233008
HIT 3 528286613583 123 3818005561818943793
HIT 3 545466482767 127 3343229184077750564
HIT 3 575531253839 134 2927013742970045179
HIT 3 588416155727 137 2974246060533385910
HIT 3 601301057615 140 3387800376324361204
HIT 3 618480926799 144 2904040144738338805
HIT 3 635660795983 148 3977958221879766182
HIT 3 700085305423 163 2604705181992312800
HIT 3 734445043791 171 2899903043384061830
HIT 3 738740011087 172 3683710087563101764
HIT 3 760214847567 177 3387657415625993273
HIT 3 777394716751 181 2350614327411578517
HIT 3 790279618639 184 4118195983072361946
HIT 3 858999095375 200 3619233124717280390
HIT 3 867589029967 202 4277960498837975422
HIT 3 901948768335 210 3060579435505269165
HIT 3 987848114255 230 3168568464946093696
HIT 3 1022207852623 238 2805262831515532982
HIT 3 1047977656399 244 3937703483026057268
HIT 3 1103812231247 257 4361244304702675454
HIT 3 1120992100431 261 4542163411636235903
HIT 3 1133877002319 264 3920030393468266963
HIT 3 1194006544463 278 4237094179199682704
HIT 3 1219776348239 284 4475879546398105501
HIT 3 1254136086607 292 4051281268853735407
HIT 3 1297085759567 302 2803258744793637288
HIT 3 1322855563343 308 3512119696486487012
HIT 3 1348625367119 314 3085200169070185324
HIT 3 1443114647631 336 2859022832711552040
HIT 3 1447409614927 337 2943481216021584540
HIT 3 1511834124367 352 3190787349810783995
HIT 3 1571963666511 366 2947996007743740282
HIT 3 1580553601103 368 3701008016049393970
HIT 3 1602028437583 373 4352806391713082128
HIT 3 1627798241359 379 3678114051959098417
HIT 3 1709402619983 398 4122588383909859726
HIT 3 1743762358351 406 3635624218711033247
HIT 3 1756647260239 409 2366095559359148183
HIT 3 1791006998607 417 2670397680321669177
HIT 3 1795301965903 418 4052435560229703547
HIT 3 1825366736975 425 2490631023742615705
HIT 3 1851136540751 431 3467550201328703382
HIT 3 1855431508047 432 4073295817426151909
HIT 3 1928445952079 449 4582958904338214478
HIT 3 1932740919375 450 2991287514656882251
HIT 3 1967100657743 458 3980349083162170408
HIT 3 1975690592335 460 2656857850974278610
HIT 3 2018640265295 470 4368007649888266372
HIT 3 2057294970959 479 4511220957891005364
HIT 3 2083064774735 485 2787632944745061713
HIT 3 2091654709327 487 3942433853886405146
HIT 3 2134604382287 497 3629905326818249248
HIT 3 2147489284175 500 3282626434768686553
HIT 3 2156079218767 502 2705503390831166920
HIT 3 2168964120655 505 2313654657388353397
HIT 3 2177554055247 507 3879889018811059775
HIT 3 2186143989839 509 4227991842878601914
HIT 3 377962823759 88 3953068085892347845
HIT 3 1589143601231 370 4209289508075382625
HIT 3 1597733601359 372 3243803039161171063
HIT 3 1009323343951 235 4525166387186025459
HIT 3 1597733929039 372 2326627253785640327
HIT 3 1009323475023 235 3722583722125005269
HIT 3 1597734060111 372 4222043926127876722
HIT 3 1597734191183 372 3352587554639161556
HIT 3 1009323868239 235 2873491106764069086
HIT 3 1009324064847 235 2499994443013100494
HIT 3 1009324523599 235 4364694962123251562
HIT 3 1009324589135 235 4512497176144206893
HIT 3 1009324654671 235 2683415010630001621
HIT 3 1009324916815 235 2485589445908742467
HIT 3 1009324982351 235 4520864274234307286
HIT 3 1606342213709 374 2518350976946841543
HIT 3 1009325047887 235 2663245870132605063
HIT 3 1009325113423 235 3803578205606457598
HIT 3 1597735764047 372 4279665300761217639
HIT 3 1009325441103 235 3116930111774794896
HIT 3 1597735960655 372 4549300293965338778
HIT 3 1009325834319 235 3264828215202058858
HIT 3 1009325965391 235 2901422174188397024
HIT 3 1009326030927 235 3412982515814404972
HIT 3 1009326096463 235 4221691286696478011
HIT 3 1009326293071 235 4037872991854068812
HIT 3 1597737271375 372 3015564238064276492
HIT 3 1597737336911 372 2728190407027075059
HIT 3 1597737402447 372 3053464185803707086
HIT 3 1009327276111 235 4187690293597450780
HIT 3 1009327341647 235 3301146626884184933
HIT 3 1597738188879 372 4325949167091358690
HIT 3 1009327734863 235 3931094605555834753
HIT 3 1009327800399 235 3819861738238442513
HIT 3 1009327997007 235 3511718197151224458
HIT 3 1597738778703 372 4471236000554579418
HIT 3 1009328455759 235 3687987706665342143
HIT 3 1597740089423 372 2459858553394026262
HIT 3 1009329766479 235 3784242093055367446
HIT 3 1009330421839 235 4055318596007729653
HIT 3 1009330618447 235 2594214514152454607
HIT 3 1597741465679 372 4064553437937723660
HIT 3 1009331667023 235 3510274036167994139
HIT 3 1009332125775 235 4363060637633310143
HIT 3 1597742973007 372 4608959305868090033
HIT 3 1589153235023 370 3211553084158472468
HIT 3 1026512584783 239 4582806689277218528
HIT 3 1056577355855 246 3224000360337475895
HIT 3 1060872323151 247 4144935572685952962
HIT 3 1082347159631 252 3008429232675630243
HIT 3 1086642126927 253 3157690913110155367
HIT 3 1095232061519 255 2946186989274042903
HIT 3 1108116963407 258 3158120412556169221
HIT 3 1142476701775 266 3641649694378450168
HIT 3 1168246505551 272 2736036288207832023
HIT 3 1254145851471 292 3759834156451408067
HIT 3 1258440818767 293 2936744299501127206
HIT 3 1271325720655 296 3340099890192078857
HIT 3 1327160295503 309 4386469354954167417
HIT 3 1340045197391 312 2822212889938835999
HIT 3 1438829445199 335 3933366448034018728
HIT 3 1503253954639 350 2942488845377491385
HIT 3 1537613693007 358 3719028851388734917
HIT 3 1636397940815 381 2863592906983559972
HIT 3 1705117417551 397 3695850393735314362
HIT 3 1713707352143 399 2495437056990476387
HIT 3 1726592254031 402 3442700413697366765
HIT 3 1735182188623 404 2662100326871695631
HIT 3 1752362057807 408 4292157388764864118
HIT 3 1786721796175 416 2963545769034355621
HIT 3 1795311730767 418 3995143562838723433
HIT 3 1842556371023 429 4565738531105363033
HIT 3 1919865782351 447 3528446408087579431
HIT 3 2014355062863 469 4287185286368656244
HIT 3 2040124866639 475 2783000427175595180
HIT 3 2087369506895 486 4411445199114454647
HIT 3 2091664474191 487 2708468153703279830
HIT 3 2126024212559 495 3438398285202516207
HIT 3 2190448721999 510 4564388051995447895
HIT 3 1597743300687 372 2632885712081064916
HIT 3 1589153431631 370 4264654764485242614
HIT 3 1597744414799 372 2518799899571048831
HIT 3 1597744480335 372 4592189141354896318
HIT 3 1597744676943 372 2739575780489507332
HIT 3 1597745397839 372 2981232689248774813
HIT 3 1597745594447 372 3193685748819306636
HIT 3 1597745922127 372 2953919307438180763
HIT 3 1597746249807 372 2437158149355588556
HIT 3 1597746970703 372 4367098447632576225
HIT 3 1597747298383 372 3082467277919061657
HIT 3 1597747888207 372 4522371417839120412
HIT 3 1597748084815 372 4081738394180051592
HIT 3 1597748215887 372 2686851599731752245
HIT 3 1597749461071 372 3909644497677936097
HIT 3 1597751099471 372 4371725707457775342
HIT 3 1597751820367 372 4324157229130038566
HIT 3 1627816984655 379 4446338728856597084
HIT 3 1675061624911 390 4190296600028740772
HIT 3 1739486134351 405 3061781105555605960
HIT 3 1760960970831 410 4278096884989725609
HIT 3 1799615676495 419 3216659747835235996
HIT 3 1876925087823 437 2627071144945182311
HIT 3 1906989858895 444 3509645974900948619
HIT 3 1941349597263 452 2328536040750095917
HIT 3 1949939531855 454 3089664176184772664
HIT 3 1980004302927 461 2704640581186444649
HIT 3 1992889204815 464 4051907184909591376
HIT 3 2027248943183 472 4246785617124748276
HIT 3 2113148289103 492 4064724977526117060
HIT 3 2168982863951 505 2980565190107513946
HIT 3 2186162733135 509 4402376554208009686
HIT 3 1597733470293 372 2330482809689790874
HIT 3 1009323147350 235 4519239154845277118
HIT 3 1009323343958 235 3610485962413490099
HIT 3 1009323540566 235 3136020582097722454
HIT 3 1009323737174 235 4082093307701236342
HIT 3 1597734453334 372 3968488369595805501
HIT 3 1009324392534 235 4464927907734811061
HIT 3 1009324851286 235 3256344931495012432
HIT 3 1009325113430 235 3442368841579998613
HIT 3 1009325506646 235 3012245289594696602
HIT 3 1009325768790 235 3389880243540036793
HIT 3 1597736943702 372 4002823011730555923
HIT 3 1597737009238 372 4401825462898427038
HIT 3 1597737140310 372 2899376217846177730
HIT 3 1597737205846 372 2951734062419909864
HIT 3 1597737467990 372 3745719738551676470
HIT 3 1597737861206 372 3996570542288666576
HIT 3 1597737992278 372 2935205787226898887
HIT 3 1009327997014 235 3857116499929042534
HIT 3 1597738713174 372 2612922065261246425
HIT 3 1597738778710 372 3684971028609320810
HIT 3 1009328652374 235 3739112735483355223
HIT 3 1009328980054 235 2449843944275104912
HIT 3 1597739499606 372 3689557789597995913
HIT 3 1009329176662 235 3609663312299119171
HIT 3 1009329766486 235 4156385545511093268
HIT 3 1009330356310 235 3906971223832098593
HIT 3 1009330815062 235 4028651614318601219
HIT 3 1009330880598 235 3842849365913473795
HIT 3 1597741596758 372 3474162772448037898
HIT 3 1597741858902 372 2767355775957770865
HIT 3 1009331470422 235 3879188487622815654
HIT 3 1597742710870 372 3124410596052187901
HIT 3 1597742907478 372 2841505393912925249
HIT 3 1597743038550 372 3077243287843770642
HIT 3 1013627617366 236 3319525874485970533
HIT 3 1589153235030 370 2465412835540036435
HIT 3 1022217617494 238 3319525874485970533
HIT 3 1043692453974 243 2537398319190245852
HIT 3 1065167290454 248 4124497288921922727
HIT 3 1073757225046 250 3428432491345478771
HIT 3 1082347159638 252 4006728966306120427
HIT 3 1103821996118 257 3032098658902011178
HIT 3 1116706898006 260 3783111679001782119
HIT 3 1138181734486 265 2338569582667654515
HIT 3 1155361603670 269 3993986554936404630
HIT 3 1168246505558 272 4192432428198257855
HIT 3 1176836440150 274 2458745953129771811
HIT 3 1232671014998 287 4050894390542869763
HIT 3 1249850884182 291 4532622242184996208
HIT 3 1271325720662 296 2724825761977577129
HIT 3 1284210622550 299 4066349260090176741
HIT 3 1327160295510 309 3938244935664007804
HIT 3 1335750230102 311 3867377074202072047
HIT 3 1344340164694 313 2624928264887473168
HIT 3 1348635131990 314 3394972551453227958
HIT 3 1365815001174 318 3399369181163844431
HIT 3 1378699903062 321 2575524406827576692
HIT 3 1387289837654 323 4410620563204534207
HIT 3 1400174739542 326 4217003772241915526
HIT 3 1413059641430 329 3883155813052662709
HIT 3 1425944543318 332 4329438637359089954
HIT 3 1434534477910 334 3194617658161163586
HIT 3 1443124412502 336 2566438638460082576
HIT 3 1503253954646 350 4553868100030863956
HIT 3 1554793562198 362 3863409221173495212
HIT 3 1559088529494 363 3719508091489285322
HIT 3 1636397940822 381 4235246453807794250
HIT 3 1657872777302 386 3527526430691663056
HIT 3 1735182188630 404 3305618523047073588
HIT 3 1803901665366 420 3779465836555291208
HIT 3 1833966436438 427 4527607856933580855
HIT 3 1889801011286 440 2832164444206633148
HIT 3 1919865782358 447 2690639346623146631
HIT 3 2022944997462 471 3067003786963822854
HIT 3 2083074539606 485 3972599157394068658
HIT 3 2087369506902 486 2647736910972315234
HIT 3 2104549376086 490 3966322100667997712
HIT 3 2113139310678 492 3628295409370952937
HIT 3 2130319179862 496 2454663648706858725
HIT 3 1597743300694 372 2857748587853966718
HIT 3 1597744021590 372 3051570866017962877
HIT 3 1597744939094 372 2949594624811445347
HIT 3 1597745528918 372 3279675448597255672
HIT 3 1597745594454 372 3016462799392724706
HIT 3 1597746249814 372 2509743024452687716
HIT 3 1602028568663 373 2441873170088757836
HIT 3 386552889431 90 2651058145003276782
HIT 3 1597747167318 372 2665488015063722996
HIT 3 1597747494998 372 2505534973656964313
HIT 3 1597747560534 372 3181047026510328490
HIT 3 1597747822678 372 3845818424747629982
HIT 3 1597747888214 372 3366753683898097137
HIT 3 1597748019286 372 2939348892641806444
HIT 3 1597748740182 372 4397298173290392844
HIT 3 1597749526614 372 2424538505647198923
HIT 3 1597750181974 372 2385632573041417815
HIT 3 1606342213716 374 2330482809689790874
HIT 3 1597750640726 372 3182502287111677573
HIT 3 1597751099478 372 2667841703487012986
HIT 3 1597751361622 372 2695467601302953820
HIT 3 1597751427158 372 2443376718741795717
HIT 3 1589162016854 370 3920502459530849943
HIT 3 1597752016982 372 3920502459530849943
HIT 3 1606342148182 374 3676283207841837024
HIT 3 1610637115478 375 2441873170088757836
HIT 3 1644996853846 383 3203422048288767903
HIT 3 1657881755734 386 3209917440697801506
HIT 3 1679356592214 391 3375951269594605368
HIT 3 1760960970838 410 3773015099874104515
HIT 3 1842565349462 429 3311548343342505551
HIT 3 1928464695382 449 3291381627757133380
HIT 3 1997184172118 465 3409418307043317508
HIT 3 2100263387222 489 2420975600606303555
HIT 3 2121738223702 494 2765162977590558997
HIT 3 2130328158294 496 2539234903129201743
HIT 3 2138918092886 498 4432098000033430653
HIT 3 2181867765846 508 3608927979613547778
HIT 3 1614932148310 376 3676283207841837024
HIT 3 1017922584663 237 4519239154845277118
HIT 3 1597743235163 372 2614191646360034077
HIT 3 1597743235172 372 3957821053242891123
HIT 3 1597743235173 372 3861020977468564662
HIT 3 1597743235174 372 2970259465692376441
HIT 3 1597743235208 372 4223386375134963481
HIT 3 1597743235214 372 3219841161077866847
HIT 3 1597743235218 372 4415768399567263164
HIT 3 1597743235222 372 4193581502233101807
HIT 3 1597743235238 372 3449320939228377672
HIT 3 1597743235239 372 4234383883952340719
HIT 3 1597743235258 372 2377078438259665944
HIT 3 1597743235263 372 4174680655949876154
HIT 3 1597743235266 372 3390232432309769914
HIT 3 1597743235268 372 3817683336242309411
HIT 3 1597743235275 372 4237691705543844519
HIT 3 1597743235277 372 2676896028807740946
HIT 3 1597743235282 372 4439510432442352055
HIT 3 1597743235285 372 4295503863752801731
HIT 3 1597743235296 372 2621472974493016557
HIT 3 1597743235294 372 3744285294116348252
HIT 3 1597743235299 372 2424072276628866010
HIT 3 1597743235300 372 4265094045154771705
HIT 3 1597743759595 372 4557278850248788082
HIT 3 1597744021739 372 3778643500289697984
HIT 3 1597744283883 372 4340954791064516132
HIT 3 1597745070315 372 4165501748082109355
HIT 3 1597745201387 372 3047532754691638153
HIT 3 1597747233003 372 3333963970329942034
HIT 3 1597748412651 372 2958533914154435070
HIT 3 1597748609259 372 3157319065773668240
HIT 3 1597748805867 372 2730261535153582956
HIT 3 1597749002475 372 3127286334975917083
HIT 3 1597749526763 372 2479006494833315944
HIT 3 1597749854443 372 4606712281539102052
HIT 3 1597750575339 372 2600075258503861016
HIT 3 1597751951595 372 3929743907180554212
HIT 3 1623522017515 378 4159494098097581826
HIT 3 1670766657771 389 2646285110427618909
HIT 3 1705126396139 397 3173765451731514357
HIT 3 1743781101803 406 3884967301881589291
HIT 3 1825385480427 425 3299786504391627058
HIT 3 1833975415019 427 2570012299345444551
HIT 3 1898399924459 442 3083593850997957695
HIT 3 2035838877931 474 3987369771858254750
HIT 3 2083083518187 485 3333156656252123716
HIT 3 2091673452779 487 3596461034225856687
HIT 3 2147508027627 500 2802121646247623048
DONE data/p_ones.txt sz=3 range=[0,512) n=22108160 zero=0 48.8s
