DONE data/p_c0.txt sz=1 range=[0,512) n=512 zero=0 0.5s
HIT 2 22151200 338 14980648194292574751
HIT 2 24248352 370 14994685933178849270
HIT 2 24248356 370 14424993236801500038
HIT 2 22216738 339 14351651817116291416
HIT 2 24313914 371 14479898320092004072
HIT 2 29950010 457 14865514599697778543
HIT 2 30015546 458 14338328568907997911
HIT 2 24248659 370 15072886704971446002
HIT 2 30015858 458 13908493627243180607
DONE data/p_c0.txt sz=2 range=[0,512) n=130560 zero=0 2.6s
HIT 3 1958507315200 456 16002788364505155642
HIT 3 1451701174274 338 15411610482520329028
HIT 3 1958508888067 456 14481182198573299180
HIT 3 1958508888065 456 15806788400665354353
HIT 3 1958527238145 456 15062884785884426251
HIT 3 1958527238147 456 15481372089636989052
HIT 3 249110331396 58 14327561251952059202
HIT 3 1589141700612 370 14004732295983069729
HIT 3 1958508888070 456 15786170833071753710
HIT 3 1589141700615 370 14743248574698008574
HIT 3 1958527238148 456 15934096865673705217
HIT 3 1589140127753 370 14184739815490877649
HIT 3 1958508888073 456 15041952925768686811
HIT 3 1451701174283 338 15606052358737275229
HIT 3 1589140127755 370 15782825925300324589
HIT 3 1958507315211 456 15235158317020862279
HIT 3 1589160050696 370 15160804541268047008
HIT 3 1958527238152 456 14361182415350448556
HIT 3 249110331404 58 14158458989370088283
HIT 3 1958527238155 456 14706688144164866326
HIT 3 1958507315213 456 14659588697379429934
HIT 3 1958529335306 456 14350684109092619859
HIT 3 1958507315214 456 15769038250884716733
HIT 3 1958508888078 456 15821724552579890302
HIT 3 1451702747152 338 14160464320031410115
HIT 3 1589160050702 370 14959548073234949642
HIT 3 1589140127763 370 14453101775353185496
HIT 3 1589160050704 370 15512371631363625210
HIT 3 1589141700628 370 14329341837199130828
HIT 3 1958508888085 456 15548993170887491827
HIT 3 1451702747159 338 14616762021614817378
HIT 3 1589141700631 370 15671688286773984498
HIT 3 1958527238165 456 15692875864429946984
HIT 3 1958508888088 456 15917399481813084566
HIT 3 1589160050710 370 15619747693542120087
HIT 3 249110331417 58 15370074233225570856
HIT 3 249110331418 58 14612798685950783924
HIT 3 1589140127770 370 14509438861680840241
HIT 3 1589141700633 370 15829616337412135048
HIT 3 1958527238167 456 14614419749365661624
HIT 3 249110331419 58 15898379941511329549
HIT 3 249110331420 58 16109706069957635256
HIT 3 1451702747164 338 16068329549304994332
HIT 3 1589141700636 370 15098777333962384289
HIT 3 1589160050714 370 15187547158161339988
HIT 3 1958529335322 456 15209017251897835868
HIT 3 1589139996702 370 14086882393402442587
HIT 3 1958507184158 456 16075913485502700141
HIT 3 1589160050715 370 15786531710549450110
HIT 3 1589140127775 370 14086882393402442587
HIT 3 1958507315231 456 16075913485502700141
HIT 3 1589160050716 370 13885477266830041829
HIT 3 1962803855392 457 14903612103581659952
HIT 3 1589141831712 370 13841562562252324717
HIT 3 1958509019168 456 13922421627033010966
HIT 3 1958529335325 456 16087493169035402435
HIT 3 1451701174305 338 14980648194292574751
HIT 3 1589140127777 370 14994685933178849270
HIT 3 1958529335326 456 14587878364983290689
HIT 3 1958507577378 456 14510746630043738474
HIT 3 1451701501986 338 13847505275823498248
HIT 3 1958507708450 456 14306510506343073964
HIT 3 1451701829666 338 14533158932764146843
HIT 3 249111183394 58 15866532882356834350
HIT 3 1451702157346 338 15128699838348050353
HIT 3 1451702550562 338 14879076985900816592
HIT 3 1593436536866 371 13966661335433036274
HIT 3 296356544546 69 14795241738354226569
HIT 3 347896152098 81 14555268739605966293
HIT 3 365076021282 85 14933240376894665132
HIT 3 373665955874 87 14177473316661921516
HIT 3 446680399906 104 16007326163549807980
HIT 3 468155236386 109 15274369545056106549
HIT 3 515399876642 120 16061774289435333881
HIT 3 545464647714 127 15735399045039087386
HIT 3 549759615010 128 14437173476630160631
HIT 3 554054582306 129 14974955265441800717
HIT 3 558349549602 130 15958750598858000562
HIT 3 635658960930 148 15337296999806956698
HIT 3 704378437666 164 15099618728169436083
HIT 3 708673404962 165 14634708540392829637
HIT 3 717263339554 167 15315130013580989073
HIT 3 764507979810 178 14880311970570256634
HIT 3 811752620066 189 15802297774470496890
HIT 3 833227456546 194 14082105418001522332
HIT 3 880472096802 205 15635488262151361200
HIT 3 919126802466 214 14408761659098723116
HIT 3 970666410018 226 15366246675280272042
HIT 3 1026500984866 239 15191076900202421841
HIT 3 1030795952162 240 15706538932926093912
HIT 3 1095220461602 255 13986373366463489883
HIT 3 1108105363490 258 15924950810525074599
HIT 3 1142465101858 266 15191809824447601512
HIT 3 1159644971042 270 14862694598762632460
HIT 3 1236954382370 288 15531868571272952551
HIT 3 1249839284258 291 15660872479401765698
HIT 3 1254134251554 292 14246591351414058560
HIT 3 1271314120738 296 14586729917704066279
HIT 3 1370098368546 319 15029642860138939505
HIT 3 1404458106914 327 15072875937519912412
HIT 3 1425932943394 332 14668973020949942509
HIT 3 1438817845282 335 15669659182859099780
HIT 3 1443112812578 336 15804408496617362548
HIT 3 1468882616354 342 14801676910248099086
HIT 3 1498947387426 349 14648664625216224495
HIT 3 1563371896866 364 15519783814786909112
HIT 3 1580551766050 368 14869961134560193041
HIT 3 1614911504418 376 14394819968343115975
HIT 3 1623501439010 378 15581643728336583156
HIT 3 1627796406306 379 13865558258243025774
HIT 3 1696515883042 395 14900415031405292318
HIT 3 1705105817634 397 14600604188234170483
HIT 3 1756645425186 409 13897954938745825133
HIT 3 1786710196258 416 14463089402145359886
HIT 3 1791005163554 417 15547384137850884730
HIT 3 1795300130850 418 15514641107641433041
HIT 3 1799595098146 419 15509314121510576822
HIT 3 1816774967330 423 13909000657607712459
HIT 3 1872609542178 436 14609704264463453063
HIT 3 1915559215138 446 15911926153717063422
HIT 3 1971393789986 459 15594759982414592450
HIT 3 1984278691874 462 14507910319277047361
HIT 3 2018638430242 470 14018449516634961516
HIT 3 2052998168610 478 15042547429878349257
HIT 3 2104537776162 490 14029815332294048653
HIT 3 2134602547234 497 15973941746815475777
HIT 3 2181847187490 508 14409959102600980375
HIT 3 1455997780002 339 15352717178630936013
HIT 3 1958509019170 456 16095528432035416091
HIT 3 1589141962786 370 14407063450947451149
HIT 3 1589142028322 370 15918480491787632761
HIT 3 1958509215778 456 15107921776370834915
HIT 3 1451703271458 338 14092612040116709869
HIT 3 1451703468066 338 14190865141419307764
HIT 3 1451703664674 338 14495537821691741602
HIT 3 1451704320034 338 14525175040728376404
HIT 3 1589143273506 370 13897855849178053347
HIT 3 1451704451106 338 14254359789397418374
HIT 3 1958510657570 456 14708879347367330671
HIT 3 1589143666722 370 13900299128381955450
HIT 3 1451704909858 338 14407479657164543066
HIT 3 1958529335327 456 14241556366105727129
HIT 3 1593455018016 371 14017719440213504983
HIT 3 1967117172768 458 14807459984401035382
HIT 3 1460311097376 340 14980648194292574751
HIT 3 1958529335328 456 14849650096941336865
HIT 3 1597752148000 372 14994685933178849270
HIT 3 1451705303074 338 14800883432650141813
HIT 3 1589144256546 370 13963720193609265458
HIT 3 1451705368610 338 14100500140110552833
HIT 3 1589144387618 370 14582629829448978232
HIT 3 1589144584226 370 14884804713752791065
HIT 3 1958511771682 456 14608315408568597486
HIT 3 1958511837218 456 15931857883868234202
HIT 3 1958511902754 456 15612358899086114387
HIT 3 1451705892898 338 14817806371899334197
HIT 3 1589145370658 370 15159465700098768906
HIT 3 1958512558114 456 15570057092121632549
HIT 3 1589145436194 370 13901703154421568723
HIT 3 1958512623650 456 15083711889562815286
HIT 3 1589145763874 370 15500559311712165521
HIT 3 1455996272675 339 14351651817116291416
HIT 3 1451701370915 338 13847505275823498248
HIT 3 1451706875938 338 14781280111011297579
HIT 3 1958513082402 456 13867110926003340168
HIT 3 1958513344546 456 15417892221611591202
HIT 3 1451707596834 338 15723291171128138339
HIT 3 1958513737762 456 15064046065151328583
HIT 3 1958513868834 456 15546875615497492878
HIT 3 1451707990050 338 14573992006502660362
HIT 3 1589147009058 370 14849161634534205227
HIT 3 1589147271202 370 16085361382925612933
HIT 3 1451708448802 338 13995718707013023760
HIT 3 1589147402274 370 15631011966059283463
HIT 3 1958514589730 456 14329233575095758216
HIT 3 1589147533346 370 15940857723170354579
HIT 3 1451708710946 338 14017738261730219984
HIT 3 1958508757028 456 14299063977568590922
HIT 3 1460292681764 340 14549976679634177020
HIT 3 1589141700644 370 15441046700222822823
HIT 3 1949918953508 454 15465607122265957637
HIT 3 1958508953636 456 14812168656323019003
HIT 3 1443112812579 336 14610391394358877966
HIT 3 1949918953507 454 15662891523019941094
HIT 3 1451702812707 338 13875075378558947897
HIT 3 1958508953635 456 15305176363820121801
HIT 3 1589147795490 370 15851733317619645800
HIT 3 1958515179554 456 15226009858379604561
HIT 3 1589148188706 370 16007338419630798469
HIT 3 1589148385314 370 15290814015905748116
HIT 3 1958515572770 456 15318647926810380030
HIT 3 1958515638306 456 14382222301026742664
HIT 3 1589148516386 370 15653138468109586519
HIT 3 1589148647458 370 15023891950751932008
HIT 3 1589148909602 370 15585055054524412702
HIT 3 1958516162594 456 14603674882849928809
HIT 3 1451710087202 338 15737810367302898348
HIT 3 1451710152738 338 13838980643339881341
HIT 3 1589149106210 370 16013021997088814086
HIT 3 1451710545954 338 14284119920023883379
HIT 3 1958516752418 456 14190690436871483510
HIT 3 1958516817954 456 14566416707632871800
HIT 3 1451710742562 338 15018992358954822286
HIT 3 1958517014562 456 13963144496112486147
HIT 3 1589150023714 370 14744340497657666974
HIT 3 1451711135778 338 14946707054461947663
HIT 3 1958517276706 456 15225203939069536106
HIT 3 1451711266850 338 16060432548103541073
HIT 3 1589150679074 370 14319113228491582026
HIT 3 1589150875682 370 14153450383489666676
HIT 3 1958518063138 456 15702823170088066773
HIT 3 1958518456354 456 13974390113614328130
HIT 3 1958518652962 456 15720141909066444735
HIT 3 1958518784034 456 15321436779250450672
HIT 3 1589151727650 370 15930111881854070862
HIT 3 1451713298466 338 13965276684569206124
HIT 3 1451713495074 338 15157085238893362189
HIT 3 1451713560610 338 14174463976001027243
HIT 3 1958519701538 456 15413490865282117257
HIT 3 1958519832610 456 15204867254017198548
HIT 3 1451713888290 338 14812595428059681428
HIT 3 1958520815650 456 15035182440702599583
HIT 3 1589153955874 370 14125749093880817283
HIT 3 1958521143330 456 14688532072763709282
HIT 3 1589154218018 370 15676579839490235042
HIT 3 1958521471010 456 14508003018543914615
HIT 3 1958521536546 456 15235614468762635114
HIT 3 1451715461154 338 14476832617147504794
HIT 3 1451715526690 338 14138482553497567299
HIT 3 1589154545698 370 15628235270518976037
HIT 3 1451715657762 338 15918162732821312752
HIT 3 1958521798690 456 13961974218517313564
HIT 3 1451715854370 338 15408802341114303727
HIT 3 1589154807842 370 14344375187445888909
HIT 3 1451716313122 338 15085859549890935737
HIT 3 1589155332130 370 14066701550318096308
HIT 3 1451716444194 338 14733708536861142117
HIT 3 1589155397666 370 14650017997943726838
HIT 3 1958522585122 456 14332749103919457337
HIT 3 1451716640802 338 14588816312049654989
HIT 3 1958522781730 456 15434096639316749312
HIT 3 1589155725346 370 14128009612783748528
HIT 3 1958522978338 456 15609750492747155130
HIT 3 1589155921954 370 15639745236325959764
HIT 3 1451717427234 338 14888920622271533404
HIT 3 1451717558306 338 13853282392496906700
HIT 3 1958523764770 456 16091230686102561255
HIT 3 1451717885986 338 14095649297213222294
HIT 3 1958524026914 456 13989295833987646795
HIT 3 1589157036066 370 15515849533531631827
HIT 3 1589157232674 370 15426622625655430730
HIT 3 1451718410274 338 14494993427105738433
HIT 3 1589157625890 370 15276422277474960215
HIT 3 1958524813346 456 15971140405950817450
HIT 3 1451718934562 338 16009434244588794237
HIT 3 1451719131170 338 15465837727334529456
HIT 3 1589158150178 370 14151697049176892989
HIT 3 1451719262242 338 15167641911219114376
HIT 3 1589158740002 370 15584700783184664829
HIT 3 1958525992994 456 15839607114900353582
HIT 3 1451720245282 338 15716520878182035630
HIT 3 1958526582818 456 14410324622571286968
HIT 3 1443130900514 336 14136492033479946268
HIT 3 1451720900642 338 14136492033479946268
HIT 3 1460311031842 340 14561876645440475946
HIT 3 1464605999138 341 14351651817116291416
HIT 3 1481785868322 345 14702904356107092271
HIT 3 1584865083426 369 15612495245694757507
HIT 3 1597749985314 372 13919243933523071992
HIT 3 1602044952610 373 15360836694819634985
HIT 3 1636404690978 381 15131370919023768281
HIT 3 1679354363938 391 15949676456876640065
HIT 3 1722304036898 401 15183547176251538921
HIT 3 1894102728738 441 16009226960085969619
HIT 3 1902692663330 443 15434753200957168895
HIT 3 1941347368994 452 15171700762831837257
HIT 3 1971412140066 459 16121353666762355801
HIT 3 2053016518690 478 15911515580731912247
HIT 3 2074491355170 483 16086185844551236824
HIT 3 2117441028130 493 14659236328000440620
HIT 3 2134620897314 497 13991383606666661457
HIT 3 2194750439458 511 15177433374584434051
HIT 3 1468901031970 342 14561876645440475946
HIT 3 1589140389925 370 14424993236801500038
HIT 3 1589160640546 370 14337978774520828329
HIT 3 1589160771618 370 13919637671099339563
HIT 3 1958527959074 456 15322541492337606937
HIT 3 1589160902690 370 15610861077590926177
HIT 3 1958528548898 456 13871946769922365341
HIT 3 1958528745506 456 15549595086900375543
HIT 3 1597752082466 372 14715942295172512243
HIT 3 1752370905122 408 14708012476594011243
HIT 3 1778140708898 414 15900441232379388934
HIT 3 1803910512674 420 14501380013671537013
HIT 3 1838270251042 428 14833326282648237174
HIT 3 1864040054818 434 13843743980533826107
HIT 3 1868335022114 435 14934579656740490106
HIT 3 1949939400738 454 15391332642107942909
HIT 3 2027248812066 472 15756102192450287641
HIT 3 2100263256098 489 15633492053255984065
HIT 3 2108853190690 491 14400748084586467758
HIT 3 2121738092578 494 15876279543418710249
HIT 3 2173277700130 506 15742898373301913112
HIT 3 2181867634722 508 13927248006769819694
HIT 3 1606342082594 374 14715942295172512243
HIT 3 1958529663010 456 13866923341081667783
HIT 3 1958530056226 456 15227274031251954223
HIT 3 1958530842658 456 15544456243978890598
HIT 3 1958530908194 456 14319442017666430718
HIT 3 1958530973730 456 14886313494651296106
HIT 3 1958531104802 456 15605709355279218987
HIT 3 1958531170338 456 14781337016142765550
HIT 3 1958531235874 456 13858700268954094021
HIT 3 1958531498018 456 14796391407628136723
HIT 3 1958532022306 456 13996109154121704677
HIT 3 1958532677666 456 16022220574780776050
HIT 3 1958533267490 456 15407142200049913517
HIT 3 1958533660706 456 15280155445373668489
HIT 3 1958534184994 456 14479707924653968022
HIT 3 1949944774690 454 15141039036521598742
HIT 3 1958534774818 456 15141039036521598742
HIT 3 2001484644386 466 15836746806478434672
HIT 3 2027254448162 472 15456252592190234786
HIT 3 2061614186530 480 16027978481914098485
HIT 3 2087383990306 486 16133289710063128747
HIT 3 2091678957602 487 14726884912024849013
HIT 3 2164693401634 504 14516212231075748447
HIT 3 1958508888102 456 14768169777935124593
HIT 3 1589159919652 370 14258219196702471565
HIT 3 1589160116260 370 15477383010929232013
HIT 3 1958529335332 456 14361867037987302152
HIT 3 1597752148004 372 14424993236801500038
HIT 3 1589159919651 370 15603221088997160243
HIT 3 1593455018019 371 15182367119042744124
HIT 3 1962824302627 457 15113823565167019153
HIT 3 1589141700649 370 14603895611593048941
HIT 3 1958508888105 456 16072995485336310691
HIT 3 1958529335336 456 15326421822284328127
HIT 3 1958508888110 456 14129601495493601829
HIT 3 1589141700658 370 15446247840085856438
HIT 3 1958527238193 456 14984880579865141405
HIT 3 1589141700660 370 14686504274644597088
HIT 3 1958527238195 456 15156001148938390906
HIT 3 1958509609018 456 13858791925671110069
HIT 3 1958509740090 456 16111998270956450934
HIT 3 1451703664698 338 15514057914508650830
HIT 3 1958509805626 456 15240342039209618181
HIT 3 1451703730234 338 15974504771062461018
HIT 3 1958509936698 456 15528604703439883855
HIT 3 1589143011386 370 14594957917728699900
HIT 3 1451704123450 338 15585037202912627676
HIT 3 1589143404602 370 14510803999550149748
HIT 3 1958510592058 456 14610251309056638055
HIT 3 1451704713274 338 15676162051057358510
HIT 3 1958510854202 456 16022407550283626568
HIT 3 1958510985274 456 13919075012625858922
HIT 3 1589143994426 370 15535531084994254752
HIT 3 1451705172026 338 14285194809376525399
HIT 3 1451705565242 338 15013058321664886533
HIT 3 1589144518714 370 15408086727568995013
HIT 3 1589144911930 370 14591138403793852874
HIT 3 1958512295994 456 16044382374818590476
HIT 3 1958512623674 456 14834998306515655136
HIT 3 1958527238199 456 15439502342582263322
HIT 3 1589145632826 370 14954493170873611702
HIT 3 1589145698362 370 15171141695041926824
HIT 3 1451706810426 338 13978400035526654639
HIT 3 1958513279034 456 14816590526174085488
HIT 3 1589146157114 370 14630781089949674976
HIT 3 1958514065466 456 15349636057268670979
HIT 3 1593436799035 371 14479898320092004072
HIT 3 1962803986491 457 14865514599697778543
HIT 3 1967098953787 458 14338328568907997911
HIT 3 1589159919672 370 15548117206182642414
HIT 3 1580570116152 368 15940909484304575501
HIT 3 1962822205496 457 13944495082231444421
HIT 3 1451708186682 338 15681553521307844683
HIT 3 1589147861050 370 15494244623662264764
HIT 3 1451709628474 338 14382897957607574986
HIT 3 1958529466424 456 15941051711262731618
HIT 3 1451710283834 338 15247484194491203961
HIT 3 1958516555834 456 14856782209818886644
HIT 3 1589149827130 370 15415370235270930456
HIT 3 1958517211194 456 15244273354397916364
HIT 3 1589150220346 370 14384571829580091561
HIT 3 1589150416954 370 15345433881360430390
HIT 3 1589150482490 370 14276356069030393218
HIT 3 1589150744634 370 14211137548014146324
HIT 3 1589150941242 370 14880459296803932659
HIT 3 1451712249914 338 14211016625586074902
HIT 3 1958518390842 456 15361165074822295122
HIT 3 1958518521914 456 14307609978832666357
HIT 3 1589151399994 370 14448859434132661191
HIT 3 1958518652986 456 14856103733150424209
HIT 3 1958518849594 456 15969320689635526108
HIT 3 1451712839738 338 14519548163447123885
HIT 3 1958519570490 456 15435587899563090087
HIT 3 1451713822778 338 13952881761597123819
HIT 3 1589152907322 370 15842396758765805054
HIT 3 1958520422458 456 13864227403813444612
HIT 3 1589153300538 370 15160387586734979968
HIT 3 1451714412602 338 15007535309932386217
HIT 3 1589153431610 370 14242822300945973598
HIT 3 1589153628218 370 15727203449705700371
HIT 3 1451714805818 338 14833883502792223267
HIT 3 1451715002426 338 14463598718389302877
HIT 3 1451715067962 338 15953347577753177306
HIT 3 1451715526714 338 14482399923078764931
HIT 3 1589154480186 370 14688293629296031171
HIT 3 1589154545722 370 14349139224738035359
HIT 3 1451715657786 338 14578913654858941097
HIT 3 1589154611258 370 14118004651353738594
HIT 3 1451715788858 338 14203147849757865052
HIT 3 1958522257466 456 14570959902645691356
HIT 3 1451716182074 338 15440159433561957173
HIT 3 1589155135546 370 15799950043721503132
HIT 3 1451716313146 338 15233653709287629490
HIT 3 1958522781754 456 15431943857168083990
HIT 3 1451716968506 338 15661191033425593070
HIT 3 1589156053050 370 14547349104479447146
HIT 3 1589156118586 370 14927472946963747368
HIT 3 1958523371578 456 13836841133171099249
HIT 3 1589156380730 370 15088938164022951594
HIT 3 1589156511802 370 14318771634114024753
HIT 3 1958523699258 456 14445807018900510231
HIT 3 1958524092474 456 14518600599838030044
HIT 3 1451718148154 338 15948846294574330802
HIT 3 1958524551226 456 15135850756471742194
HIT 3 1451718475834 338 15809712191715317059
HIT 3 1958524616762 456 15625041964514065489
HIT 3 1589157560378 370 14467469462873605195
HIT 3 1958524747834 456 15689479344558152833
HIT 3 1589157625914 370 14514003128280162844
HIT 3 1589157691450 370 15145741514801199682
HIT 3 1958524944442 456 15978543179838492592
HIT 3 1451719262266 338 14319660045507660222
HIT 3 1958526451770 456 14054163916557873895
HIT 3 1589159460922 370 15863311927421914461
HIT 3 1451720638522 338 14625350824058514517
HIT 3 1589159788602 370 14179380840206134832
HIT 3 1468900966458 342 14396267394067584529
HIT 3 1498965737530 349 13908722373351404345
HIT 3 1606339919930 374 15269189531068258834
HIT 3 1640699658298 382 15813057501953530023
HIT 3 1705124167738 397 15308745285838384851
HIT 3 1722304036922 401 16130748819904259526
HIT 3 1782433579066 415 15794620539320815367
HIT 3 1808203382842 421 14650523135457215470
HIT 3 1851153055802 431 14934309409957933399
HIT 3 1855448023098 432 14047497550024888292
HIT 3 1872627892282 436 15313610996966164091
HIT 3 1876922859578 437 14551040319260603070
HIT 3 1881217826874 438 15360733773874573631
HIT 3 1924167499834 448 15719960116399321372
HIT 3 2010066845754 468 14456499458587151198
HIT 3 2057311486010 479 14079250354912328189
HIT 3 2138915864634 498 15727754319146846584
HIT 3 2181865537594 508 15460644767681018861
HIT 3 1593455083578 371 14895616829490691893
HIT 3 1967117238330 458 15879447903369151765
HIT 3 1589160181818 370 15916258281277549837
HIT 3 1589160312890 370 14110678116653356832
HIT 3 1958527500346 456 13894476486164382253
HIT 3 1589160640570 370 14717085139542009695
HIT 3 1589160771642 370 14503281530054220159
HIT 3 1589160837178 370 15631593427712552072
HIT 3 1958528024634 456 14882278168267416292
HIT 3 1589161164858 370 15749949623881744868
HIT 3 1958528352314 456 15148545493758504307
HIT 3 1958528942138 456 14765286223706669980
HIT 3 1958529007674 456 14523893483165080495
HIT 3 1958529073210 456 14335767344951373447
HIT 3 1958529138746 456 13902762420186209097
HIT 3 1602047049786 373 14479898320092004072
HIT 3 1657881624634 386 14878307358914709106
HIT 3 1700831297594 396 14024292957485728799
HIT 3 1769550774330 412 15784214522019552559
HIT 3 1786730643514 416 14607528866052919036
HIT 3 1829680316474 426 15041503630209572821
HIT 3 1868335022138 435 14573688311415788740
HIT 3 1906989727802 444 15467311078006863584
HIT 3 1919874629690 447 14981275300092216747
HIT 3 1928464564282 449 14454342440027439290
HIT 3 1988594106426 463 15201378606423004513
HIT 3 2078788419642 484 15544803102973057046
HIT 3 2083083386938 485 14301222829657360682
HIT 3 2091673321530 487 15926758492864282373
HIT 3 2100263256122 489 15896940609264390400
HIT 3 2173277700154 506 14832437093788120768
HIT 3 1958529400890 456 14249388159996565247
HIT 3 1958529466426 456 14419807821481780674
HIT 3 1967119401018 458 14549976679634177020
HIT 3 1958529859642 456 14126405871365149639
HIT 3 1958530515002 456 15927703350101118152
HIT 3 1958532677690 456 14671111789846991740
HIT 3 1958534643770 456 14221673241565986795
HIT 3 1971419873338 459 14865514599697778543
HIT 3 1997189677114 465 15894016130971194385
HIT 3 2027254448186 472 14155589796594108891
HIT 3 2091678957626 487 16116029669244734697
HIT 3 1975715037242 460 14338328568907997911
HIT 3 1597749985339 372 13994295535866852631
HIT 3 1958529335355 456 15491880819050864339
HIT 3 1962824302651 457 14666187631528924598
HIT 3 1958527238206 456 14985297774668047664
HIT 3 1589160050753 370 14710169887009695452
HIT 3 1958529335361 456 14502808938863771000
HIT 3 1589160050754 370 15578523478571539966
HIT 3 1958529335363 456 14442990204366028613
HIT 3 1958527238213 456 13940415668861609599
HIT 3 1958529335370 456 15932706460427458901
HIT 3 1958529335375 456 14559516061713452776
HIT 3 1958529335376 456 14904980031074020817
HIT 3 1958529335377 456 14535677463243683889
HIT 3 1589160050772 370 14520497316632542402
HIT 3 1589160050773 370 15805017341613214040
HIT 3 1589160050775 370 15459468299700809364
HIT 3 1958527238233 456 14248821820885949463
HIT 3 1958529335386 456 15521146676422038040
HIT 3 1958527238236 456 14916196515207038423
HIT 3 1958529335388 456 13969042553894195387
HIT 3 1958527238242 456 15530808199754696157
HIT 3 1958527238253 456 15569355385337927959
HIT 3 1958527238258 456 13883097298587427914
HIT 3 1589160050808 370 14243219294562715530
HIT 3 1958529335416 456 15298085053379601539
HIT 3 1958529335419 456 15095449136168692809
HIT 3 1958527238272 456 15345710026524678156
HIT 3 1589160050815 370 15759130101626873237
HIT 3 1958527238271 456 15051811017003331507
HIT 3 1958529335423 456 14608391872012798831
HIT 3 1958527238273 456 16099156903478042644
HIT 3 1958529335429 456 14046422652906594229
HIT 3 1958527238279 456 14245779881683461701
HIT 3 1958527238280 456 15299403205924433129
HIT 3 1958527238289 456 15610895707618838309
HIT 3 1589160050834 370 14793381670573663816
HIT 3 1958527238293 456 15378757793895668314
HIT 3 1958527238295 456 14408575089679418678
HIT 3 1589160050842 370 13982591371940721835
HIT 3 1958527238305 456 14330763132937943657
HIT 3 1589160050850 370 15592310057879627263
HIT 3 1589160050852 370 14849803371635428023
HIT 3 1589160050855 370 14280501550290782516
HIT 3 1589160050856 370 14908726513265767557
HIT 3 1958529335464 456 15556667994811201028
HIT 3 1958529335465 456 15081670715412432478
HIT 3 1589160050860 370 15393745260742748541
HIT 3 1958529335466 456 15436401620700275033
HIT 3 1958527238325 456 15846344156834405617
HIT 3 1958529335479 456 13838075116523771763
HIT 3 1958527238329 456 14180054847414340558
HIT 3 1958529335484 456 14230199876953334088
HIT 3 1589160050881 370 15873677101665681206
HIT 3 1958529335491 456 14337369636047642482
HIT 3 1589160050887 370 15888440528895081323
HIT 3 1958527238348 456 15638243748865986001
HIT 3 1958529335499 456 15350676232105296200
HIT 3 1958527238353 456 15465615141339908113
HIT 3 1958527238360 456 14258702266606108664
HIT 3 1958527238364 456 15778466706201603157
HIT 3 1589160050913 370 16115018452428254700
HIT 3 1589160050915 370 14262695848378039815
HIT 3 1958527238373 456 16032879319552334212
HIT 3 1958529335532 456 15716113309328036956
HIT 3 1958529335534 456 15168197954801846776
HIT 3 1958529335535 456 15828699335156199249
HIT 3 1958529335539 456 14585217703736425488
HIT 3 1589160050935 370 15750429770798181423
HIT 3 1958529335545 456 16060659830779067750
HIT 3 1958529335551 456 15342010992426988379
HIT 3 1589160050944 370 14366340191138176900
HIT 3 1958529335557 456 15721101173748155114
HIT 3 1589160050954 370 15004633467934586216
HIT 3 1589160050955 370 14269543253525371317
HIT 3 1958527238413 456 14173840138370625497
HIT 3 1958527238419 456 14398977184384415685
HIT 3 1958529335569 456 14356728278720877616
HIT 3 1589160050967 370 14382162767804834915
HIT 3 1958527238423 456 14656880849624845294
HIT 3 1589160050968 370 13887772304912046930
HIT 3 1589160050971 370 15776500461819510499
HIT 3 1958527238428 456 15296107910804748966
HIT 3 1589160050989 370 15767805725500888949
HIT 3 1589160050991 370 14723146001324021439
HIT 3 1958527238447 456 15620484167930548017
HIT 3 1589160050994 370 13983561582539143010
HIT 3 1589160050996 370 14875350768921842083
HIT 3 1958527238455 456 14438626010830949711
HIT 3 1958529335606 456 15360638785540513818
HIT 3 1958527238457 456 15223102326207532094
HIT 3 1958529335609 456 15575059633294295973
HIT 3 1589160051003 370 15543049697444121709
HIT 3 1589160051004 370 14569765709329737724
HIT 3 1589160051006 370 13970801871684130916
HIT 3 1958527238462 456 15249125607231856920
HIT 3 1958527238465 456 14370164666680327609
HIT 3 1958529335616 456 15051159826760345790
HIT 3 1958529335622 456 15981840127907338505
HIT 3 1958529335623 456 15962501663879613973
HIT 3 1958527238474 456 15566932660306310110
HIT 3 1589160051019 370 14360157757769274272
HIT 3 1958529335627 456 14887494477074711622
HIT 3 1958527238477 456 14128952436077275512
HIT 3 1958527238480 456 15024495784831742644
HIT 3 1958529204560 456 14790225272169622934
HIT 3 1958529401168 456 15103732269880208388
HIT 3 1589160182098 370 15375511447536930655
HIT 3 1589160247634 370 15072886704971446002
HIT 3 1589160313170 370 15184895060059435154
HIT 3 1958527697234 456 16101216187523455053
HIT 3 1589160640850 370 15330229295934004089
HIT 3 1958528024914 456 15528957496081742882
HIT 3 1589161820498 370 14797092343358867986
HIT 3 1958529073490 456 15582192917995241740
HIT 3 1958529139026 456 15392657331901787963
HIT 3 1967119139154 458 15558269525020234302
HIT 3 1632111821138 380 14879891393683789119
HIT 3 1666471559506 388 15342598414692265511
HIT 3 1683651428690 392 14724258301674877584
HIT 3 1739486003538 405 13842356529072080025
HIT 3 1760960840018 410 15374244204978410356
HIT 3 1778140709202 414 15181975576196924034
HIT 3 1786730643794 416 14778256484328039121
HIT 3 1829680316754 426 15131591090859107337
HIT 3 1864040055122 434 15490140640363195325
HIT 3 1876924957010 437 15894772161086187577
HIT 3 1881219924306 438 14869081544945942328
HIT 3 1945644433746 453 15832447975413073087
HIT 3 1958529335634 456 15107832077282177905
HIT 3 2018658877778 470 15644136929642783143
HIT 3 2057313583442 479 15497008662547102446
HIT 3 2065903518034 481 13996370843124777155
HIT 3 2134622994770 497 15725783641150177258
HIT 3 2168982733138 505 14381918765325037716
HIT 3 2190457569618 510 15287145465630952330
HIT 3 1958530580818 456 14973189743105980076
HIT 3 1958530711890 456 14112518008259256305
HIT 3 1958530974034 456 16096172749384215288
HIT 3 1589160313171 370 15375511447536930655
HIT 3 1958527369553 456 15024495784831742644
HIT 3 1958531367250 456 15376711993064555909
HIT 3 1958531432786 456 15127728742626257106
HIT 3 1958532284754 456 14462927634134688373
HIT 3 1958532546898 456 15316550889087498130
HIT 3 1958532940114 456 15669480558462605218
HIT 3 1958533202258 456 15153133091930302909
HIT 3 1958534381906 456 13880605913699233943
HIT 3 2001484644690 466 14720685810803286922
HIT 3 2014369546578 469 14894437276544147012
HIT 3 2074499088722 483 14558198778264260452
HIT 3 2113153794386 492 14171231804117968407
HIT 3 2151808500050 501 15650443307283372717
HIT 3 2160398434642 503 14875924114073107500
HIT 3 2194758173010 511 14279592341414968345
HIT 3 1597752148307 372 15072886704971446002
HIT 3 1958529335650 456 14611915305349842495
HIT 3 1958529335660 456 14382373521223543774
HIT 3 1958529335658 456 14964180820259956293
HIT 3 1958529466737 456 14776900940910053179
HIT 3 1958529335664 456 14776900940910053179
HIT 3 1958530122098 456 16123153393010651200
HIT 3 1958530318706 456 13872800748450570137
HIT 3 1958531694962 456 14531112460762933222
HIT 3 1958531957106 456 15111549697433630069
HIT 3 1958532022642 456 14040761218297156887
HIT 3 1958533005682 456 15837522078086817668
HIT 3 1958533595506 456 14937082090100229910
HIT 3 1958533726578 456 14410210966522068048
HIT 3 1958534381938 456 15091736325873533878
HIT 3 1958534840690 456 13887380234944544793
HIT 3 1967124840818 458 13887380234944544793
HIT 3 2010074579314 468 14949163473386409250
HIT 3 2057319219570 479 14514130856238253584
HIT 3 2074499088754 483 14825937368262063413
HIT 3 2095973925234 488 14204123475087969440
HIT 3 2113153794418 492 14712967366687604333
HIT 3 2156103467378 502 15853947341435838776
HIT 3 2177578303858 507 14703016865767306582
HIT 3 1975715037554 460 13908493627243180607
HIT 3 1967119401331 458 13908493627243180607
DONE data/p_c0.txt sz=3 range=[0,512) n=22108160 zero=0 28.3s
