HIT 1 379 379 14332644685631817896
DONE data/p_lam.txt sz=1 range=[0,512) n=512 zero=0 0.6s
HIT 2 20512914 313 13868473575876227770
HIT 2 24838293 379 15438042108292500188
HIT 2 24707220 377 14161032973382330215
HIT 2 30474390 465 15118461308514744010
HIT 2 24772921 378 15316031168543476351
HIT 2 24969529 381 16086835314939292300
HIT 2 30605625 467 13962089527790077044
HIT 2 30474551 465 14603469511512906946
HIT 2 24969594 381 14332644685631817896
HIT 2 30474619 465 15015722776099390639
HIT 2 32571771 497 15519827335100491132
HIT 2 32833915 501 14099890428261565598
HIT 2 30474621 465 16047432369076441770
DONE data/p_lam.txt sz=2 range=[0,512) n=130560 zero=0 5.0s
HIT 3 1997169491970 465 15526959394989993048
HIT 3 1344334462976 313 14343718582131527492
HIT 3 1997169491968 465 15828758648926233910
HIT 3 1627802304513 379 14684681620477776004
HIT 3 1997180305409 465 13874469164606055186
HIT 3 1997180305410 465 15529744852494998555
HIT 3 1997184630786 465 15249425466072475505
HIT 3 2143219154946 499 14616328630789629628
HIT 3 2143219154944 499 15650193277083359929
HIT 3 1997169491974 465 14299099653183674667
HIT 3 1997180305412 465 14927229528714998673
HIT 3 1997180305413 465 15182174264280718369
HIT 3 2143219154951 499 15760191261715581824
HIT 3 1627813117960 379 15383207153057381261
HIT 3 2143209193480 499 14216595028110402880
HIT 3 1627813117963 379 14994097718582611619
HIT 3 2143219154952 499 14353034604416976942
HIT 3 2143213518858 499 15777981190866823828
HIT 3 2143219154955 499 16033714467805092097
HIT 3 1344334462989 313 14229332972242834953
HIT 3 1997169491981 465 15043964228635160740
HIT 3 1627813117964 379 15795937097801167503
HIT 3 2143209193484 499 15786398713657256540
HIT 3 1997180305421 465 15764539757674855741
HIT 3 2143209193487 499 15268897280801858889
HIT 3 1997184630799 465 14893984207410251933
HIT 3 1997169491985 465 16007757061266066824
HIT 3 2143209193489 499 15026399566828252807
HIT 3 1997184630801 465 16097135961394994401
HIT 3 1997184630803 465 14942485112787520558
HIT 3 2143219154963 499 14332456739249393788
HIT 3 1344334462998 313 15488794073532417563
HIT 3 1997169491990 465 15740070524137824997
HIT 3 1344334462999 313 14301486079914855615
HIT 3 1997180305429 465 15922889022675678127
HIT 3 1627813117975 379 14905432381891543161
HIT 3 1997180305431 465 14090677540245281807
HIT 3 2143213518871 499 15831245361297053876
HIT 3 1344334463002 313 15752293830884961037
HIT 3 2143198380059 499 14664261581671733007
HIT 3 1997180305432 465 15927472177791739995
HIT 3 1997180305434 465 15697531778603188859
HIT 3 1997184630811 465 15942851372660935110
HIT 3 2143213518875 499 15359676611316641513
HIT 3 2143209193501 499 15932076642079512974
HIT 3 2143219154975 499 14849473117417377440
HIT 3 1627802304544 379 14707072039483474898
HIT 3 1997169492000 465 15418458753400374749
HIT 3 1344334463009 313 15524976498544632209
HIT 3 2143213518880 499 15238227903885785141
HIT 3 1627813117985 379 14296785832138000514
HIT 3 1997180305442 465 15074144485750365549
HIT 3 1997184630819 465 14258199355869091579
HIT 3 2143198380071 499 15791740870337970191
HIT 3 2143219154981 499 15099930897313360240
HIT 3 2143213518887 499 13884772795576843500
HIT 3 2143209193512 499 14735809848667329280
HIT 3 1627813117995 379 14707058133689063444
HIT 3 1344334463022 313 14120865145071000389
HIT 3 1997169492014 465 14938145336929032274
HIT 3 2143209193518 499 14889612570652259906
HIT 3 2143213518894 499 15739417509253183544
HIT 3 1627802304560 379 14628217052983795384
HIT 3 2143209193523 499 15979699776686124326
HIT 3 1997169492017 465 15184873084710783469
HIT 3 1997169492020 465 14371806598518899600
HIT 3 1627813118004 379 14519587177105884662
HIT 3 1627802304565 379 15136996215155289580
HIT 3 2143213518900 499 14908606027778624669
HIT 3 2143198380087 499 15175985278791003429
HIT 3 1627813118006 379 15412533620232242645
HIT 3 2143213518902 499 15663713882976206532
HIT 3 1344334463033 313 14700215268117433802
HIT 3 1627802304569 379 14326426164667620920
HIT 3 1627802304571 379 14684546354431205355
HIT 3 2143198380091 499 15880397394215242977
HIT 3 1627813118009 379 14099462875998429361
HIT 3 2143219155001 499 15189239718264757572
HIT 3 1997180305467 465 14749974454446674272
HIT 3 1627813118012 379 14482736944048674822
HIT 3 1344334463038 313 14958024504368414251
HIT 3 1627802304574 379 14752774747379209942
HIT 3 1627813118015 379 15620766239192421601
HIT 3 2143219155006 499 15117231866870730448
HIT 3 1627813118019 379 15014177661933163897
HIT 3 1997169492036 465 16131240800009068827
HIT 3 2143198380103 499 14371694764440519341
HIT 3 2143209193541 499 15029704085712248601
HIT 3 1997180305478 465 15965228548220307811
HIT 3 2143209193542 499 15654462313451211534
HIT 3 1997180305479 465 14470442055445736664
HIT 3 2143219155015 499 15229043556675808249
HIT 3 1997169492041 465 14123305321457462708
HIT 3 2143198380107 499 14734428576710780625
HIT 3 1997180305480 465 15142886619709599049
HIT 3 2143213518920 499 15102950331732086026
HIT 3 2143219155017 499 14112756001599902528
HIT 3 1627802304591 379 14098122231710430885
HIT 3 1997184630862 465 14585943095555063434
HIT 3 2143219155023 499 15866179888366463280
HIT 3 1344334463057 313 16118810170808861088
HIT 3 1997169492049 465 13952044181737472821
HIT 3 2143213518928 499 14715294632081798167
HIT 3 2143209193554 499 14554604651853312998
HIT 3 2143219155025 499 13856643706594176706
