DONE data/p_c0.txt sz=1 range=[0,512) n=512 zero=0 0.1s
HIT 2 29949986 457 16969760071903635468
HIT 2 24248379 370 17320463899188276449
HIT 2 29884476 456 17529129349114637020
HIT 2 24248656 370 17429927214421493128
HIT 2 24248658 370 16551412887873772478
HIT 2 29884755 456 18369456889599840014
HIT 2 29884787 456 17131991980367141791
DONE data/p_c0.txt sz=2 range=[0,512) n=130560 zero=0 1.6s
HIT 3 249110331395 58 18220106966762558545
HIT 3 1958507315203 456 17325374903961682753
HIT 3 1589141700608 370 18015750021136574554
HIT 3 1589141700609 370 18429254721567093026
HIT 3 1589140127750 370 17299366082515170694
HIT 3 1958529335302 456 16712707942445296126
HIT 3 1958507315209 456 18001778001641904871
HIT 3 249110331402 58 16762374692718177082
HIT 3 1451701174282 338 16796363814743499722
HIT 3 1958508888074 456 18274255063924394986
HIT 3 1451702747147 338 16692251067965614255
HIT 3 1958529335305 456 18017296072791643931
HIT 3 1451702747149 338 17818561944765259375
HIT 3 1451702747151 338 16988443024848842979
HIT 3 1589141700623 370 16679125619852699147
HIT 3 1589160050701 370 16342936567327715292
HIT 3 1451701174289 338 18214075013896678217
HIT 3 1958507315217 456 16506980050520012105
HIT 3 1451701174290 338 18066832980514882398
HIT 3 1958529335311 456 17636500466556342934
HIT 3 1451701174291 338 17551656723640320221
HIT 3 1958507315219 456 17104790033770972470
HIT 3 1958508888083 456 16535510220382626878
HIT 3 1958527238161 456 16885696695049467299
HIT 3 1451701174292 338 17623465599826858893
HIT 3 249110331413 58 17407515401066493241
HIT 3 1589140127765 370 16812658182928316252
HIT 3 1589160050707 370 16748016171749494832
HIT 3 1589160050709 370 16644723785826703833
HIT 3 1451702747162 338 17559561170120480248
HIT 3 1589141700634 370 16353785869173830412
HIT 3 1958508888090 456 16245509798348199680
HIT 3 1958507315227 456 17261998872841100581
HIT 3 1451702747163 338 17617347479735140205
HIT 3 1958529335320 456 17650971064189201083
HIT 3 1958507315228 456 16991745234520813722
HIT 3 1451702747166 338 17397173832233635088
HIT 3 1451701174304 338 16453677485630784104
HIT 3 1589140127776 370 17365133372440057469
HIT 3 1958507315232 456 17636524037976218373
HIT 3 1451701305377 338 16453677485630784104
HIT 3 1589140258849 370 17365133372440057469
HIT 3 1958507446305 456 17636524037976218373
HIT 3 1455997714464 339 16839289243788952569
HIT 3 1580551766048 368 17885520742858656229
HIT 3 1958508953632 456 16779496430483198001
HIT 3 1958507446306 456 16186299855336256428
HIT 3 1451701633058 338 17542780400460476253
HIT 3 1958507905058 456 16657578687298753121
HIT 3 1451702026274 338 16379232889266875308
HIT 3 249111248930 58 16464653157282108081
HIT 3 249111314466 58 18377893303045886986
HIT 3 1589141110818 370 17227916584868664886
HIT 3 1451702222882 338 17534379408229575826
HIT 3 240521707554 56 16271264793615779262
HIT 3 249111642146 58 16501938769623193961
HIT 3 249111707682 58 16271264793615779262
HIT 3 249111773218 58 17226917098568622200
HIT 3 1443112681506 336 16538090651972989680
HIT 3 1460292550690 340 18206538374157098197
HIT 3 257701773346 60 17226917098568622200
HIT 3 322126348322 75 18024105047016056930
HIT 3 330716282914 77 17070985089495806918
HIT 3 356486086690 83 17471904094854327035
HIT 3 360781053986 84 16935934819765544636
HIT 3 377960923170 88 17675869467399075517
HIT 3 438090465314 102 16302321444585907485
HIT 3 455270334498 106 18423912270234690375
HIT 3 472450203682 110 18211057900775662797
HIT 3 489630072866 114 17877547699781397816
HIT 3 528284778530 123 16702154110502697678
HIT 3 562644516898 131 17253638869198249977
HIT 3 639953928226 149 17706389239373192316
HIT 3 661428764706 154 17275184904555740207
HIT 3 665723732002 155 17565597749227642755
HIT 3 670018699298 156 17868897777482957915
HIT 3 678608633890 158 17009028476672889640
HIT 3 691493535778 161 18160147921688847256
HIT 3 700083470370 163 17376013049348746356
HIT 3 712968372258 166 17188203524978899810
HIT 3 738738176034 172 17802399033377220431
HIT 3 768802947106 179 16543581884752120039
HIT 3 803162685474 187 18153260730950253146
HIT 3 807457652770 188 16523577131579554737
HIT 3 846112358434 197 18032677719879539972
HIT 3 871882162210 203 17259441750583343269
HIT 3 983551311906 229 18244614400918002905
HIT 3 1069450657826 249 17036838760372468890
HIT 3 1078040592418 251 16216180779766991106
HIT 3 1099515428898 256 16690459161232998007
HIT 3 1112400330786 259 17840141570091302802
HIT 3 1181119807522 275 17081728441022795373
HIT 3 1284199022626 299 16446700560387270457
HIT 3 1292788957218 301 17988689652308193075
HIT 3 1344328564770 313 17728002881788355497
HIT 3 1365803401250 318 17359536908755116986
HIT 3 1417343008802 330 17006571061863199125
HIT 3 1430227910690 333 17830299208110612929
HIT 3 1511832289314 352 16481804438265892962
HIT 3 1524717191202 355 18405259754752271920
HIT 3 1554781962274 362 17520784242585738441
HIT 3 1584846733346 369 17356342136797498074
HIT 3 1632091373602 380 18360857883728026208
HIT 3 1640681308194 382 16401916286778458169
HIT 3 1662156144674 387 18157788327051813693
HIT 3 1666451111970 388 17808695337935492219
HIT 3 1889789411362 440 17912261695109575576
HIT 3 1894084378658 441 17989012308521178138
HIT 3 1937034051618 451 18120203998820607038
HIT 3 1941329018914 452 17564789943156327588
HIT 3 1979983724578 461 18149773930275828881
HIT 3 1988573659170 463 18067152490904955333
HIT 3 2005753528354 467 17493449829485128363
HIT 3 2014343462946 469 16466386772710335433
HIT 3 2044408234018 476 17370165295433574651
HIT 3 2057293135906 479 16962027000212640836
HIT 3 2160372351010 503 16315552827493787197
HIT 3 2164667318306 504 16832372375003614837
HIT 3 1451702812706 338 17531791030616254857
HIT 3 1593436733474 371 16271912240813345999
HIT 3 1589141831714 370 17792328408801722769
HIT 3 1597731766306 372 17079323568588754717
HIT 3 1589142159394 370 17635000068565572826
HIT 3 1451703533602 338 16241379593944197174
HIT 3 1958509674530 456 17309792716310967224
HIT 3 1451703795746 338 16862286725932436231
HIT 3 1589142814754 370 17515741112060078187
HIT 3 1962802413603 457 16969760071903635468
HIT 3 1958507577379 456 16186299855336256428
HIT 3 1589143470114 370 18274236585954222819
HIT 3 1589143863330 370 18055794350502557579
HIT 3 1967098822691 458 16953883667420021717
HIT 3 1451705565218 338 18217624614248695883
HIT 3 1589144518690 370 18433693871190917033
HIT 3 1451705761826 338 16300278928638945516
HIT 3 1958512099362 456 18170441983801905992
HIT 3 1589145174050 370 18203495118622634564
HIT 3 1451706417186 338 17871227198027789684
HIT 3 1589145567266 370 17933241462897006180
HIT 3 1589145632802 370 17282815018161342897
HIT 3 1958513016866 456 18028292732258427066
HIT 3 1451707007010 338 17568731441648994899
HIT 3 1958513213474 456 17367367831359520360
HIT 3 1958513279010 456 16223518098711967472
HIT 3 1451707269154 338 18368403132293022373
HIT 3 1589146222626 370 17332059453420635501
HIT 3 1451707334690 338 17626698119718767642
HIT 3 1589146484770 370 17497828730465753474
HIT 3 1958513803298 456 16769605510184245042
HIT 3 1451707858978 338 18105137281877920102
HIT 3 1958514458658 456 17625129708455663923
HIT 3 1451708514338 338 16194089180268803219
HIT 3 1589147598882 370 17442679661231361740
HIT 3 1451708776482 338 17082562687477842516
HIT 3 1958515114018 456 16739214930147909173
HIT 3 1958527238176 456 18195977837786978515
HIT 3 1958527303712 456 16913437034925988869
HIT 3 1958516031522 456 17176195759563418443
HIT 3 1451710021666 338 16962415914677661989
HIT 3 1589149040674 370 18219563570321360290
HIT 3 1958516293666 456 17802282495385329130
HIT 3 1589149171746 370 16664139883169662598
HIT 3 1589149237282 370 17084389264644014840
HIT 3 1958516555810 456 18424328510286810223
HIT 3 1589149433890 370 17173702555509733262
HIT 3 1958516883490 456 17223174978596665423
HIT 3 1451710939170 338 18222977511151953143
HIT 3 1958517211170 456 16477560655154990144
HIT 3 1589150089250 370 17044457823015743992
HIT 3 1451711201314 338 17290681539247621420
HIT 3 1589150154786 370 17267985799300939093
HIT 3 1958517538850 456 17921999861936125596
HIT 3 1451711725602 338 16285368797337773916
HIT 3 1958517866530 456 17874108926169217248
HIT 3 1451711922210 338 17215750303139534286
HIT 3 1451712053282 338 16242907378583111176
HIT 3 1958518259746 456 17012221582081531048
HIT 3 1589151334434 370 16728166310803410324
HIT 3 1451712446498 338 16497760931042227178
HIT 3 1589151465506 370 17348983722719619856
HIT 3 1958518980642 456 17187492712882307386
HIT 3 1958519242786 456 17159285160609994328
HIT 3 1589152120866 370 16687042601813915267
HIT 3 1451713364002 338 17981892318398343715
HIT 3 1958519504930 456 16378219452507594071
HIT 3 1958519767074 456 16573107966351605931
HIT 3 1451713953826 338 17056823491079213419
HIT 3 1589152907298 370 16828516832595734644
HIT 3 1958508888101 456 17445196606855452158
HIT 3 1958520291362 456 16504304635161703534
HIT 3 1589153169442 370 17707788905542756084
HIT 3 1589153300514 370 17124175014418376885
HIT 3 1958520487970 456 16592460159101531826
HIT 3 1589153366050 370 18323760644812772049
HIT 3 1451714543650 338 17651616788216694618
HIT 3 1451714609186 338 17626565379877664056
HIT 3 1589153562658 370 17845962479607156685
HIT 3 1958520750114 456 16219137113370452339
HIT 3 1958520881186 456 16878196203799436887
HIT 3 1958520946722 456 16711731821498044502
HIT 3 1451714871330 338 18113356702781464784
HIT 3 1589154021410 370 17846754100700940871
HIT 3 1958521405474 456 17085236472898918289
HIT 3 1958521929762 456 16747586045230667038
HIT 3 1958522191906 456 18217070897473608491
HIT 3 1589155135522 370 17741553579689397856
HIT 3 1958522388514 456 18392894287350610611
HIT 3 1589155266594 370 16262358766064905209
HIT 3 1589155594274 370 18084314794767224995
HIT 3 1958523502626 456 16980616635329191039
HIT 3 1589156380706 370 18257128729432610709
HIT 3 1451717623842 338 18435543834241520242
HIT 3 1451718279202 338 16414291758510950139
HIT 3 1451718475810 338 17572437376986878877
HIT 3 1589157429282 370 16166515509677597781
HIT 3 1589157560354 370 18358885046551174751
HIT 3 1451719065634 338 17634756669125958605
HIT 3 1958525272098 456 16389609113478310063
HIT 3 1451719458850 338 16662839014894504831
HIT 3 1958525599778 456 16530112182913183332
HIT 3 1958525665314 456 17704754394072001633
HIT 3 1589158543394 370 17550643443237552575
HIT 3 1589158608930 370 17967251911085397573
HIT 3 1451719720994 338 16731926614213501482
HIT 3 1958526058530 456 16719725723498589479
HIT 3 1451719983138 338 16548533436977055531
HIT 3 1958526517282 456 17508031733873037453
HIT 3 1589159395362 370 17078170230791506096
HIT 3 1451720572962 338 16153659724480107526
HIT 3 1593454886946 371 16184341872953000857
HIT 3 1597749854242 372 16989986090561429955
HIT 3 1958527107106 456 17385241326688215515
HIT 3 1486080835618 346 17345166254907789275
HIT 3 1490375802914 347 16467276693915919638
HIT 3 1524735541282 355 16445074973127690524
HIT 3 1529030508578 356 16867463635402458434
HIT 3 1537620443170 358 18176522334293938328
HIT 3 1546210377762 360 16414470777044391152
HIT 3 1571980181538 366 18064212024799020880
HIT 3 1606339919906 374 18187624654319119191
HIT 3 1614929854498 376 16982591786010918520
HIT 3 1653584560162 385 16545682667277496711
HIT 3 1657879527458 386 16683759358279305537
HIT 3 1675059396642 390 17995303990612872403
HIT 3 1709419135010 398 17454142552875547912
HIT 3 1743778873378 406 18048355398268459290
HIT 3 1748073840674 407 16437203730447997112
HIT 3 1765253709858 411 17024931293569750408
HIT 3 1769548677154 412 18375533723343007046
HIT 3 1778138611746 414 16814629466620897497
HIT 3 1833973186594 427 18030366983822053079
HIT 3 1838268153890 428 16418193079331551439
HIT 3 1842563121186 429 16653683028378541865
HIT 3 1859742990370 433 16354293685446533098
HIT 3 1876922859554 437 16369606922598068446
HIT 3 1919872532514 447 16329417352940790547
HIT 3 2010066845730 468 17880800662129810256
HIT 3 2044426584098 476 17143168014539513378
HIT 3 2065901420578 481 17443870971358009318
HIT 3 2091671224354 487 18398352821224696938
HIT 3 2130325930018 496 16536903653226737525
HIT 3 2177570570274 507 17566952896194140066
HIT 3 2190455472162 510 16329245340979017944
HIT 3 1580570181666 368 17921722184766183733
HIT 3 1949937369122 454 18432420405537689709
HIT 3 1967117303842 458 17079323568588754717
HIT 3 1589160443938 370 18407289254525167852
HIT 3 1958527696930 456 17612270499867902771
HIT 3 1958527762466 456 16295290740679267839
HIT 3 1589160837154 370 17319085341147347724
HIT 3 1589161099298 370 18006551432898436126
HIT 3 1958528614434 456 17601789695445041579
HIT 3 1958528811042 456 17205692923851686149
HIT 3 1589161689122 370 17766599372624484887
HIT 3 1589161820194 370 18356050330722385727
HIT 3 1589161885730 370 18373865324534204101
HIT 3 1962824171554 457 18198959407917331448
HIT 3 1610636984354 375 18015271060223986823
HIT 3 1632111820834 380 17173323302288574502
HIT 3 1636406788130 381 16852754650619310713
HIT 3 1640701755426 382 17674116109405167824
HIT 3 1653586657314 385 18376517850022056488
HIT 3 1765255807010 411 16717727987574291948
HIT 3 1795320578082 418 18101727953011245384
HIT 3 1829680316450 426 18292470125571972234
HIT 3 1872629989410 436 17187367068658408720
HIT 3 1885514891298 439 17689092879592210784
HIT 3 1902694760482 443 16715708670737024503
HIT 3 1906989727778 444 16512634756135071250
HIT 3 1911284695074 445 17636553940102821970
HIT 3 1980004171810 461 16931164595381616032
HIT 3 1984299139106 462 16648619059021577533
HIT 3 1992889073698 464 17794683858694155839
HIT 3 2005773975586 467 17924668831483313198
HIT 3 2014363910178 469 16296100867478451178
HIT 3 2083083386914 485 16485040462778001488
HIT 3 2091673321506 487 18241170073119943867
HIT 3 2126033059874 495 17360227592119099202
HIT 3 2147507896354 500 18090711256815996963
HIT 3 2186162602018 509 17281881119845035345
HIT 3 1602047115298 373 18015271060223986823
HIT 3 1958529400866 456 18016011385648273950
HIT 3 1967119335458 458 17457546146319165257
HIT 3 1962824433698 457 16963750609660144562
HIT 3 1958529990690 456 16992273274031957854
HIT 3 1958530646050 456 17949639042521200018
HIT 3 1958531366946 456 18017749411206202924
HIT 3 1958531563554 456 17669898853297274724
HIT 3 1958531694626 456 18369191156915530315
HIT 3 1958532153378 456 17297495339130775377
HIT 3 1958532481058 456 16477928914294476843
HIT 3 1958533070882 456 16322455602762313691
HIT 3 1958533136418 456 16635353905292110539
HIT 3 1958533398562 456 17344544981657093970
HIT 3 1958533857314 456 17660851488008339836
HIT 3 1958533922850 456 17636407480996997435
HIT 3 1958534709282 456 16343534368217169016
HIT 3 1971419873314 459 16969760071903635468
HIT 3 2005779611682 467 16416035432518775962
HIT 3 2010074578978 468 16564213630277896202
HIT 3 2022959480866 471 18293645164540213707
HIT 3 2147513532450 500 16447948793605526002
HIT 3 2151808499746 501 17750888705645428727
HIT 3 2173283336226 506 17577599080929968303
HIT 3 1967117172771 458 17531405254578361920
HIT 3 1958529466403 456 18204385741727838944
HIT 3 1589160181796 370 16386986014402692813
HIT 3 1958529204260 456 18182081140378756511
HIT 3 1967119269924 458 18201491262938991034
HIT 3 1451702747176 338 18160429459293560965
HIT 3 1958527238182 456 17155189322284461110
HIT 3 1451702747180 338 17339559785940155033
HIT 3 1958527238186 456 18210025105382713552
HIT 3 1451702747183 338 17562748770755899603
HIT 3 1958527238189 456 18080399519562791943
HIT 3 1589141700657 370 18189283586002996661
HIT 3 1958529335342 456 16741071031271817618
HIT 3 1451702747188 338 16489978330991241245
HIT 3 1958508888117 456 17344778863625631964
HIT 3 1589160050738 370 17690691776065678486
HIT 3 1589160050740 370 16681709630955168974
HIT 3 1958529335349 456 16899049813206797393
HIT 3 1589141831738 370 16486643004721493654
HIT 3 1589141897274 370 17320463899188276449
HIT 3 1589141962810 370 16762708488111047833
HIT 3 1589142093882 370 16583649039851263527
HIT 3 1451703271482 338 17732495009982705375
HIT 3 1958509412410 456 16563321790843862715
HIT 3 1451703337018 338 16607021917929274186
HIT 3 1958509674554 456 16756103671996049987
HIT 3 1589142683706 370 17693163523481235838
HIT 3 1958509871162 456 17414756574710291093
HIT 3 1958510002234 456 16527244490753535448
HIT 3 1589143076922 370 18126006031603529688
HIT 3 1589143207994 370 17894614428442457575
HIT 3 1589143273530 370 18162758064816240349
HIT 3 1451704516666 338 17547322720484055617
HIT 3 1589143470138 370 16346029105452345619
HIT 3 1451704582202 338 17099218497819750933
HIT 3 1958510919738 456 16468589489506362895
HIT 3 1589143797818 370 18021171756618048059
HIT 3 1451704975418 338 16293509749725348679
HIT 3 1589143928890 370 17274723290350579258
HIT 3 1451705237562 338 16296650677068354609
HIT 3 1451705368634 338 17020528430308386203
HIT 3 1451705434170 338 17996448605934145663
HIT 3 1958511968314 456 18167712599996220651
HIT 3 1451705958458 338 16874125571163505943
HIT 3 1589141962811 370 16486643004721493654
HIT 3 1589145174074 370 18275074709060386703
HIT 3 1589145239610 370 17636172858703538457
HIT 3 1451706613818 338 17325462893318443510
HIT 3 1589145567290 370 17415310242300583046
HIT 3 1958512754746 456 16202920069387300006
HIT 3 1589146222650 370 16399656871599022171
HIT 3 1958513410106 456 17823474699003921210
HIT 3 1958513672250 456 17137348397671364789
HIT 3 1451707596858 338 16991614004159619452
HIT 3 1958513803322 456 17553835328657784696
HIT 3 1958513868858 456 18435629870561114205
HIT 3 1589146812474 370 16423820694639787638
HIT 3 1451707990074 338 16537699534935374410
HIT 3 1958514327610 456 16145979005597918271
HIT 3 1451708317754 338 16206978206200246925
HIT 3 1589147402298 370 17069050826931986067
HIT 3 1958514589754 456 17533943770373383843
HIT 3 1589147533370 370 17654869043309181253
HIT 3 1451708776506 338 18433027410930172439
HIT 3 1451709169722 338 16219308650466138511
HIT 3 1589148123194 370 16690826815330289550
HIT 3 1958527238200 456 17074362998318810329
HIT 3 1589148319802 370 16213362985059158877
HIT 3 1451709431866 338 17499317970571820556
HIT 3 1958515638330 456 18228083251802444183
HIT 3 1589148581946 370 18083344048451987802
HIT 3 1589148844090 370 17846382465365976659
HIT 3 1958516162618 456 16445512741152054474
HIT 3 1958516359226 456 17045254532556430134
HIT 3 1958516490298 456 16780785461012857277
HIT 3 1589149368378 370 17502412185083517800
HIT 3 1958517014586 456 16650765543461267557
HIT 3 1958517145658 456 17840551204885011402
HIT 3 1451711070266 338 16774367297943596621
HIT 3 1589160050745 370 16801658145832216711
HIT 3 1451711201338 338 16803137999442949533
HIT 3 1589150154810 370 16142999345261628541
HIT 3 1958517407802 456 16831762320289109989
HIT 3 1451711397946 338 16882538920720532178
HIT 3 1451711529018 338 17878370896123377004
HIT 3 1958517669946 456 17846437371385224670
HIT 3 1451711660090 338 18362730922202283020
HIT 3 1958518259770 456 17808776910129271205
HIT 3 1451712184378 338 17922920345051513771
HIT 3 1589151137850 370 17340300209466629774
HIT 3 1589151203386 370 18278778627362076277
HIT 3 1451712446522 338 17280871657689053609
HIT 3 1451712643130 338 17553431692266028510
HIT 3 1589151662138 370 17253815273089866207
HIT 3 1589152055354 370 18307549126007960371
HIT 3 1451713167418 338 17730108186929567160
HIT 3 1958509150269 456 17529129349114637020
HIT 3 1589152317498 370 18169678869275847103
HIT 3 1958519701562 456 18211034135882118241
HIT 3 1451713888314 338 16633597962259444451
HIT 3 1589153169466 370 16501411922998148656
HIT 3 1958520619066 456 18266285970348049197
HIT 3 1589153497146 370 16929413042881285317
HIT 3 1958520684602 456 16390520271335768945
HIT 3 1451715133498 338 18418569884026416400
HIT 3 1451715461178 338 16494851297838224567
HIT 3 1958521667642 456 17163125764612289144
HIT 3 1958521733178 456 17043753823965474330
HIT 3 1958521798714 456 16380804721057525257
HIT 3 1589154676794 370 16675072491035479894
HIT 3 1589154873402 370 17930709390079570525
HIT 3 1958522126394 456 18035804588262830631
HIT 3 1451716247610 338 16642420772203109758
HIT 3 1589155266618 370 18094371422235583778
HIT 3 1958522585146 456 17396852786717522482
HIT 3 1589155528762 370 17480933381972099868
HIT 3 1589155790906 370 18025239421809451791
HIT 3 1589155987514 370 17569120093466132444
HIT 3 1958523174970 456 16252807932811032043
HIT 3 1958523240506 456 18101615989810182899
HIT 3 1451717296186 338 17428083274109936129
HIT 3 1958523502650 456 16957753801681085487
HIT 3 1958523568186 456 16254671587962988847
HIT 3 1589156577338 370 17079656471889016753
HIT 3 1958523830330 456 17506548698308297606
HIT 3 1589156708410 370 16822777555708316625
HIT 3 1589157036090 370 16214887647109861444
HIT 3 1958524420154 456 17986119683881588711
HIT 3 1451718737978 338 17832876582453497299
HIT 3 1451719131194 338 17931047038930274262
HIT 3 1589158150202 370 17489845814402339256
HIT 3 1451719393338 338 16895847473754652068
HIT 3 1451719786554 338 18007910098474529203
HIT 3 1451719917626 338 16870030956872968545
HIT 3 1589159198778 370 18436744936103446436
HIT 3 1958526386234 456 16250970116645335384
HIT 3 1451720310842 338 18148975525022783413
HIT 3 1958526517306 456 17017757960742734956
HIT 3 1589159657530 370 18234706778161944817
HIT 3 1451720966202 338 16153140818277937832
HIT 3 1460310966330 340 16153140818277937832
HIT 3 1524735541306 355 16195688583535546662
HIT 3 1541915410490 359 16445383622112533569
HIT 3 1550505345082 361 17950523479081795581
HIT 3 1567685214266 365 17483164616042386704
HIT 3 1666469462074 388 18351012422728388241
HIT 3 1752368807994 408 16775847598822238474
HIT 3 1769548677178 412 18113005029704082068
HIT 3 1778138611770 414 16380045629053427685
HIT 3 1786728546362 416 16570464856252001501
HIT 3 1799613448250 419 17533365253215945661
HIT 3 1812498350138 422 16517378703116542942
HIT 3 1816793317434 423 17057953807257331578
HIT 3 1842563121210 429 18315546792212559362
HIT 3 1980002074682 461 16216268597764400960
HIT 3 2005771878458 467 17126097770034312636
HIT 3 2100261158970 489 17018914864813065038
HIT 3 2104556126266 490 18285876102485780345
HIT 3 2126030962746 495 16908609490963291250
HIT 3 2151800766522 501 17915283421477533947
HIT 3 2160390701114 503 16690020638905954172
HIT 3 2164685668410 504 16728669343449740127
HIT 3 2168980635706 505 17752329071191237588
HIT 3 2194750439482 511 17332447621900282734
HIT 3 1589160378426 370 16428166066859081581
HIT 3 1958527762490 456 16812856801203000434
HIT 3 1589160902714 370 16520799694426112486
HIT 3 1958528286778 456 17889868730490573994
HIT 3 1589161820218 370 18420003070914636900
HIT 3 1949939269690 454 17259301476162032429
HIT 3 1679356461114 391 17079963051893966820
HIT 3 1739486003258 405 17437752836076253679
HIT 3 1748075937850 407 17581427393001394624
HIT 3 1782435676218 415 17389578662374546320
HIT 3 1842565218362 429 17227644114579401416
HIT 3 1924169596986 448 17030657628563386457
HIT 3 1937054498874 451 17294139834775284190
HIT 3 1962824302650 457 17188433633873895548
HIT 3 1967119269946 458 16839726624394924707
HIT 3 1980004171834 461 17424363020139179004
HIT 3 2010068942906 468 17524723276899075495
HIT 3 2018658877498 470 17703622815989638771
HIT 3 2022953844794 471 16405308390038403515
HIT 3 2040133713978 475 17257991646526480964
HIT 3 2044428681274 476 17870363851094791680
HIT 3 2048723648570 477 17351543745937320660
HIT 3 2057313583162 479 17066801521818053071
HIT 3 2104558223418 490 18422798312235093331
HIT 3 2113148158010 492 16283388074023225945
HIT 3 2138917961786 498 17307057326809746307
HIT 3 1958530056250 456 17998781488004647220
HIT 3 1958530646074 456 18018904742861626568
HIT 3 1958530777146 456 17158437049244337048
HIT 3 1958530908218 456 16359727864229370022
HIT 3 1958531563578 456 16538891560816607611
HIT 3 1958531891258 456 16799092575784936463
HIT 3 1958532808762 456 16700904893303082002
HIT 3 1958533726266 456 18032419291120947125
HIT 3 1958533922874 456 16475714543438021048
HIT 3 1958534578234 456 17667607469432997686
HIT 3 1988599742522 463 16840042885074116682
HIT 3 2005779611706 467 16421952718064941140
HIT 3 2117448761402 493 16997196564072007610
HIT 3 2126038695994 495 17690340866386712839
HIT 3 2151808499770 501 17739474904044919789
HIT 3 2160398434362 503 16282701088859573832
HIT 3 2181873270842 508 16518941774735460951
HIT 3 1597752148027 372 17320463899188276449
HIT 3 1580570116156 368 17358995933533391835
HIT 3 1589160050748 370 18372516333964346780
HIT 3 1589160181820 370 18201491262938991034
HIT 3 1949939400764 454 17660286133799052149
HIT 3 1967119269948 458 16386986014402692813
HIT 3 1967124971580 458 17529129349114637020
HIT 3 1958527238205 456 17763285140745131725
HIT 3 1589160050759 370 16461222285678345463
HIT 3 1958529335368 456 17815266976187287177
HIT 3 1589160050764 370 17356534608958553230
HIT 3 1958527238226 456 16484271813391831311
HIT 3 1958527238227 456 18426968462589640483
HIT 3 1958529335379 456 16196427552188847017
HIT 3 1958527238235 456 17579290338791950986
HIT 3 1958529335389 456 16425616941588621951
HIT 3 1589160050784 370 17240474623808217790
HIT 3 1958529335394 456 18211792496133023181
HIT 3 1589160050791 370 16393155450715464149
HIT 3 1958527238247 456 17598200301591539167
HIT 3 1958529335399 456 16278590961371984139
HIT 3 1958527238248 456 16654484538400580862
HIT 3 1958529335408 456 16838405955102492940
HIT 3 1958529335418 456 17046830198447108378
HIT 3 1958527238267 456 16443746136462824544
HIT 3 1589160050812 370 17724101423739483022
HIT 3 1958527238268 456 17573576984939335019
HIT 3 1958529335420 456 17678269690529333680
HIT 3 1958529335435 456 16682712631933355290
HIT 3 1589160050828 370 17060314751172654803
HIT 3 1958529335439 456 18010586002575525038
HIT 3 1958529335444 456 18160604864915145784
HIT 3 1589160050835 370 17855375097290494433
HIT 3 1958527238299 456 16903804285777168897
HIT 3 1589160050845 370 17800193157326395537
HIT 3 1958527238302 456 17898128313555726299
HIT 3 1958529335455 456 17538254807186947090
HIT 3 1958527238304 456 17028003310053610635
HIT 3 1958527238318 456 16276311215685827784
HIT 3 1958527238319 456 18049350982699498748
HIT 3 1958527238320 456 17319776463565229249
HIT 3 1958529335472 456 17562418688404083246
HIT 3 1589160050868 370 18290945572674528360
HIT 3 1958527238324 456 17494809025322938680
HIT 3 1958527238326 456 17387190288782223679
HIT 3 1589160050869 370 16357131044164240530
HIT 3 1958529335482 456 16224718499955939138
HIT 3 1589160050875 370 18084970237143326260
HIT 3 1958529335483 456 17109078629525955846
HIT 3 1589160050877 370 18331435348328540305
HIT 3 1589160050878 370 16291742042907595523
HIT 3 1958527238336 456 18441644896721909008
HIT 3 1958529335488 456 17367689201617586083
HIT 3 1958529335487 456 17361835749821675645
HIT 3 1589160050882 370 17788388079317995273
HIT 3 1958527238338 456 18099202512127920296
HIT 3 1589160050884 370 18130057941348835446
HIT 3 1958529335494 456 17761851251789685144
HIT 3 1589160050903 370 17519521167300578203
HIT 3 1958529335512 456 16895781496393695946
HIT 3 1958527238361 456 18400622472718878925
HIT 3 1958527238362 456 17731966695113327382
HIT 3 1958529335517 456 16193789589101043641
HIT 3 1958529335519 456 18177886655827004290
HIT 3 1958527238371 456 17737188972747067212
HIT 3 1958529335527 456 16960681447763028661
HIT 3 1958527238380 456 17450430313913660283
HIT 3 1589160050925 370 18061373649786827429
HIT 3 1958529335536 456 16802338953598223910
HIT 3 1958527238387 456 16775187944946918975
HIT 3 1589160050936 370 18349018902889178048
HIT 3 1958527238392 456 18110612203243745431
HIT 3 1589160050937 370 16937404509579700274
HIT 3 1589160050939 370 16719628360155068771
HIT 3 1958527238395 456 16345541588404443059
HIT 3 1589160050941 370 16594772149885172439
HIT 3 1958529335549 456 18409069470638783898
HIT 3 1589160050946 370 17278786111836167853
HIT 3 1958527238402 456 18289972849561298796
HIT 3 1958527238406 456 17092059793405017023
HIT 3 1589160050953 370 17623295630318978393
HIT 3 1958529335568 456 16992351821598226634
HIT 3 1589160050962 370 17462254913981425010
HIT 3 1958529335578 456 18312087161519406997
HIT 3 1958527238431 456 17320805597489156626
HIT 3 1958527238432 456 16656179280759305591
HIT 3 1958527238439 456 17047670050429192338
HIT 3 1958527238446 456 16812314148886000680
HIT 3 1589160050993 370 18082472253420721155
HIT 3 1958527238453 456 18157562658229459834
HIT 3 1958529335608 456 17665080613238748759
HIT 3 1589160051005 370 17318928968471560476
HIT 3 1958527238461 456 17472273435036209483
HIT 3 1589160051007 370 17315279219467978230
HIT 3 1958529335615 456 16870990038610139268
HIT 3 1958527238464 456 17096002310655122212
HIT 3 1958529335619 456 17827710254284708991
HIT 3 1589160051012 370 16773053020349338963
HIT 3 1589160051020 370 16281506857127702937
HIT 3 1589160051021 370 16310040151735568256
HIT 3 1958529335631 456 17349835996762363338
HIT 3 1589160182099 370 16551412887873772478
HIT 3 1589160051025 370 17429927214421493128
HIT 3 1958529335633 456 16821406932074608254
HIT 3 1958527435090 456 18369456889599840014
HIT 3 1589160706386 370 16209754848827192131
HIT 3 1589160771922 370 16656457329429858173
HIT 3 1589161230674 370 17441004192594661270
HIT 3 1958528745810 456 17758437391905638460
HIT 3 1958528811346 456 16914170001596262295
HIT 3 1589162017106 370 18122743280470523248
HIT 3 1597752017234 372 18122743280470523248
HIT 3 1958529270098 456 18220867221656074945
HIT 3 1597752082770 372 16703580425667431035
HIT 3 1640701755730 382 16428304106748427429
HIT 3 1709421232466 398 17539683638853072904
HIT 3 1795320578386 418 17171314448179969555
HIT 3 1803910512978 420 16159796754501325365
HIT 3 1833975284050 427 17170995372488656149
HIT 3 1906989728082 444 16910121044546093303
HIT 3 1967119270226 458 18076182361742979012
HIT 3 2001479008594 466 16626336677846113282
HIT 3 2040133714258 475 16667140803644651879
HIT 3 2044428681554 476 18004035324102461911
HIT 3 2078788419922 484 17526885191329612024
HIT 3 1597752148306 372 16551412887873772478
HIT 3 1606342082898 374 16703580425667431035
HIT 3 1958529466706 456 18416105515543931782
HIT 3 1958529663314 456 17956276601722900844
HIT 3 1958529794386 456 17426282181996793558
HIT 3 1958531236178 456 17264418150355703237
HIT 3 1958531301714 456 18092847411135682501
HIT 3 1958531694930 456 17107796079138392325
HIT 3 1958531826002 456 16601806850227155646
HIT 3 1958531891538 456 16494673329989825131
HIT 3 1958532022610 456 16891082040197169525
HIT 3 1958532219218 456 17575121527585507854
HIT 3 1958532677970 456 17640749495677333191
HIT 3 1958534840658 456 17811822719244696737
HIT 3 1967124840786 458 17811822719244696737
HIT 3 1975714840914 460 17876179408276876474
HIT 3 1980009808210 461 17058451797271064518
HIT 3 1992894710098 464 17396777170825506838
HIT 3 2010074579282 468 16161080295129812900
HIT 3 2044434317650 476 16846033647352507556
HIT 3 2061614186834 480 18358391609060686660
HIT 3 2091678957906 487 16318100477808175194
HIT 3 2181873271122 508 17556777176095822667
HIT 3 2186168238418 509 16509300096382381729
HIT 3 1971419939154 459 17058451797271064518
HIT 3 1958529335632 456 17310207928014894811
HIT 3 1597752148304 372 17429927214421493128
HIT 3 1949939401044 454 16747769915107235999
HIT 3 1967124971859 458 18369456889599840014
HIT 3 1958529335640 456 16352435470432415647
HIT 3 1958529335647 456 16206804072176963656
HIT 3 1958529335663 456 16762166688698613764
HIT 3 1958529204590 456 16762166688698613764
HIT 3 1967124971891 458 17131991980367141791
HIT 3 1958529532274 456 17131991980367141791
HIT 3 1958529794418 456 16729065312576696272
HIT 3 1958530384242 456 16231747196334441605
HIT 3 1958530974066 456 16702041678981329059
HIT 3 1958531105138 456 17534471651909980423
HIT 3 1958532284786 456 16870191360738763390
HIT 3 1958532350322 456 17058713774897845789
HIT 3 1958533398898 456 16411641380731945706
HIT 3 1958533792114 456 16638902582434781627
HIT 3 1967124906354 458 17394763849694008302
HIT 3 1988599742834 463 17769465923263099774
HIT 3 1992894710130 464 16683528459515504433
HIT 3 2035844383090 474 17124212871632992500
HIT 3 2061614186866 480 16445697958278817050
HIT 3 2078794056050 484 16515139269046847792
HIT 3 2126038696306 495 16838199824409295724
HIT 3 2130333663602 496 16962318742705835064
HIT 3 2143218565490 499 17323853310126491404
HIT 3 2147513532786 500 17237245111560976545
HIT 3 2168988369266 505 17196563535710501756
HIT 3 1975714906482 460 17394763849694008302
DONE data/p_c0.txt sz=3 range=[0,512) n=22108160 zero=0 49.0s
