DONE data/p_c0.txt sz=1 range=[0,512) n=512 zero=0 0.0s
HIT 2 22151202 338 1116345277794906142
HIT 2 24117282 368 545330946104138708
HIT 2 3801123 58 1578822299908510951
HIT 2 29884452 456 35352946142711835
HIT 2 22020154 336 2128309573668532149
HIT 2 24248660 370 719797436616417209
HIT 2 29884756 456 1944443911555408674
HIT 2 29884784 456 751554039043693811
DONE data/p_c0.txt sz=2 range=[0,512) n=130560 zero=0 1.1s
HIT 3 1589140127745 370 816693862826516342
HIT 3 1451702747136 338 2116517032555031698
HIT 3 1958529335298 456 2178977404584216611
HIT 3 249110331397 58 1116631541617594831
HIT 3 1589140127751 370 361992400620930703
HIT 3 1589160050693 370 1415893118117783608
HIT 3 1958527238150 456 1094490052922101046
HIT 3 1589160050695 370 1725816459821086190
HIT 3 1958508888075 456 1870957220139758347
HIT 3 1589160050697 370 21639435332940734
HIT 3 1958527238153 456 393103796412894510
HIT 3 249110331406 58 192037035992067914
HIT 3 1589140127756 370 1222141406841336518
HIT 3 249110331405 58 1077120189121775884
HIT 3 1451702747150 338 2238646340482177289
HIT 3 1958529335310 456 1235185158597738587
HIT 3 1589140127760 370 875024796067677044
HIT 3 1589141700624 370 159823788254605627
HIT 3 1451702747155 338 609743077985582141
HIT 3 1958529335313 456 728304379727677652
HIT 3 1451701174293 338 911903534466767776
HIT 3 1958529335314 456 344635939441958070
HIT 3 1958529335315 456 1948985087075202075
HIT 3 1958508888087 456 1736667048839568033
HIT 3 1451702747160 338 691258806849931375
HIT 3 1958508888089 456 627026866463383646
HIT 3 1958529335318 456 1606365579978266941
HIT 3 1589141700635 370 1655648266429608389
HIT 3 1958529335321 456 580571589004442212
HIT 3 249110200350 58 165307206030923276
HIT 3 1451702747165 338 1429884469592019771
HIT 3 1589141700638 370 49431022513507191
HIT 3 249110331423 58 165307206030923276
HIT 3 249110331424 58 34926723600730811
HIT 3 1589160050717 370 24873275469609361
HIT 3 1451702747167 338 978819317187934972
HIT 3 1451702616096 338 1139417361751390391
HIT 3 1460292681760 340 1684521607060855573
HIT 3 1593436667936 371 791172032502839061
HIT 3 1958508888096 456 886922224767724979
HIT 3 1451702812704 338 281766614112824495
HIT 3 249110462497 58 34926723600730811
HIT 3 249110528034 58 1578822299908510951
HIT 3 1451701436450 338 143965873473928743
HIT 3 1589140389922 370 232539348916456499
HIT 3 249110659106 58 2189738495786172926
HIT 3 1589140455458 370 1349148930272792705
HIT 3 249110790178 58 772234233945142340
HIT 3 1451701764130 338 1555419690080267989
HIT 3 249111052322 58 2284879132220557152
HIT 3 1589140914210 370 762583352928986715
HIT 3 1958508101666 456 1067635276205423898
HIT 3 1958508363810 456 580235823495093000
HIT 3 249111445538 58 1720810796724407507
HIT 3 1589141372962 370 1199345711437541443
HIT 3 1958508625954 456 2167111697404953341
HIT 3 1589141504034 370 1689023270059468818
HIT 3 1958508691490 456 2052347584497430359
HIT 3 1455997583394 339 733293871600436307
HIT 3 1589141569570 370 1959605662683446767
HIT 3 266291773474 62 1321101063130251412
HIT 3 279176675362 65 2288925544975059796
HIT 3 292061577250 68 1324054619044424512
HIT 3 343601184802 80 251502021102722300
HIT 3 352191119394 82 214119380078467553
HIT 3 386550857762 90 1594634944226784601
HIT 3 429500530722 100 728607171832553
HIT 3 450975367202 105 504068701377971527
HIT 3 463860269090 108 2162222386800695723
HIT 3 476745170978 111 2188216560444811615
HIT 3 493925040162 115 1660964695080319057
HIT 3 502514974754 117 445651174762729078
HIT 3 536874713122 125 1458189566274577464
HIT 3 584119353378 136 159729736484385676
HIT 3 605594189858 141 1803280560895205739
HIT 3 652838830114 152 970139302059008074
HIT 3 657133797410 153 1827765104792332407
HIT 3 743033143330 173 640737765096511969
HIT 3 790277783586 184 149156024460723094
HIT 3 798867718178 186 1175377265721554386
HIT 3 837522423842 195 184229035707758693
HIT 3 901946933282 210 369921497740856580
HIT 3 927716737058 216 2153411622244040989
HIT 3 974961377314 227 697965272017668074
HIT 3 1009321115682 235 428147599930088351
HIT 3 1056565755938 246 1496693768330394336
HIT 3 1073745625122 250 431771153364373435
HIT 3 1086630527010 253 449633202336109097
HIT 3 1198299676706 279 1442148274375182094
HIT 3 1211184578594 282 547298584756326713
HIT 3 1275609088034 297 83179314490816205
HIT 3 1305673859106 304 31917587315472984
HIT 3 1374393335842 320 507177706066976578
HIT 3 1378688303138 321 1627712542979652553
HIT 3 1481767518242 345 1975395283152922531
HIT 3 1490357452834 347 1767870709846390369
HIT 3 1516127256610 353 421322437156484467
HIT 3 1537602093090 358 320440282304660593
HIT 3 1571961831458 366 832706835663805494
HIT 3 1606321569826 374 1735451542997345918
HIT 3 1657861177378 386 1143638389042033703
HIT 3 1730875621410 403 905871401295529259
HIT 3 1760940392482 410 875574367464145577
HIT 3 1808185032738 421 972122688758956073
HIT 3 1812480000034 422 1210718986516844174
HIT 3 1825364901922 425 1434322878934071624
HIT 3 1885494444066 439 21488898066839555
HIT 3 1919854182434 447 34629689391416977
HIT 3 1954213920802 455 295861730415635841
HIT 3 2010048495650 468 759533171415620803
HIT 3 2035818299426 474 648152350853471742
HIT 3 2040113266722 475 265512879383640965
HIT 3 2126012612642 495 2044094933673849910
HIT 3 2138897514530 498 614095017230236691
HIT 3 2143192481826 499 616916858365408106
HIT 3 1443112878114 336 1086908973879522398
HIT 3 1949919019042 454 1943095400485076519
HIT 3 1962803920930 457 720572018542343363
HIT 3 1967098888226 458 285309633600146731
HIT 3 1593436799010 371 961430518069655787
HIT 3 1589142093858 370 1282716798621679499
HIT 3 1451703336994 338 1489852241447944492
HIT 3 1958509477922 456 356146697750878319
HIT 3 1589142487074 370 278906343949477152
HIT 3 1589142552610 370 1338305325043228164
HIT 3 1451703730210 338 2001058145993758778
HIT 3 1958510067746 456 1445545559036157810
HIT 3 1451704188962 338 1041634939610081514
HIT 3 1958510723106 456 1887502463796592988
HIT 3 1589141700641 370 643440076739461976
HIT 3 1958510919714 456 2220627450398792523
HIT 3 1958511444002 456 1466496566750600648
HIT 3 1589144322082 370 725506887693139652
HIT 3 1958511509538 456 1983232005243107190
HIT 3 1589144780834 370 391715920879498082
HIT 3 1589145108514 370 1585816788089427930
HIT 3 1958512361506 456 1629841912873169061
HIT 3 1958527369248 456 1068732044961665939
HIT 3 1958512754722 456 1696798067608564354
HIT 3 1589145829410 370 1188413446022114167
HIT 3 1451707138082 338 1593006343459258347
HIT 3 1589146288162 370 1283514649106638895
HIT 3 1451707924514 338 476550909711317737
HIT 3 1451701305379 338 1116345277794906142
HIT 3 1580550324259 368 545330946104138708
HIT 3 249110528035 58 2189738495786172926
HIT 3 1589140324387 370 1349148930272792705
HIT 3 1451708055586 338 423139467292665026
HIT 3 1589141569571 370 1710055892203872476
HIT 3 1451702747171 338 529404422425427221
HIT 3 1460292681763 340 1556813122123356357
HIT 3 1580551766051 368 948472328657603254
HIT 3 1597731635235 372 1822524945565586317
HIT 3 1958508888099 456 230736591431983369
HIT 3 257701904419 60 1578822299908510951
HIT 3 1589141766179 370 2217005213873853309
HIT 3 1589141831715 370 671538426219115817
HIT 3 1958509019171 456 1928092024883465143
HIT 3 1451708645410 338 2198421480040635676
HIT 3 1958514786338 456 441739503669283395
HIT 3 1451709235234 338 2143592156684749124
HIT 3 1589148254242 370 764404328364178185
HIT 3 1451709366306 338 1016219985465891605
HIT 3 1589148450850 370 235959796817557633
HIT 3 1958515703842 456 1325066383607450284
HIT 3 1589148581922 370 888066660118465114
HIT 3 1451709825058 338 2007862154546712203
HIT 3 1958515965986 456 1184570126178888091
HIT 3 1589148975138 370 111764967165585844
HIT 3 1958516228130 456 2210269228318005875
HIT 3 1451710283810 338 304969877268834592
HIT 3 1589149302818 370 762573736414971008
HIT 3 1451710611490 338 291415056796321377
HIT 3 1451710808098 338 1396761452942340864
HIT 3 1589149827106 370 905317092698405659
HIT 3 1958517080098 456 2069296850703491754
HIT 3 1589150220322 370 794899788921373028
HIT 3 1958517407778 456 1576126188561054105
HIT 3 1451711660066 338 145524323461524120
HIT 3 1958517932066 456 1030680950275780293
HIT 3 1967098822692 458 1177012388723130409
HIT 3 1589150810146 370 1911837174360456992
HIT 3 1589150941218 370 1709236250812623767
HIT 3 1589141831716 370 743655451968507350
HIT 3 1958509019172 456 396233252665616636
HIT 3 1589151072290 370 1908872873650611054
HIT 3 1451712512034 338 183014488242733226
HIT 3 1451712708642 338 2125091694057914498
HIT 3 1958518849570 456 487966451343132767
HIT 3 1451712839714 338 771400013011970519
HIT 3 1589151793186 370 1132386494748197701
HIT 3 1958519111714 456 1955551938048125132
HIT 3 1451713101858 338 2304408020680477049
HIT 3 1451713232930 338 458744627742659101
HIT 3 1589152186402 370 1119454283928368136
HIT 3 1451713691682 338 1259060620154737772
HIT 3 1958519898146 456 1181937843438802593
HIT 3 1451713822754 338 1417342762866171855
HIT 3 1958520094754 456 1991551026676536815
HIT 3 1589152972834 370 1458331228525516751
HIT 3 1589153824802 370 1550537579134290619
HIT 3 1451715133474 338 2134312028229154079
HIT 3 1958521274402 456 1322445493326084396
HIT 3 1958521339938 456 1816213710792471456
HIT 3 1589154414626 370 1312693212538106555
HIT 3 1958521602082 456 784220902435751185
HIT 3 1958521667618 456 2286904397370704128
HIT 3 1451715723298 338 2081711652579370190
HIT 3 1589154873378 370 520845658039202620
HIT 3 1589155201058 370 1461535021935897803
HIT 3 1958522454050 456 1846146149619443992
HIT 3 1958522519586 456 1880592601888271398
HIT 3 1958522650658 456 2024293417475161087
HIT 3 1451716706338 338 51932648289249912
HIT 3 1958522912802 456 211182896765086025
HIT 3 1451716837410 338 1357882017439693063
HIT 3 1451717230626 338 23693125401702435
HIT 3 1589156184098 370 632039825530509440
HIT 3 1589156577314 370 1733916648051434245
HIT 3 1451717689378 338 1311020296179857982
HIT 3 1451717754914 338 1645285191353560492
HIT 3 1958524223522 456 24370160524149635
HIT 3 1958524485666 456 581033156703401773
HIT 3 1958525075490 456 207358268905937747
HIT 3 1589158019106 370 250722431731314864
HIT 3 1958525206562 456 1690842738371412878
HIT 3 1589158215714 370 1405451043928993020
HIT 3 1589158281250 370 1660790528514505920
HIT 3 1958525468706 456 282171178737533101
HIT 3 1451719655458 338 2182253285174447938
HIT 3 1958525796386 456 784053574319415768
HIT 3 1597749985315 372 1708795400859385393
HIT 3 1958526124066 456 771855266334486802
HIT 3 1589159264290 370 1495662746470363542
HIT 3 1958526451746 456 907526589764069795
HIT 3 1589159591970 370 369574361696981316
HIT 3 1958526910498 456 800727242403420750
HIT 3 1589159788578 370 2160714033584522972
HIT 3 1589159919650 370 588252978947507679
HIT 3 1520440573986 354 2044915701685551086
HIT 3 1541915410466 359 1046946502972884123
HIT 3 1576275148834 367 906095521681484502
HIT 3 1610634887202 375 554766451243975955
HIT 3 1627814756386 379 1540617193421921363
HIT 3 1735188938786 404 623951748866935170
HIT 3 1739483906082 405 2239327338930363828
HIT 3 1760958742562 410 1377557513875019158
HIT 3 1945642336290 453 1763278431877812707
HIT 3 1984297041954 462 2222122492761274013
HIT 3 2005771878434 467 1808292327942416914
HIT 3 2022951747618 471 2235373311202700067
HIT 3 2027246714914 472 1750056947656820614
HIT 3 2031541682210 473 860298453369842747
HIT 3 2035836649506 474 690757007673439851
HIT 3 2078786322466 484 2180814121600523393
HIT 3 2095966191650 488 1381569917073150109
HIT 3 2138915864610 498 1675350374994131950
HIT 3 2156095733794 502 2305740247134763078
HIT 3 2181865537570 508 1973806802420780435
HIT 3 2186160504866 509 2232927627921716223
HIT 3 1460311097378 340 1116345277794906142
HIT 3 1597750050850 372 1381408923918744668
HIT 3 1593455149090 371 920519449319323360
HIT 3 1958527434786 456 1399801824385703435
HIT 3 1958527565858 456 670395120822636918
HIT 3 1958527631394 456 1205547851949535323
HIT 3 1958529335331 456 1514335624149363926
HIT 3 1958529400867 456 1456964900702333112
HIT 3 1589161558050 370 1956368986052193652
HIT 3 1958528876578 456 869359482869713980
HIT 3 1958529204258 456 1144092646040104028
HIT 3 1589162082338 370 545330946104138708
HIT 3 1623521886242 378 2152470562944052077
HIT 3 1649291690018 384 983601395624332025
HIT 3 1670766526498 389 653919354961351110
HIT 3 1700831297570 396 2144147008330875783
HIT 3 1713716199458 399 2012583919112654542
HIT 3 1722306134050 401 384781207608105912
HIT 3 1726601101346 402 2282383948906192848
HIT 3 1730896068642 403 1452168589128166146
HIT 3 1773845741602 413 601051156568860707
HIT 3 1782435676194 415 1611534662052595278
HIT 3 1833975283746 427 213235587198599993
HIT 3 1842565218338 429 2057715350830626772
HIT 3 1876924956706 437 651401988842416721
HIT 3 1932759531554 450 1799960468762541346
HIT 3 1937054498850 451 1766408118461291495
HIT 3 1967119269922 458 2048497960812860375
HIT 3 1997184040994 465 2125394484179892812
HIT 3 2010068942882 468 2056833685947604493
HIT 3 2044428681250 476 393373933441402442
HIT 3 2095968288802 488 73786896948415849
HIT 3 2117443125282 493 1459471136779361027
HIT 3 2134622994466 497 569644397044278194
HIT 3 2160392798242 503 1433432933462642386
HIT 3 2190457569314 510 445344531394307339
HIT 3 1949939466274 454 1937559089125465534
HIT 3 1958529925154 456 415162763426620913
HIT 3 1958530187298 456 2050250637417320390
HIT 3 1958507577381 456 35352946142711835
HIT 3 1958530711586 456 467848618615206305
HIT 3 1958532087842 456 209012088388787179
HIT 3 1958532612130 456 709030587065289344
HIT 3 1958533005346 456 890459120263892823
HIT 3 1958533201954 456 606435208011067931
HIT 3 1958533988386 456 557586555372904867
HIT 3 1958534119458 456 2259805445916551571
HIT 3 1958534381602 456 1331967909612937120
HIT 3 1997189677090 465 1023893138160720127
HIT 3 2100268892194 489 107319123472151133
HIT 3 2126038695970 495 187654240687110334
HIT 3 2177578303522 507 155096300389132109
HIT 3 1958527303716 456 777610637045798833
HIT 3 1967124971556 458 35352946142711835
HIT 3 1589141700650 370 2195378846715208922
HIT 3 1589160050728 370 2065103420920556289
HIT 3 1958527238184 456 1403737948652780674
HIT 3 1451702747179 338 2287840670316028606
HIT 3 1958527238187 456 134324735905129145
HIT 3 1958529335339 456 1894680659210630898
HIT 3 1589141700654 370 1328016220094739120
HIT 3 1589160050729 370 2088898029308905246
HIT 3 1958527238185 456 2064180788620323896
HIT 3 1958529335337 456 704538978791162005
HIT 3 1589141700655 370 2114699765650522339
HIT 3 1958508888113 456 746473046720405528
HIT 3 1451702747187 338 347105712482979619
HIT 3 1589160050739 370 1444386177039524060
HIT 3 1958508888118 456 740770657124773399
HIT 3 1958508888120 456 207651912078827601
HIT 3 1958509019193 456 207651912078827601
HIT 3 1958509150266 456 1002723905218397796
HIT 3 1451703074874 338 451225744223745573
HIT 3 1451703140410 338 2263745100511453801
HIT 3 1958509346874 456 315603562494630579
HIT 3 1589142224954 370 1505148453046091692
HIT 3 1958509543482 456 2277950580806432725
HIT 3 1589142618170 370 158724582922182124
HIT 3 1451703861306 338 773506184521720304
HIT 3 1958510395450 456 79940157931888190
HIT 3 1958510460986 456 1299563233595843081
HIT 3 1451704647738 338 1781303656101848703
HIT 3 1958510788666 456 1939605847010156750
HIT 3 1589143732282 370 1500496906473633737
HIT 3 1589144059962 370 588649919641642509
HIT 3 1589144256570 370 2042861292251283806
HIT 3 1589144322106 370 672512517345463024
HIT 3 1443112943675 336 2128309573668532149
HIT 3 1451702943803 338 451225744223745573
HIT 3 1451705630778 338 1067126652135949304
HIT 3 1451706023994 338 1760363768365533021
HIT 3 1958512230458 456 1223707017256856803
HIT 3 1958512558138 456 2178368305243951151
HIT 3 1451706482746 338 1865842042372024005
HIT 3 1589145763898 370 1820763534041783012
HIT 3 1958513147962 456 1359173176452712403
HIT 3 1589146026042 370 1482878566107883020
HIT 3 1451707203642 338 1122418757252866645
HIT 3 1589146353722 370 162327824582645509
HIT 3 1589146550330 370 2142567647672627424
HIT 3 1958513737786 456 860522087814152849
HIT 3 1589146681402 370 2195055033176641345
HIT 3 1589147140154 370 329102273329949959
HIT 3 1451708252218 338 2260906199167724897
HIT 3 1589147205690 370 703312454531490775
HIT 3 1451708383290 338 2139492928636333629
HIT 3 1451708514362 338 1066399557057818589
HIT 3 1958515114042 456 100974544979863851
HIT 3 1589148254266 370 1282044845221671110
HIT 3 1451709825082 338 1503137749862882469
HIT 3 1589148778554 370 1469496035885722494
HIT 3 1958515966010 456 422563566003697656
HIT 3 1451710349370 338 1505858785351600739
HIT 3 1589149630522 370 1657600666434496039
HIT 3 1958516817978 456 1709963610252773845
HIT 3 1589149958202 370 274268989299441298
HIT 3 1589150089274 370 2065921009460623098
HIT 3 1958517604410 456 866508948075916079
HIT 3 1589150548026 370 436549918380359548
HIT 3 1589160181816 370 942512998885131574
HIT 3 1958517997626 456 787817183882091807
HIT 3 1958518128698 456 1388644760781974334
HIT 3 1451712118842 338 1268547365675716253
HIT 3 1589151072314 370 2282548975866879166
HIT 3 1958518587450 456 1811314777183714084
HIT 3 1589151793210 370 271978256698139441
HIT 3 1958518980666 456 616370581142356106
HIT 3 1451712905274 338 370153634239439151
HIT 3 1451713101882 338 257697035984797928
HIT 3 1958519242810 456 2167649760279550931
HIT 3 1451713232954 338 460450471230298069
HIT 3 1589152383034 370 2230627967534726375
HIT 3 1958519767098 456 352332617595216471
HIT 3 1589152645178 370 1575551627501656339
HIT 3 1958519832634 456 381440487129769510
HIT 3 1958519898170 456 2158005758485263045
HIT 3 1958520094778 456 1218402116738181151
HIT 3 1589152972858 370 2182116920495843102
HIT 3 1589153038394 370 1857855038006538092
HIT 3 1958520487994 456 202316756846189524
HIT 3 1958520553530 456 1539785334591545107
HIT 3 1958520815674 456 1012686054050596688
HIT 3 1451714740282 338 1979982533707892803
HIT 3 1451714871354 338 64300894878054029
HIT 3 1589154021434 370 2277582593911204378
HIT 3 1451715199034 338 2088105933947239525
HIT 3 1958521405498 456 1249695895738739897
HIT 3 1589154283578 370 1421130905687864140
HIT 3 1451715723322 338 1710991687048641069
HIT 3 1958521864250 456 1266329362601925616
HIT 3 1589154807866 370 471591238259356248
HIT 3 1958522060858 456 2200889955178417738
HIT 3 1958522191930 456 486152512508862315
HIT 3 1589155070010 370 1318161463966947410
HIT 3 1958522454074 456 813106845903442935
HIT 3 1589155463226 370 554990015458700074
HIT 3 1451716575290 338 2238576025300274297
HIT 3 1589155659834 370 449364950990429526
HIT 3 1958522978362 456 2143483139414296243
HIT 3 1589156184122 370 1362711809307128299
HIT 3 1589156315194 370 1108489416262456754
HIT 3 1451717623866 338 1168741095208509914
HIT 3 1589156773946 370 1976147510393188999
HIT 3 1589156839482 370 1216329844622418734
HIT 3 1958524354618 456 2246561222892005696
HIT 3 1451718279226 338 1382513444010785686
HIT 3 1958524485690 456 1171246750917972561
HIT 3 1589157822522 370 982396272544057413
HIT 3 1958525075514 456 1376390011522135869
HIT 3 1451719065658 338 33879433292372410
HIT 3 1451719196730 338 1217910401839018873
HIT 3 1958525337658 456 985056092662769024
HIT 3 1958525993018 456 149195859067180090
HIT 3 1589158871098 370 1415620974106649325
HIT 3 1958526255162 456 1962851923340326276
HIT 3 1958526320698 456 1517268595030712420
HIT 3 1958526779450 456 1106116610732601477
HIT 3 1589159723066 370 502575181929465433
HIT 3 1597749854266 372 1059841407493341684
HIT 3 1451721031738 338 2128309573668532149
HIT 3 1589159985210 370 2208883424468398683
HIT 3 1477490901050 344 1461964597343601450
HIT 3 1520440574010 354 234315847070724776
HIT 3 1533325475898 357 1719413033844995136
HIT 3 1554800312378 362 672903174733661991
HIT 3 1610634887226 375 2037765329658083932
HIT 3 1614929854522 376 1783731511472340263
HIT 3 1653584560186 385 598321864065355869
HIT 3 1679354363962 391 237342318238421667
HIT 3 1692239265850 394 152338683478615611
HIT 3 1696534233146 395 1785329517348358605
HIT 3 1825383252026 425 863292602749193854
HIT 3 1833973186618 427 799681153639653967
HIT 3 1859742990394 433 1110703782762709063
HIT 3 1894102728762 441 1805139954218957464
HIT 3 1906987630650 444 426770747080788911
HIT 3 1915577565242 446 230869444313332922
HIT 3 1949937303610 454 1890997767314456919
HIT 3 1954232270906 455 1258014311262600929
HIT 3 1958527238202 456 715531988537042116
HIT 3 1962822205498 457 2008970424909332656
HIT 3 1984297041978 462 699219127141961037
HIT 3 2018656780346 470 1497539960085362409
HIT 3 2022951747642 471 920381664002150392
HIT 3 2027246714938 472 823290407691277780
HIT 3 2091671224378 487 1583116266719294806
HIT 3 2121735995450 494 83797580858887202
HIT 3 2134620897338 497 1617770950212636893
HIT 3 2186160504890 509 488925225375295057
HIT 3 1949937369146 454 889588866218235832
HIT 3 1962822271034 457 2111602671225464862
HIT 3 1597750116410 372 1177012388723130409
HIT 3 1949937434682 454 607031522126481678
HIT 3 1958527369274 456 1482296219407453859
HIT 3 1958527565882 456 1832658954419823842
HIT 3 1958527959098 456 2143326918056530950
HIT 3 1958528614458 456 1604642894651685510
HIT 3 1589161754682 370 2120803605479894627
HIT 3 1589161885754 370 453439962879968762
HIT 3 1958529204282 456 701969545773342343
HIT 3 1597752082490 372 1931879038400594583
HIT 3 1610636984378 375 2085641865526796579
HIT 3 1619226918970 377 1235790766475497842
HIT 3 1632111820858 380 32024931348836473
HIT 3 1662176591930 387 1433950779230374613
HIT 3 1670766526522 389 604632145633484299
HIT 3 1683651428410 392 2071704225549802730
HIT 3 1696536330298 395 1946846055145873093
HIT 3 1760960839738 410 140721736149610037
HIT 3 1773845741626 413 1616565818924055668
HIT 3 1816795414586 423 2222857046129232672
HIT 3 1833975283770 427 2304241474970178591
HIT 3 1954234368058 455 1782593994225258976
HIT 3 1971414237242 459 722059669243677111
HIT 3 2065903517754 481 712731620733043337
HIT 3 2156097830970 502 1010612602715856223
HIT 3 2190457569338 510 977404489920129413
HIT 3 1602047115322 373 2085641865526796579
HIT 3 1606342082618 374 1931879038400594583
HIT 3 1958530973754 456 189278447225262178
HIT 3 1958531039290 456 1110061812214816380
HIT 3 1958531235898 456 1152653237723105199
HIT 3 1958531432506 456 2207756326435936238
HIT 3 1958533136442 456 415922165748810754
HIT 3 1958533333050 456 70654764311275088
HIT 3 1958533791802 456 1291334622318834211
HIT 3 1958534119482 456 699095340040787773
HIT 3 1958534185018 456 1409026392545033364
HIT 3 1958534840378 456 558063403779802494
HIT 3 1967124840506 458 558063403779802494
HIT 3 1992894709818 464 1290005688422755596
HIT 3 2010074579002 468 2145547739468921124
HIT 3 2040139350074 475 1337783908529807337
HIT 3 2053024251962 478 569481821905697572
HIT 3 2100268892218 489 914911193125450853
HIT 3 2156103467066 502 1242796917101978780
HIT 3 1949937303611 454 2118683275027991517
HIT 3 1962822205499 457 1319150831153579137
HIT 3 1949939400763 454 179943090746093450
HIT 3 1593455018044 371 145320897481712577
HIT 3 1962822205500 457 437659779181473734
HIT 3 1958529335356 456 67990983060659365
HIT 3 1962824302652 457 269952082590212853
HIT 3 1958529335364 456 1898597172523602698
HIT 3 1958527238217 456 407566672933677428
HIT 3 1589160050774 370 1831680062501045700
HIT 3 1958529335383 456 294972378687670420
HIT 3 1958529335397 456 1839767846752018787
HIT 3 1589160050793 370 736910353715121282
HIT 3 1958527238249 456 1724814948671966840
HIT 3 1958529335401 456 1185443178281225211
HIT 3 1958527238244 456 2034472947911352541
HIT 3 1958527238254 456 831816693940219996
HIT 3 1589160050802 370 543473719733072578
HIT 3 1589160050803 370 1645238583256544058
HIT 3 1589160050796 370 1756916501017683910
HIT 3 1958529335404 456 1657389692479630330
HIT 3 1589160050805 370 712071829860057423
HIT 3 1958527238262 456 1069479334840627962
HIT 3 1958529335414 456 1515707097018587856
HIT 3 1589160050810 370 228243235113528826
HIT 3 1958527238270 456 762506186990696405
HIT 3 1958527238278 456 1745283863604131276
HIT 3 1589160050819 370 2253122161830268240
HIT 3 1589160050823 370 2196070714314090170
HIT 3 1958529335431 456 911342557749741715
HIT 3 1958529335434 456 985120597421740591
HIT 3 1958527238286 456 1501792041694143197
HIT 3 1589160050833 370 567885653389411643
HIT 3 1589160050836 370 602490288999266990
HIT 3 1958527238292 456 62061065625792872
HIT 3 1589160050840 370 1023814967478279670
HIT 3 1958529335448 456 790536380756168696
HIT 3 1958527238307 456 677560158375159350
HIT 3 1958529335462 456 141989838246194603
HIT 3 1589160050857 370 967807231777990115
HIT 3 1958527238316 456 284570461184754401
HIT 3 1958527238317 456 2293226513826120587
HIT 3 1589160050871 370 1483426297710063491
HIT 3 1958527238327 456 2006820338583643485
HIT 3 1958527238322 456 590312178705284951
HIT 3 1958527238330 456 1991809805812195614
HIT 3 1589160050883 370 784594841174936391
HIT 3 1958529335492 456 2165846571542417733
HIT 3 1589160050885 370 1934292753147955798
HIT 3 1958527238341 456 339550438037189839
HIT 3 1958527238343 456 1636004448746280737
HIT 3 1589160050889 370 1265024208973417389
HIT 3 1589160050891 370 1209503328898095620
HIT 3 1589160050892 370 557634161303125997
HIT 3 1958529335500 456 350676697291220204
HIT 3 1589160050898 370 177737214446286219
HIT 3 1958527238357 456 1286730773658814681
HIT 3 1958527238358 456 436831954254821880
HIT 3 1958529335513 456 1844085582054623973
HIT 3 1958527238363 456 2235396719636001589
HIT 3 1958527238366 456 1747958305685021094
HIT 3 1958527238368 456 1163733033683428276
HIT 3 1958529335522 456 328743307462615222
HIT 3 1958527238375 456 796868817677378992
HIT 3 1958529335526 456 2086849687367003781
HIT 3 1958529335525 456 138068965802476003
HIT 3 1958529335533 456 1819163984799845699
HIT 3 1958527238388 456 100647314316601530
HIT 3 1958529335541 456 746150084760476652
HIT 3 1589160050943 370 1320398054097634593
HIT 3 1589160050950 370 2304420268098623956
HIT 3 1958527238408 456 19600321260551113
HIT 3 1958529335560 456 215736142405129642
HIT 3 1958529335563 456 1437416134850588925
HIT 3 1589160050960 370 877369220723285956
HIT 3 1958527238421 456 2221188910025302039
HIT 3 1958529335572 456 536435836854177342
HIT 3 1958529335573 456 824578181309495996
HIT 3 1589160050969 370 1232143564022183066
HIT 3 1589160050970 370 751293121588729005
HIT 3 1589160050975 370 197376593171607035
HIT 3 1958527238430 456 1445643329218433518
HIT 3 1958529335588 456 1931245585668990324
HIT 3 1589160050981 370 547065997275793324
HIT 3 1958529335589 456 1820591569175628316
HIT 3 1589160050985 370 202708446784692622
HIT 3 1589160050984 370 1236010148902707575
HIT 3 1958529335592 456 469472834960075260
HIT 3 1958529335593 456 2250806228150059121
HIT 3 1589160051000 370 314248764278549269
HIT 3 1958527238456 456 2065404115838155105
HIT 3 1958529335605 456 160455391855049160
HIT 3 1958529335611 456 225664841970261254
HIT 3 1589160051013 370 395609622416194949
HIT 3 1589160051014 370 152115982851847854
HIT 3 1958527238475 456 1199574420605626576
HIT 3 1958527107406 456 400201185979414090
HIT 3 1958529335629 456 2278862030856111322
HIT 3 1958527238479 456 400201185979414090
HIT 3 1589160837458 370 822288376997019612
HIT 3 1589160902994 370 148146939770689048
HIT 3 1958528287058 456 1778080098069013313
HIT 3 1589161754962 370 629944944186154832
HIT 3 1958528942418 456 971812584603622034
HIT 3 1958529007954 456 1964518519826338871
HIT 3 1606342017362 374 1672367707329222386
HIT 3 1649291690322 384 1190092221758328028
HIT 3 1657881624914 386 1874586143154838358
HIT 3 1670766526802 389 2036992460109695048
HIT 3 1812500447570 422 1851514773256817245
HIT 3 1846860185938 430 2285921828247549122
HIT 3 1868335022418 435 1693774335607239375
HIT 3 1889809858898 440 2091253670805655090
HIT 3 1902694760786 443 47757486467948945
HIT 3 1984299139410 462 581077412701919206
HIT 3 1992889074002 464 2231595011792576085
HIT 3 1997184041298 465 1668288765268936559
HIT 3 2010068943186 468 1258650276299238685
HIT 3 2027248812370 472 2298076534338418361
HIT 3 2070198485330 482 2100805928843975865
HIT 3 2121738092882 494 307317672429018131
HIT 3 2186162602322 509 838649416549489807
HIT 3 2194752536914 511 2044464126201966385
HIT 3 1949939466578 454 2143937441374097849
HIT 3 1958529925458 456 1173727321949301034
HIT 3 1967119270224 458 1340112514719540976
HIT 3 1958530515282 456 1604487322039242549
HIT 3 1958531105106 456 1274703342815330682
HIT 3 1958532415826 456 1815560463220745448
HIT 3 1958532612434 456 2231079174533625396
HIT 3 1958533792082 456 2152894589340385597
HIT 3 2053024252242 478 76832171777194861
HIT 3 2156103467346 502 1385661479897949052
HIT 3 1589160313173 370 719797436616417209
HIT 3 1958527500629 456 1944443911555408674
HIT 3 1958529401171 456 1188854180329646998
HIT 3 1958529335637 456 692571112028253233
HIT 3 1967119270228 458 743655451968507350
HIT 3 1597752148308 372 719797436616417209
HIT 3 1958529401172 456 1419197943216819240
HIT 3 1958529466708 456 396233252665616636
HIT 3 1967124971860 458 1944443911555408674
HIT 3 1958529335641 456 503887798375412005
HIT 3 1958529335643 456 1727241695214516145
HIT 3 1958529335655 456 307185742375434560
HIT 3 1958529335656 456 1922666831845416859
HIT 3 1958529335665 456 751554039043693811
HIT 3 1958530842994 456 1762517313838569848
HIT 3 1958531236210 456 2304243983873340639
HIT 3 1967124971888 458 751554039043693811
HIT 3 1958531760498 456 1531010789064935005
HIT 3 1958532088178 456 1706547366805156758
HIT 3 1958533071218 456 2012793512730664749
HIT 3 1958533464434 456 776210998187171051
HIT 3 1958533661042 456 362441133884198664
HIT 3 1958533857650 456 2250703200774226533
HIT 3 1958534054258 456 1077327720538784879
HIT 3 1980009808242 461 1440375667159116576
HIT 3 2053024252274 478 278843502139497790
HIT 3 2070204121458 482 1679785996580873123
HIT 3 2100268892530 489 2163262605639293168
HIT 3 2104563859826 490 1532254196712777590
HIT 3 2160398434674 503 1060376705807486847
HIT 3 2181873271154 508 222383119073938451
HIT 3 1971419939186 459 1440375667159116576
DONE data/p_c0.txt sz=3 range=[0,512) n=22108160 zero=0 27.2s
