HIT 1 465 465 5414024360021678458
DONE data/p_lam.txt sz=1 range=[0,512) n=512 zero=0 0.1s
HIT 2 24772756 378 5573462455047294104
HIT 2 24838456 379 4883881635916182188
HIT 2 30409017 464 5459464921567609650
HIT 2 32833849 501 6913208423296184011
HIT 2 24838459 379 4666464417468392421
HIT 2 32702779 499 6526038780795516301
HIT 2 30474618 465 6455230949199327383
HIT 2 30605776 467 5414024360021678458
DONE data/p_lam.txt sz=2 range=[0,512) n=130560 zero=0 3.1s
HIT 3 1627802304514 379 5391472061471720048
HIT 3 1997184630787 465 4861404449985662384
HIT 3 2143213518850 499 6645650058386352790
HIT 3 2143219154947 499 5550427799020263462
HIT 3 1627802304518 379 6281080388858568817
HIT 3 2143209193477 499 6648953227372916719
HIT 3 2143213518855 499 4773784629319120724
HIT 3 1344334462984 313 6716349536107587785
HIT 3 2143198380040 499 5019548465007523494
HIT 3 1627802304522 379 5316898090869699049
HIT 3 1344334462987 313 6244656211248933305
HIT 3 1997169491979 465 5073009687785878120
HIT 3 2143213518857 499 5966936411334092036
HIT 3 1627802304525 379 5713940621072225316
HIT 3 2143198380047 499 6459819466735529086
HIT 3 1997180305422 465 5833209718890353961
HIT 3 2143213518862 499 5563303785348894724
HIT 3 1997184630796 465 5062153091738198055
HIT 3 2143213518860 499 6544966984553365220
HIT 3 1344334462993 313 6667540170551343333
HIT 3 1997169491986 465 5543242339692006004
HIT 3 1627813117969 379 5114840175597318191
HIT 3 1997184630804 465 4902111152554359775
HIT 3 1997184630806 465 5421565339713275275
HIT 3 1627802304536 379 5837482345375388040
HIT 3 1344334463003 313 5077493506205838767
HIT 3 1627813117976 379 4875154813952188198
HIT 3 2143209193497 499 5530983431479206285
HIT 3 1627813117978 379 6878889232804166162
HIT 3 1997184630809 465 4640810157041126887
HIT 3 1997180305435 465 6395189875793609033
HIT 3 1344334463004 313 5635989564109323857
HIT 3 1997169491996 465 4983325060899196464
HIT 3 1997169491997 465 4664900859331348367
HIT 3 2143198380061 499 5624571430680782248
HIT 3 1344334463007 313 5458098570021004023
HIT 3 1627813117980 379 5003437064169593129
HIT 3 2143219154973 499 6879691484957065466
HIT 3 1627813117983 379 5185566312047714405
HIT 3 1997180305439 465 5274725438764486502
HIT 3 2143198380064 499 6534722524217479236
HIT 3 1997169492001 465 4684569595980578108
HIT 3 2143198380065 499 4913769880248436398
HIT 3 1997180305441 465 6588693908287047357
HIT 3 2143219154976 499 4755944999689117797
HIT 3 1627813117987 379 6115768043933352593
HIT 3 2143219154979 499 5065014118381875248
HIT 3 1627802304549 379 5797285304705393496
HIT 3 2143198380069 499 4960546814313910788
HIT 3 2143209193508 499 6912801690696482362
HIT 3 1627813117989 379 5578735603100659772
HIT 3 1627802304553 379 4971454351555553905
HIT 3 1997180305448 465 5520723216175363734
HIT 3 1627813117993 379 6453438249550702635
HIT 3 1997184630825 465 6682021354232873532
HIT 3 1627802304556 379 4767607876369614168
HIT 3 1997169492015 465 5631017162515917619
HIT 3 1997169492018 465 5178240265844253909
HIT 3 2143213518896 499 6499622422310232238
HIT 3 2143219154992 499 5986554270044498669
HIT 3 1997180305457 465 6786468890844338276
HIT 3 1627813118002 379 5166675049108264553
HIT 3 1627802304566 379 6392365167391240710
HIT 3 1997169492022 465 5291508753884505225
HIT 3 1627802304567 379 6284473421922053094
HIT 3 1997180305462 465 4848277238876031166
HIT 3 2143219154998 499 6331501754188689034
HIT 3 2143198380090 499 5129443631827450868
HIT 3 1344334463035 313 6251466468973077620
HIT 3 1627813118008 379 5144694726080248658
HIT 3 2143209193531 499 6071347402816956974
HIT 3 2143198380093 499 4620198719380545867
HIT 3 1627802304575 379 5477938301889036755
HIT 3 2143213518914 499 6698344307231866531
HIT 3 2143219155009 499 5585292276222422507
HIT 3 1997184630852 465 6306144359434562628
HIT 3 1997180305477 465 4998592035440309477
HIT 3 2143198380104 499 4859843275473547716
HIT 3 2143209193544 499 5880245936745553798
HIT 3 1997184630856 465 5766019527199055857
HIT 3 1997169492046 465 5773542096184166708
HIT 3 2143198380111 499 6325777562666848874
HIT 3 1627802304592 379 4717266083592673192
HIT 3 2143209193549 499 6749826800623735168
HIT 3 2143213518927 499 5507808816994064608
HIT 3 2143219155024 499 5950660760569539043
HIT 3 1627802304595 379 6254478727189657506
HIT 3 1627802304594 379 5201829938438683791
HIT 3 2143198380116 499 4939898655757283086
HIT 3 2143213518929 499 4735586625695752278
HIT 3 2143209193555 499 4824712796377355078
HIT 3 2143209193556 499 4714865281102682561
HIT 3 2143219155026 499 6873893034561221149
HIT 3 2143213518931 499 5160181929179105731
HIT 3 1997184630868 465 4945452134105874574
HIT 3 2143219155027 499 6459684945376742507
HIT 3 1627802304597 379 6680212254213645676
HIT 3 1997184630870 465 4693437069101488467
HIT 3 1997169492057 465 5432940843949235082
HIT 3 2143213518935 499 4795871196255595111
HIT 3 2143219155031 499 5375311711112582219
HIT 3 2143209193561 499 4854190502477540363
HIT 3 2143219155033 499 6575070839335608490
HIT 3 2143213518936 499 6341705241063623862
HIT 3 2143198380125 499 5264896460036550626
HIT 3 1997184630874 465 5337216441873971473
HIT 3 1997180305500 465 6460815708808713983
HIT 3 2143213518939 499 6631437743143143728
HIT 3 1997169492062 465 5576973441959417154
HIT 3 2143209193566 499 6491991879238831408
HIT 3 2143198380129 499 5324627037953286128
HIT 3 1997184630882 465 4888683113967722287
HIT 3 1997180305507 465 5626123285831239579
HIT 3 1997184630883 465 6088772670919276241
HIT 3 1627802304613 379 4942549694689304909
HIT 3 1627802304614 379 4840968200886200808
HIT 3 2143198380134 499 4955248253818989906
HIT 3 1627813118054 379 6810628802753358601
HIT 3 1344334463080 313 6663555838459544470
HIT 3 1997169492072 465 6670845831284659639
HIT 3 2143198380136 499 5997513685423086180
HIT 3 1997180305504 465 6788936614944259168
HIT 3 2143213518944 499 6858117349182878336
HIT 3 2143198380139 499 5518368729137914650
HIT 3 1997184630888 465 6869527977449820933
HIT 3 2143219155048 499 4903160934694078286
HIT 3 1997180305514 465 6609057960541933678
HIT 3 2143219155049 499 5152557661920377435
HIT 3 1627802304621 379 6646200720733419979
HIT 3 1627802304623 379 4665471099218660897
HIT 3 1997169492080 465 6764552006777385109
HIT 3 2143209193583 499 4802356969390052975
HIT 3 1627813118065 379 4714925881560375519
HIT 3 1344334463093 313 6145707336335615998
HIT 3 1627813118068 379 5684761383866233024
HIT 3 2143209193588 499 5639930069329555529
HIT 3 2143213518964 499 6299367815616316298
HIT 3 1627813118067 379 6050421320108075093
HIT 3 1344334463096 313 6357023575577749176
HIT 3 1997169492088 465 6384333117514152717
HIT 3 1997184630902 465 6850610157754016602
HIT 3 1344334463097 313 4635224059007200745
HIT 3 2143213518968 499 4667585504572573407
HIT 3 2143213518969 499 6679411170083425073
HIT 3 2143198380156 499 6832031433354354686
HIT 3 2143198380157 499 6884950592706564727
HIT 3 2143198380158 499 5911012780219588857
HIT 3 2143209193596 499 5400484648388948984
HIT 3 2143198380162 499 5532955575916313938
HIT 3 1997180305535 465 4861740175710521556
HIT 3 2143213518975 499 5755107336564016374
HIT 3 1627802304643 379 6721211333648685085
HIT 3 1997184630916 465 6019397066741379744
HIT 3 2143219155076 499 6001398962923218691
HIT 3 1627813118086 379 5561188979285285085
HIT 3 1997184630917 465 5829662675455307689
HIT 3 1997184630918 465 4770881439116853948
HIT 3 2143213518983 499 4722120580530314837
HIT 3 1997184630920 465 5197897614333264368
HIT 3 2143219155079 499 6335567609104587791
HIT 3 1627802304651 379 5955248206916443448
HIT 3 1344334463118 313 5813856880335724027
HIT 3 1627813118092 379 6428236136233327078
HIT 3 1997180305547 465 5402663764927908730
HIT 3 2143209193611 499 5186249815182480543
HIT 3 1997184630923 465 6316992040211643196
HIT 3 2143219155083 499 6489408031317368665
HIT 3 1997180305549 465 4705419851407178214
HIT 3 1997184630926 465 6838842417705797811
HIT 3 2143213518990 499 5173629837344102896
HIT 3 1627812987026 379 4890317630392323364
HIT 3 2143209062546 499 6710148022207122237
HIT 3 1344334725268 313 4957443535806339336
HIT 3 2143198707860 499 4643824362785937283
HIT 3 2143198904468 499 5726894819967782756
HIT 3 1344335052948 313 4630101034659380440
HIT 3 1344335118484 313 5905489641084533274
HIT 3 1997170147476 465 6608627122138801415
HIT 3 2143199035540 499 4807595330963097969
HIT 3 1997170213012 465 5562473364842179917
HIT 3 1344335249556 313 4729219320340939695
HIT 3 1344335708308 313 5999297082787057370
HIT 3 1344335839380 313 6197767321224568213
HIT 3 1997170868372 465 5614501649535583365
HIT 3 1997171064980 465 6072105246320313272
HIT 3 1627803943060 379 6887317546983069023
HIT 3 1344336298132 313 5108488284684992431
HIT 3 1344336363668 313 4921327430414640834
HIT 3 2143200477332 499 5331872025417964394
HIT 3 1997184499858 465 5040679794385714477
HIT 3 1988594696338 463 6843053515881250830
HIT 3 2005774565522 467 5377967995767994183
HIT 3 2151803453586 501 6613790311373366770
HIT 3 1623507468437 378 5573462455047294104
HIT 3 2143198576789 499 4643824362785937283
HIT 3 1627804795028 379 5689271402140694041
HIT 3 1627804860564 379 6242084893657010575
HIT 3 1344337281172 313 5735110966340907066
HIT 3 1997172310164 465 4679613231985696969
HIT 3 2143201198228 499 5577951731888659263
HIT 3 2143201329300 499 5951933381915112286
HIT 3 2143201525908 499 5659703598713974353
HIT 3 1344337674388 313 5813804627824325318
HIT 3 2143201984660 499 6152942186261499073
HIT 3 1344338198676 313 6769075588488168641
HIT 3 1627806171284 379 6727526496389022544
HIT 3 1344338395284 313 6456826000961750643
HIT 3 1627806236820 379 4628108552745587363
HIT 3 1344338460820 313 5014874188727977403
HIT 3 1627806498964 379 6655034728581464339
HIT 3 1627806564500 379 5501442217458951099
HIT 3 2143202640020 499 5936840095473063326
HIT 3 1997173817492 465 6357704224374830225
HIT 3 1344339312788 313 6215535179611637563
HIT 3 2143203295380 499 5380923032087739004
HIT 3 1627807285396 379 5868840079820680730
HIT 3 2143203360916 499 6295792519445005841
HIT 3 2143203491988 499 4891863474995378497
HIT 3 2143203623060 499 4674443912829543134
HIT 3 1997174866068 465 6023874933969754778
HIT 3 1627807875220 379 5799791267504865183
HIT 3 1627808071828 379 5402845463137231639
HIT 3 2143204212884 499 6253318228651463260
HIT 3 1627808399508 379 4659877670625277744
HIT 3 1344340754580 313 6103997514771174028
HIT 3 1344340820116 313 6751037111489396857
HIT 3 1344340951188 313 6170909325033731759
HIT 3 2143205064852 499 5482370819787864795
HIT 3 1997176570004 465 4678401419355144329
HIT 3 1997176701076 465 5517003372866033751
HIT 3 2143205589140 499 5770255403647252208
HIT 3 1344341803156 313 5261980157858830338
HIT 3 2143205785748 499 5795688724136938322
HIT 3 1997176963220 465 6293666694611468833
HIT 3 1627810103444 379 5642561501333886768
HIT 3 1627810234516 379 6137799782057932360
HIT 3 1997177421972 465 5232517025272803621
HIT 3 2143206441108 499 6851174484438260357
HIT 3 2143206506644 499 6569809083425020046
HIT 3 1344342786196 313 4938316017546770032
HIT 3 1997177815188 465 5285409533281605361
HIT 3 1627810758804 379 5280708598037949738
HIT 3 2143207227540 499 6801785140859662133
HIT 3 1344343507092 313 5277286925335977688
HIT 3 1344343572628 313 4909584520609375935
HIT 3 1344343703700 313 5903077103126420630
HIT 3 1344343900308 313 5831474514120097855
HIT 3 1344344096916 313 4967389823407399342
HIT 3 2143208079508 499 5931255112581131978
HIT 3 1627812135060 379 5706916605168240327
HIT 3 2143208407188 499 6574870728617665762
HIT 3 1344344555668 313 6022902173674402720
HIT 3 1997179584660 465 5657605997078275282
HIT 3 1997179912340 465 6810102367369219474
HIT 3 1997180043412 465 5099376388020177996
HIT 3 2143208931476 499 4862396482845250611
HIT 3 1619223052436 377 6155829730807222293
HIT 3 1992885207188 464 4932184614488333720
HIT 3 1348640178324 314 6144480070691432240
HIT 3 2134619193492 497 5464477992523043222
HIT 3 1357230178452 316 6144480070691432240
HIT 3 1408769786004 328 6532856539226751334
HIT 3 1417359720596 330 6478642481210821830
HIT 3 1486079197332 346 5276422899887993444
HIT 3 1511849001108 352 5202586590635525988
HIT 3 1516143968404 353 4623543059595225564
HIT 3 1554798674068 362 5141444283279081541
HIT 3 1559093641364 363 5066412879747931158
HIT 3 1666467823764 388 6415073527518083976
HIT 3 1709417496724 398 5794155647570934292
HIT 3 1752367169684 408 4803847131906008690
HIT 3 1765252071572 411 4611831171908040250
HIT 3 1812496711828 422 6105108384215138577
HIT 3 1868331286676 435 5749354957762927601
HIT 3 1915575926932 446 5951900057655405683
HIT 3 1945640698004 453 5076879468318570268
HIT 3 1984295403668 462 5243639494435407149
HIT 3 2022950109332 471 5910342074815027515
HIT 3 2035835011220 474 6595852484610431531
HIT 3 2040129978516 475 6248361299457478208
HIT 3 2048719913108 477 4887610660077752664
HIT 3 2104554487956 490 6224119619564994894
HIT 3 2138914226324 498 5333182474264727141
HIT 3 2160389062804 503 6243767174818426298
HIT 3 1619223314580 377 6129155124450643361
HIT 3 2138914357396 498 5732124792271203168
HIT 3 1627813314708 379 5189548840353184388
HIT 3 1997180698772 465 6873971758409014064
HIT 3 1997180764308 465 6876385821643687948
HIT 3 2143209652372 499 5145684624524231450
HIT 3 1997180895380 465 6576648506135872924
HIT 3 1997180960916 465 6611611989101123120
HIT 3 2143209848980 499 5367548419604158427
HIT 3 1997181026452 465 5065580963145220466
HIT 3 2143209980052 499 4986414805266704780
HIT 3 1627814101140 379 5923092578822328715
HIT 3 2143210569876 499 4937140590345775330
HIT 3 2143210700948 499 4889211887682836775
HIT 3 1997182140564 465 4938310097630351251
HIT 3 2143211290772 499 5799714893187460174
HIT 3 1997182533780 465 6869741352075085260
HIT 3 1997182730388 465 5397019338224918143
HIT 3 2143211749524 499 5901284248742333759
HIT 3 1997182926996 465 5162667755703826842
HIT 3 1997182992532 465 5402335472492281910
HIT 3 2143212077204 499 4662951692063837856
HIT 3 2143212339348 499 5440442528443952864
HIT 3 1627816460436 379 5685650062686093605
HIT 3 2143212535956 499 4996502590257467120
HIT 3 1627816525972 379 5601505931922221375
HIT 3 1627816591508 379 4756557770636856461
HIT 3 1997184041108 465 6489009960501242826
HIT 3 2143212994708 499 5136871210869304550
HIT 3 1997184237716 465 6370693748220759139
HIT 3 2143213322388 499 6520856213700757432
HIT 3 1992889532564 464 6059466308097081083
HIT 3 1997184565396 465 6098741993604746463
HIT 3 1632112410772 380 5573462455047294104
HIT 3 1700831887508 396 6163191924409301664
HIT 3 1718011756692 400 6329437176145462662
HIT 3 1739486593172 405 6659415405615065465
HIT 3 1765256396948 411 6858238158271055969
HIT 3 1769551364244 412 5946456747075209470
HIT 3 1799616135316 419 6518639886426759019
HIT 3 1812501037204 422 6847471548187441476
HIT 3 1829680906388 426 6523761960782875993
HIT 3 1881220513940 438 5221973202099834930
HIT 3 1928465154196 449 6801479787711686982
HIT 3 1937055088788 451 5987793785778732669
HIT 3 2100263846036 489 6114885585092072339
HIT 3 2177573257364 507 6136167086349754355
HIT 3 2181868224660 508 6367587356037066183
HIT 3 2190458159252 510 5368147363157027578
HIT 3 2194753126548 511 4757054118366209561
HIT 3 2134623715476 497 6382230739979046358
HIT 3 2138918682772 498 5392027436236280302
HIT 3 2143214174356 499 6910140134089336833
HIT 3 1997185351828 465 5930833730324002013
HIT 3 1997185482900 465 4848139659913049402
HIT 3 2143214633108 499 6877639638847477142
HIT 3 2143214829716 499 6057297179179301963
HIT 3 1997186269332 465 6761492240028272547
HIT 3 1997186465940 465 5862479651737463274
HIT 3 2143215485076 499 4920503524859007077
HIT 3 1997187645588 465 4686625215969647826
HIT 3 2143216795796 499 6713027233516007591
HIT 3 1997180240021 465 6337289748211709028
HIT 3 2138914226325 498 5010626262798623484
HIT 3 1997180240022 465 5460214876625899676
HIT 3 2143209128086 499 6792177663034292774
HIT 3 2143209324694 499 5843583264021352088
HIT 3 1997188825236 465 6732538387065134752
HIT 3 2143218696340 499 5556690455549996861
HIT 3 1997189939348 465 6136866307359781787
HIT 3 1988600070292 463 6136866307359781787
HIT 3 2126039285908 495 6581779321886726897
HIT 3 2134629351572 497 4891582582533160999
HIT 3 2143219286164 499 6909248620579369195
HIT 3 2143220072596 499 5572161850175697786
HIT 3 2143220924564 499 6134196217644661890
HIT 3 2160401252500 503 5792328594539530379
HIT 3 1997184499861 465 5869488200343915516
HIT 3 1997184565397 465 6349763010751802487
HIT 3 2151803453589 501 5485870999683064623
HIT 3 2151809089686 501 6039868612911326507
HIT 3 1997180305561 465 5208270076852526255
HIT 3 1997180305562 465 4741818187430884758
HIT 3 2143219155097 499 6750010580172687084
HIT 3 2143219155098 499 6304529249642066662
HIT 3 1997180305564 465 6498545163723442255
HIT 3 2143209193628 499 6875151656911420862
HIT 3 1997180305565 465 5379190574394458226
HIT 3 1627813118110 379 4939596966235255446
HIT 3 2143209193630 499 5446459595949809100
HIT 3 2143219155101 499 6453108133438374123
HIT 3 1627813118114 379 6020132601638111111
HIT 3 2143219155106 499 6633644230659937181
HIT 3 2143209193635 499 5521551770545244062
HIT 3 1997184630947 465 6856514698374070133
HIT 3 2143219155107 499 5837530505715321616
HIT 3 1627813118117 379 6509391986787958169
HIT 3 1997180305573 465 5029779533896596154
HIT 3 1627813118118 379 5225134922386749969
HIT 3 2143209193638 499 4706027940921847177
HIT 3 1627813118121 379 6542447463451274570
HIT 3 1997180305577 465 6491840910093468591
HIT 3 1997184630954 465 6226428187434606512
HIT 3 1997184630956 465 4729209729625994464
HIT 3 1997180305581 465 5057341002824654540
HIT 3 1997184630961 465 5284793320765133856
HIT 3 1627813118131 379 4686157231192305535
HIT 3 2143209193650 499 6272626068447909039
HIT 3 1997184630963 465 6126052951444554270
HIT 3 1997184630966 465 6444766495305165708
HIT 3 1997184630969 465 6078432794764108766
HIT 3 1997184630968 465 5049100863543842653
HIT 3 1997184630971 465 5549054196302683903
HIT 3 2143209193663 499 5907953686083648125
HIT 3 1997184630973 465 5060323329598468240
HIT 3 1997184630974 465 6891803453698808481
HIT 3 2143219155133 499 6184971788654938229
HIT 3 2143219155134 499 5992837745169513469
HIT 3 1997180305603 465 6318687350153944295
HIT 3 2143209193667 499 6289077739975121585
HIT 3 1627813118146 379 6633566177970530690
HIT 3 2143213519041 499 6648357507442147748
HIT 3 1997184630979 465 6362271082970777707
HIT 3 2143209193668 499 5072342748764532867
HIT 3 1627813118149 379 5314488914810490496
HIT 3 1997180305605 465 6700148104719618218
HIT 3 1627813118150 379 5562309818913972980
HIT 3 2143219155140 499 5485841782112494903
HIT 3 2143209193672 499 6399828100661135285
HIT 3 2143209193673 499 5360490354038143387
HIT 3 2143213519049 499 5692585707634058693
HIT 3 2143209193674 499 5363820086377499001
HIT 3 1627813118158 379 6033546493137500519
HIT 3 2143213519058 499 6570905301649727694
HIT 3 1627813118164 379 6449702182257842912
HIT 3 1627813118167 379 4861678184345467138
HIT 3 2143213519067 499 6116797250334911098
HIT 3 2143219155160 499 6413094498130130905
HIT 3 2143219155163 499 5619325459749007009
HIT 3 1997184631004 465 5897106917211458436
HIT 3 2143219155167 499 4725112328242677791
HIT 3 1627813118176 379 4914033829673263701
HIT 3 2143213519072 499 5175992957366301376
HIT 3 1997180305635 465 5951677138951959773
HIT 3 2143209193697 499 5668801508709402004
HIT 3 1997184631009 465 5944635850332289727
HIT 3 2143219155169 499 6269066151045927796
HIT 3 2143213519077 499 5576632815658222839
HIT 3 2143219155173 499 6116188455628093674
HIT 3 1627813118184 379 5142953406917547277
HIT 3 2143219155176 499 4913322527644026642
HIT 3 2143209193706 499 6839517675772829016
HIT 3 1997184631017 465 4980807218468057033
HIT 3 2143219155177 499 4782156531514841540
HIT 3 1627813118190 379 5767303414937128613
HIT 3 2143209193711 499 5453278677725325130
HIT 3 1997184631022 465 6121438721345897322
HIT 3 1627813118192 379 5668985081681332567
HIT 3 2143209193712 499 6592832054142596070
HIT 3 1627813118193 379 6890304496813239371
HIT 3 1997180305649 465 6049815470436775015
HIT 3 1997180305650 465 5025648968453309853
HIT 3 2143209193717 499 4733126778824426368
HIT 3 1997180305655 465 4646279276470762765
HIT 3 1627813118200 379 6072406106487652339
HIT 3 2143209193720 499 5693586352257013648
HIT 3 2143219155190 499 5450977599637150787
HIT 3 2143219155192 499 6824696991234317572
HIT 3 1627813118202 379 5355031349492979161
HIT 3 2143209193725 499 6018172566225704304
HIT 3 1997180305663 465 6506454479334836587
HIT 3 2143213519101 499 5794687718009806499
HIT 3 1627813118208 379 5775131676891090127
HIT 3 2143209193729 499 4943099466491570464
HIT 3 2143209193730 499 5123077712204831380
HIT 3 2143219155201 499 6161171756106395131
HIT 3 2143213519106 499 5089939593737229134
HIT 3 2143209193733 499 4887249805450730936
HIT 3 1997184631044 465 6405666285440754212
HIT 3 2143209193736 499 5674120942566736876
HIT 3 2143219155206 499 4752343050460485990
HIT 3 2143209193737 499 6790944029700444843
HIT 3 1627813118219 379 5758295755145424897
HIT 3 2143219155211 499 5756096524031803620
HIT 3 1627813118222 379 5504211755189683050
HIT 3 1997180305679 465 6170097727745148799
HIT 3 1627813118225 379 4820945996557542316
HIT 3 2143209193745 499 6539747351086427542
HIT 3 1627813118227 379 5258224755804523457
HIT 3 2143209193747 499 5143692645533312354
HIT 3 1997184631058 465 6914242729276667326
HIT 3 1997184631062 465 4626597257862131016
HIT 3 2143209193752 499 5602476371429691189
HIT 3 1997180305690 465 6737148983568085656
HIT 3 2143209193755 499 5236761213825951929
HIT 3 1997184631066 465 4901471509160517857
HIT 3 1997180305694 465 6583164585553670494
HIT 3 1627813118239 379 5405486973053049518
HIT 3 1997184631070 465 5081355849616028072
HIT 3 1997184631072 465 6326860937557784838
HIT 3 1997180305702 465 4774464767155154990
HIT 3 1627813118245 379 4865998167588625873
HIT 3 2143209193765 499 5937080752163897601
HIT 3 1997180305703 465 5680379776357942709
HIT 3 1997180305708 465 6412235131406288812
HIT 3 1997180305710 465 6603094279893292920
HIT 3 1627813118256 379 5309578268190763779
HIT 3 2143209193777 499 6740236232249821019
HIT 3 1997180305715 465 6714128016216170932
HIT 3 1997184631088 465 5713065331379669144
HIT 3 1992885469496 464 5459464921567609650
HIT 3 2151799259448 501 6913208423296184011
HIT 3 1988594696503 463 5678089179273261055
HIT 3 2138918551863 498 4892550288128398035
HIT 3 1997184762167 465 6475733765349778853
HIT 3 2143219155254 499 5910757117068651506
HIT 3 1636407312696 381 4883881635916182188
HIT 3 1997184565560 465 6726283300208884639
HIT 3 2138918551864 498 5292507843219699270
HIT 3 1627813380410 379 4666464417468392421
HIT 3 2143209455930 499 6526038780795516301
HIT 3 1627813183801 379 4883881635916182188
HIT 3 1627813380409 379 5366656663640722336
HIT 3 2143209455929 499 6122830881401381940
HIT 3 2143209652537 499 5292938398717412214
HIT 3 1627813708089 379 6878501094876498877
HIT 3 2143209783609 499 5950463445741347939
HIT 3 1627814166841 379 5749901310390023253
HIT 3 2143210438969 499 6470804188731536324
HIT 3 1627814560057 379 5330080530479119355
HIT 3 2143211028793 499 5990194458965478715
HIT 3 1627815018809 379 5362709249786443437
HIT 3 1627815346489 379 5340804133958313826
HIT 3 1627815543097 379 5413823198581422769
HIT 3 1997182927161 465 6018322623469191690
HIT 3 2143211815225 499 6531152845263587443
HIT 3 1627815936313 379 5375234580138669159
HIT 3 1997183254841 465 6355496597186013983
HIT 3 2143212208441 499 6065935284236537242
HIT 3 1627816198457 379 6360208686462363937
HIT 3 2143212273977 499 5909811421319446838
HIT 3 1997183516985 465 6753847965113508730
HIT 3 1997183648057 465 6868455561101679583
HIT 3 2143212732729 499 4886613188779499893
HIT 3 1627816853817 379 5130325908726357187
HIT 3 1997184172345 465 5104065538007720526
HIT 3 2143213125945 499 6903129667023746181
HIT 3 1636407181625 381 5553307381718278405
HIT 3 1627817312569 379 5553307381718278405
HIT 3 2134623453497 497 6156760176689624946
HIT 3 2138918486329 498 4993462302872588020
HIT 3 1752371495225 408 6830158711636329538
HIT 3 1765256397113 411 5176760977239315552
HIT 3 1876925546809 437 6724246122221274250
HIT 3 1919875219769 447 6719443506010683574
HIT 3 1949939990841 454 6639762470268706790
HIT 3 1958529925433 456 5105594177655035129
HIT 3 2104558813497 490 4658557990730307729
HIT 3 2143213519161 499 5886268889650416970
HIT 3 2164688355641 504 6265828646016038806
HIT 3 2168983322937 505 5044204917671457402
HIT 3 1997184696633 465 5539289579460626273
HIT 3 1988594827577 463 4940577445495918347
HIT 3 1997184958777 465 6181731421870135207
HIT 3 2143213846841 499 4780869431711524487
HIT 3 2143214240057 499 6581870033227621323
HIT 3 2143214698809 499 4799322663357032849
HIT 3 2143214829881 499 5893856585256098912
HIT 3 1997186859321 465 6041963718268681069
HIT 3 2143215747385 499 5537909575908435671
HIT 3 1997187121465 465 5405141883129119834
HIT 3 1997187187001 465 5955504390353703483
HIT 3 1636407312699 381 4666464417468392421
HIT 3 2138918551867 498 6890730099627262726
HIT 3 1997184762171 465 6039868612911326507
HIT 3 2143219155258 499 6602028216622354265
HIT 3 1997187449145 465 6728915625502517084
HIT 3 1997187514681 465 5691305654543472638
HIT 3 1997187842361 465 5740693543300874038
HIT 3 1997188497721 465 5155357446727582566
HIT 3 1997188563257 465 6816933212097096782
HIT 3 1997188956473 465 5438675878679705659
HIT 3 2143217844537 499 6224136483735394308
HIT 3 2143218106681 499 6519050626226377662
HIT 3 1997189677369 465 6781686959741045317
HIT 3 2005780005177 467 5116528235364464446
HIT 3 1997190136121 465 5116528235364464446
HIT 3 2143219089721 499 6796246889984572611
HIT 3 2001485234489 466 5459464921567609650
HIT 3 2035844972857 474 4854790476913107625
HIT 3 2065909743929 481 5395351778832797807
HIT 3 2078794645817 484 4834807217008340993
HIT 3 2143219286329 499 6197703880804577498
HIT 3 2143220465977 499 6663058638477046824
HIT 3 2143220597049 499 6466442158602270965
HIT 3 2143221121337 499 5600111492232210848
HIT 3 2160401318201 503 6913208423296184011
HIT 3 2151811252539 501 6526038780795516301
HIT 3 1997184631101 465 6893977906353921661
HIT 3 2143213519165 499 4936263137977689757
HIT 3 1997184631107 465 5825451674341220407
HIT 3 1997184631108 465 5008393635478882873
HIT 3 2143213519179 499 5521421569265809413
HIT 3 1997184631118 465 6581017940404945970
HIT 3 2143213519177 499 6881629951588224310
HIT 3 2143213519180 499 5543567752981758932
HIT 3 2143219155278 499 6386414145640912749
HIT 3 2143213519186 499 5906929883731544665
HIT 3 1997184631133 465 6029395186108808121
HIT 3 2143213519209 499 5582815419043386916
HIT 3 1997184631142 465 5828787967896391296
HIT 3 2143219155306 499 5747795048355980793
HIT 3 2143219155307 499 5084044300709949131
HIT 3 2143213519217 499 5718844631588294461
HIT 3 2143213519220 499 4885544191368324865
HIT 3 2143213388151 499 6473386778704271484
HIT 3 2143219155314 499 6258868338333106257
HIT 3 2143213519222 499 6473386778704271484
HIT 3 1997184696699 465 6455230949199327383
HIT 3 2143213781371 499 6284052111394906941
HIT 3 1997184958843 465 5704779643611015583
HIT 3 2143213912443 499 4681622033006309128
HIT 3 1997185679739 465 5576866827772710961
HIT 3 2143214567803 499 5080633711671304278
HIT 3 1997185745275 465 6050899127404011624
HIT 3 2143215157627 499 5802942593999114256
HIT 3 2143215747451 499 6164965906090560950
HIT 3 1997186990459 465 4815201842825242453
HIT 3 1997187187067 465 5348346291574301833
HIT 3 2143216075131 499 5143588878938622473
HIT 3 1997187514747 465 5736815711063061569
HIT 3 1997187580283 465 5475612943025752964
HIT 3 1997187776891 465 6709960990861584065
HIT 3 2143216730491 499 6088133437251733391
HIT 3 2143216796027 499 4870631705789273586
HIT 3 1997188170107 465 4737384986313369401
HIT 3 2143217189243 499 5833044625746857627
HIT 3 2143217320315 499 6516212978448176975
HIT 3 2143217451387 499 4899593276950905587
HIT 3 1997188694395 465 6376217409284418413
HIT 3 2143217975675 499 6345355704337223154
HIT 3 2143218041211 499 5928300881855931138
HIT 3 2143218499963 499 5716922700690330816
HIT 3 2143218893179 499 5936670121017374885
HIT 3 2001485169019 466 5963341182831905266
HIT 3 2138924122491 498 4696985665248627524
HIT 3 2010075169147 468 5963341182831905266
HIT 3 2014370136443 469 5347725623251990364
HIT 3 2031550005627 473 6877964440006904437
HIT 3 2053024842107 478 4882098852236031733
HIT 3 2057319809403 479 6792002209060989812
HIT 3 2095974515067 488 5279428673715344748
HIT 3 2143219876219 499 5903319225870920927
HIT 3 2143220203899 499 6795390986431052111
HIT 3 2143220269435 499 4993373362423479734
HIT 3 2164696220027 504 5436001900830729047
HIT 3 2143219286397 499 5843583264021352088
HIT 3 2138924188025 498 5637127077725535767
HIT 3 2005780136314 467 6455230949199327383
HIT 3 2143219155322 499 5967145323225412359
HIT 3 2143219155364 499 6067191113994718618
HIT 3 2143219155367 499 4938111345204998450
HIT 3 2143219155384 499 4787774708564041370
HIT 3 2143219155389 499 5571609488380488661
HIT 3 2143219155381 499 6884672026011520794
HIT 3 2143219155399 499 4765713389908254578
HIT 3 2014370202064 469 5414024360021678458
HIT 3 2143220335057 499 4985947895672004904
HIT 3 2143220400593 499 5189821866927461063
HIT 3 2143220924881 499 6730311817133225314
HIT 3 2143220990417 499 4696715141417687693
HIT 3 2160401187281 503 4898321075170119788
HIT 3 2151811318225 501 4898321075170119788
HIT 3 2186171056593 509 6170063323372861707
DONE data/p_lam.txt sz=3 range=[0,512) n=22108160 zero=0 37.9s
