HIT 1 58 58 10958677009710650333
HIT 1 456 456 9470921758550294996
DONE data/p_c0.txt sz=1 range=[0,512) n=512 zero=0 0.3s
HIT 2 22020130 336 10203918861519781797
HIT 2 24248354 370 9907128754655115313
HIT 2 29753378 454 10053998993600016920
HIT 2 22151203 338 9782021392581089501
HIT 2 3801124 58 10703102637651612763
HIT 2 24379450 372 10611548076197063766
HIT 2 3932219 60 10958677009710650333
HIT 2 24248376 370 10069698815086597761
HIT 2 29753682 454 9876969554818180266
HIT 2 29884752 456 10498484053064200925
HIT 2 30015945 458 9470921758550294996
DONE data/p_c0.txt sz=2 range=[0,512) n=130560 zero=0 2.0s
HIT 3 1589140127746 370 10066966960809661154
HIT 3 249110331393 58 10413081343879423330
HIT 3 1451702747139 338 10014790819276114210
HIT 3 1589141700611 370 11168706316822395124
HIT 3 1958508888066 456 10169964042417360159
HIT 3 1589160050690 370 9632547805402283216
HIT 3 1958527238146 456 11391434919867652495
HIT 3 1958529335299 456 10920953541611068915
HIT 3 1589140127749 370 10199134934922756488
HIT 3 1451702747141 338 9842397143812493720
HIT 3 1958508888068 456 9911039956364213678
HIT 3 1451702747143 338 10583961490977053646
HIT 3 1958507315210 456 11528592370560508032
HIT 3 249110331401 58 11155033453813801810
HIT 3 249110331403 58 10376263621718240265
HIT 3 1958529335307 456 9734913711977435264
HIT 3 1451701174284 338 9379930611563443686
HIT 3 1589141700620 370 9698742527102186551
HIT 3 1451701174287 338 9726721868487070938
HIT 3 1958507315218 456 11222855888750728341
HIT 3 1958527238159 456 11067006918410194157
HIT 3 1958508888080 456 9959985357217804532
HIT 3 1958508888082 456 9781459635714394525
HIT 3 1589160050706 370 10820238732183260042
HIT 3 1958527238163 456 10945352189806315412
HIT 3 1958508888086 456 9576073538496404479
HIT 3 1451701174296 338 10602287138426345848
HIT 3 1589140127774 370 9599994348703141126
HIT 3 1589141700639 370 10058565417859448613
HIT 3 1451702747169 338 9930556311998334637
HIT 3 1589141700640 370 10157510640235497894
HIT 3 1958508888097 456 10656213220841880838
HIT 3 1958527238174 456 10123798958814851768
HIT 3 1451701370914 338 9782021392581089501
HIT 3 249110724642 58 10971858013923503741
HIT 3 1589140520994 370 10535362297267727403
HIT 3 1589140586530 370 11394523067931351718
HIT 3 1589140652066 370 9796015797879179193
HIT 3 1958507839522 456 10189763748042924942
HIT 3 1589140783138 370 9790691554191220349
HIT 3 1443111370787 336 10203918861519781797
HIT 3 1589140258851 370 9907128754655115313
HIT 3 1949917511715 454 10053998993600016920
HIT 3 249111511074 58 9754953351908025950
HIT 3 1589141307426 370 10158935653309761717
HIT 3 249111576610 58 10437200955917156514
HIT 3 1597731504162 372 11235234340076197131
HIT 3 1451702681634 338 11023068402367846761
HIT 3 274881708066 64 10103550842574929272
HIT 3 283471642658 66 9801939331146744160
HIT 3 304946479138 71 10822761358047774486
HIT 3 313536413730 73 10997159253066921546
HIT 3 399435759650 93 11434637479305563454
HIT 3 442385432610 103 9343702305691194408
HIT 3 498220007458 116 11405131041272295055
HIT 3 506809942050 118 10096266387047240195
HIT 3 541169680418 126 10720211380773922603
HIT 3 597004255266 139 9305113391140055318
HIT 3 601299222562 140 10602525066270499687
HIT 3 614184124450 143 11014675933928384762
HIT 3 747328110626 174 10595797346158225323
HIT 3 751623077922 175 10487876274754579733
HIT 3 755918045218 176 10368738323944234161
HIT 3 760213012514 177 9827283395969867819
HIT 3 773097914402 180 10209146423980774863
HIT 3 816047587362 190 9813224393367465808
HIT 3 858997260322 200 10036635240971886546
HIT 3 863292227618 201 10900785235657450304
HIT 3 906241900578 211 11149940114033835719
HIT 3 914831835170 213 9930964223776279409
HIT 3 923421769762 215 10423615303651638631
HIT 3 957781508130 223 11350999117448357610
HIT 3 966371442722 225 10080970547653128386
HIT 3 1000731181090 233 10152560524380946474
HIT 3 1005026148386 234 10351540763030529504
HIT 3 1065155690530 248 10008401395509001215
HIT 3 1116695298082 260 11285463669827767078
HIT 3 1133875167266 264 11198439165450333914
HIT 3 1219774513186 284 10908168446953819176
HIT 3 1241249349666 289 11068808517565842410
HIT 3 1279904055330 298 11344851526671277678
HIT 3 1309968826402 305 10794099854853402783
HIT 3 1327148695586 309 11503926150660151899
HIT 3 1340033597474 312 10237284519008639423
HIT 3 1387278237730 323 9394035371253286971
HIT 3 1408753074210 328 9242834783998699129
HIT 3 1434522877986 334 10548322974397736713
HIT 3 1460292681762 340 9596138082684668763
HIT 3 1464587649058 341 10571652261300484279
HIT 3 1529012158498 356 10258982640324436369
HIT 3 1559076929570 363 9403513802111879040
HIT 3 1567666864162 365 10722183403655069521
HIT 3 1597731635234 372 9563027350180778726
HIT 3 1644976275490 383 10740056066394408149
HIT 3 1679336013858 391 9516507292498980080
HIT 3 1687925948450 393 10450093931188566592
HIT 3 1717990719522 400 9747798573456753939
HIT 3 1765235359778 411 9940885644773210365
HIT 3 1769530327074 412 10114304115671306546
HIT 3 1778120261666 414 10095766751454840110
HIT 3 1782415228962 415 10488161911687995257
HIT 3 1833954836514 427 9614834134790050818
HIT 3 1911264247842 445 10237794412593951877
HIT 3 1949918953506 454 10025360875711440802
HIT 3 1962803855394 457 9297590915994744783
HIT 3 1967098822690 458 9273772925714037496
HIT 3 1975688757282 460 11512563427144289399
HIT 3 2130307579938 496 11427259795336653299
HIT 3 2147487449122 500 11451386349813968138
HIT 3 2156077383714 502 10053248489902172831
HIT 3 2168962285602 505 10630832545380939740
HIT 3 1451702878242 338 10185646871950630189
HIT 3 1451702943778 338 9276448043672907665
HIT 3 1958509084706 456 11162815984140238551
HIT 3 1958509150242 456 9481676916711128799
HIT 3 1451703140386 338 10741693536496175996
HIT 3 1451703205922 338 10099912554307913278
HIT 3 1958509346850 456 9949393862251126118
HIT 3 1589142224930 370 10314934331548226179
HIT 3 1958509608994 456 10558728771657417374
HIT 3 1958509805602 456 9833567384355668938
HIT 3 1958509936674 456 9573673219293078778
HIT 3 1958510002210 456 10607323092180251470
HIT 3 1958510133282 456 11002328471831157036
HIT 3 1958510198818 456 10320848551090140430
HIT 3 1958510329890 456 10488968121085828450
HIT 3 1589143207970 370 10185532218724961209
HIT 3 1958510395426 456 10587903162151810096
HIT 3 1958510592034 456 11016775709888690590
HIT 3 1451704647714 338 10960141074459695312
HIT 3 1589143928866 370 10371536425853270672
HIT 3 1451705040930 338 9730338889520348987
HIT 3 1589143994402 370 10276807834930221834
HIT 3 1589144191010 370 10725808415274950704
HIT 3 1589144453154 370 11320745793149573832
HIT 3 1958511706146 456 10650588091248969845
HIT 3 1589144911906 370 10766015904802523049
HIT 3 1451706023970 338 9584342540607350187
HIT 3 1589145305122 370 10973877760949223654
HIT 3 1958512820258 456 11176203624749945856
HIT 3 1589145698338 370 9985722413304852696
HIT 3 1958513410082 456 11234065183897844114
HIT 3 1958513541154 456 10403151850946812562
HIT 3 1958513672226 456 10755758724552269292
HIT 3 1589146550306 370 9968545481634498340
HIT 3 1589146615842 370 11017848011449305709
HIT 3 1451708121122 338 9743586822499340633
HIT 3 1589147140130 370 11106479675808357055
HIT 3 1958514393122 456 9416620174774733082
HIT 3 1589160050720 370 10204741627853975018
HIT 3 1589160050721 370 10713036699302106065
HIT 3 1451708317730 338 10086683692738532284
HIT 3 1589147467810 370 10159535828564144968
HIT 3 1958514655266 456 11106009883552034915
HIT 3 1451708579874 338 9300068199759696336
HIT 3 1451708973090 338 11096205298604855632
HIT 3 1589148057634 370 11488655212675801594
HIT 3 1589148123170 370 9762499908472411774
HIT 3 1451709431842 338 11511723470686840090
HIT 3 1958515769378 456 10286963683496316556
HIT 3 1451709759522 338 10098154174233307427
HIT 3 1958516097058 456 10947990210999512603
HIT 3 1451710414882 338 11065513521948027687
HIT 3 1589149564962 370 11363546288279514669
HIT 3 1451710677026 338 10431381295347934200
HIT 3 1589149696034 370 9867836822750197974
HIT 3 1589149761570 370 10795854046668179305
HIT 3 1958516949026 456 10856663682388256085
HIT 3 1589150416930 370 10261694919003027669
HIT 3 1451711987746 338 9305716870523676477
HIT 3 1958518194210 456 9321752894055370532
HIT 3 1451712380962 338 9567175671362862273
HIT 3 249110593573 58 10703102637651612763
HIT 3 1451712577570 338 10665120948803180327
HIT 3 1589151531042 370 10781216664980220757
HIT 3 1958518718498 456 10835386236396485308
HIT 3 1958519046178 456 10064624891570087120
HIT 3 1589151989794 370 9738396700379173334
HIT 3 1958519439394 456 11149460981968858727
HIT 3 1589152317474 370 9261098427384842467
HIT 3 1451713429538 338 9706574712688480567
HIT 3 1589152514082 370 10180331454025584214
HIT 3 1958520029218 456 9933536497296168377
HIT 3 1589153234978 370 9742683816326039122
HIT 3 1451714347042 338 11421761197411198037
HIT 3 1451714740258 338 10293229898468944395
HIT 3 1451715002402 338 11035031416846705555
HIT 3 1451715067938 338 10423201151863567217
HIT 3 1451702616100 338 10204338253679601513
HIT 3 1443112812580 336 11177669271842895565
HIT 3 1593436667940 371 9876411797314010666
HIT 3 257701904420 60 10703102637651612763
HIT 3 1451702812708 338 10874130748436445976
HIT 3 1451702747173 338 10504928908323026641
HIT 3 1589141700645 370 11415237072619439422
HIT 3 1589154283554 370 9740542179943344318
HIT 3 1589154611234 370 11295205856520966662
HIT 3 1958521864226 456 9578558490186506896
HIT 3 1451715788834 338 10564240531373962712
HIT 3 1589154742306 370 10380203114694748820
HIT 3 1958521995298 456 10941963831570260048
HIT 3 1451715919906 338 9618660913243535065
HIT 3 1958522060834 456 11049689041350448127
HIT 3 1589154938914 370 10757731104378249256
HIT 3 1589155069986 370 10469374933547417341
HIT 3 1451716968482 338 11018355399951446683
HIT 3 1451717165090 338 10751008938496449365
HIT 3 1451717361698 338 10512922084398496980
HIT 3 1589156315170 370 9751747641869103068
HIT 3 1958523568162 456 10876096854948296534
HIT 3 1958523699234 456 11455777933004090636
HIT 3 1589156642850 370 10476307463729310704
HIT 3 1589156708386 370 9994146197732338115
HIT 3 1958524354594 456 11116595065514625357
HIT 3 1958524747810 456 9319441022795410992
HIT 3 1589157691426 370 10556148279478574138
HIT 3 1958524944418 456 10342711143462735130
HIT 3 1958525009954 456 10449010547556518880
HIT 3 1589158084642 370 11338535554347727025
HIT 3 1451719196706 338 11121189255951747988
HIT 3 1589158346786 370 9359193150058700146
HIT 3 1451720048674 338 10576622556448495180
HIT 3 1451720507426 338 10774400642219281779
HIT 3 1451720769570 338 9736343445822555709
HIT 3 1958527041570 456 9507868507639900255
HIT 3 1580569985058 368 9792316266398200573
HIT 3 1451721031714 338 10203918861519781797
HIT 3 1589160050722 370 10407305753923364363
HIT 3 1593455018018 371 10568845675283759453
HIT 3 1687944298530 393 10896379380706158146
HIT 3 1696534233122 395 9531297085219108829
HIT 3 1808203382818 421 9276456693016154804
HIT 3 1821088284706 424 11022885306212634111
HIT 3 1872627892258 436 10964930334085152612
HIT 3 1906987630626 444 10238476737833945158
HIT 3 1924167499810 448 10412526639527522090
HIT 3 1992886976546 464 10046200588146198876
HIT 3 1997181943842 465 9661396394593644502
HIT 3 2061606453282 480 9263862647083849917
HIT 3 2070196387874 482 11450165492324284243
HIT 3 2108851093538 491 9264076651835822770
HIT 3 2143210831906 499 10097119899953454013
HIT 3 1593455083554 371 10636441545740783265
HIT 3 1962822271010 457 9885695439570331516
HIT 3 1580570247202 368 11428957817286196832
HIT 3 1589160968226 370 11398667072324897311
HIT 3 1958528155682 456 9920207929996743927
HIT 3 1958528221218 456 9433423351040318070
HIT 3 1589161164834 370 9834008194472155621
HIT 3 1958528352290 456 11375878756599553073
HIT 3 1589161230370 370 11230481183489042328
HIT 3 1958528483362 456 11010879086579358654
HIT 3 1589161361442 370 11274857148419013784
HIT 3 1589161492514 370 10678172355275457002
HIT 3 1958529007650 456 10552651511253186589
HIT 3 1657881624610 386 9959610732210627650
HIT 3 1705126264866 397 9577706170669757535
HIT 3 1739486003234 405 9421282545606488485
HIT 3 1743780970530 406 10212970137850828473
HIT 3 1756665872418 409 10362002868071733195
HIT 3 1791025610786 417 9865544362181846993
HIT 3 1812500447266 422 11369672740834493487
HIT 3 1855450120226 432 9433045203581138537
HIT 3 1928464564258 449 10449770142597510606
HIT 3 1971414237218 459 9414613400130324141
HIT 3 2061608550434 480 10710066113973482427
HIT 3 2070198485026 482 9330661721813180966
HIT 3 2078788419618 484 10944427360656048154
HIT 3 2113148157986 492 11156571191752229512
HIT 3 2151802863650 501 9807168056568560229
HIT 3 2194752536610 511 9687562835702037267
HIT 3 1597752148002 372 9907128754655115313
HIT 3 1962824368162 457 10002216028599778183
HIT 3 1958530252834 456 9832574553760599095
HIT 3 1958530383906 456 9970443996016153205
HIT 3 1958530580514 456 11081572454838915270
HIT 3 1958531039266 456 9476783659237724985
HIT 3 1958531760162 456 11202151454031913428
HIT 3 1958531825698 456 9396220348971402645
HIT 3 1958533464098 456 10286048864918209974
HIT 3 1958533595170 456 9894977029702595083
HIT 3 1460311097379 340 9782021392581089501
HIT 3 1958534905890 456 10053998993600016920
HIT 3 1967124906018 458 9853691359024674947
HIT 3 1980009807906 461 10359347748635000432
HIT 3 2018664513570 470 11098138686708334229
HIT 3 2121743728674 494 11019924576771659968
HIT 3 2181873270818 508 11143082206616127331
HIT 3 1971419938850 459 10359347748635000432
HIT 3 1975714906146 460 9853691359024674947
HIT 3 1451702747175 338 11068188506650859910
HIT 3 1580570116132 368 10791583493771436373
HIT 3 1958529466404 456 10713529478617392563
HIT 3 1589160050725 370 10603198183599059357
HIT 3 1958508888106 456 10837012179962746279
HIT 3 1589160050727 370 11183350594360507359
HIT 3 1958529335335 456 10715863713968996275
HIT 3 1958508888107 456 11088789190546022177
HIT 3 1451702747181 338 10791781271495868219
HIT 3 1589141700653 370 9290063479468165078
HIT 3 1451702747182 338 10343145734768832584
HIT 3 1589160050732 370 9362275540063828103
HIT 3 1958527238188 456 9875165221561087700
HIT 3 1958527238191 456 10267341640510071434
HIT 3 1958529335343 456 10008562412541882029
HIT 3 1589160050736 370 9844085461085779492
HIT 3 1958529335345 456 11304443199901640061
HIT 3 1958527238194 456 11494900908450481889
HIT 3 1451702616118 338 10375256708134789629
HIT 3 1589141569590 370 10565306026794881143
HIT 3 1451702747191 338 10375256708134789629
HIT 3 1589141700663 370 10565306026794881143
HIT 3 1589160050741 370 9388211367369805015
HIT 3 1589141700665 370 10069698815086597761
HIT 3 1958527238198 456 9964517334950221791
HIT 3 1451703009338 338 9457682558959802098
HIT 3 1958509215802 456 9516308134461877905
HIT 3 1589142356026 370 9472156758663935674
HIT 3 1589142487098 370 11349806542869654131
HIT 3 1451703992378 338 11498708357557682944
HIT 3 1589142945850 370 11155583356322080686
HIT 3 1451704057914 338 10135847703692863839
HIT 3 1589143142458 370 11500437169524441719
HIT 3 1958510329914 456 11109264456021201469
HIT 3 1589143339066 370 10265070514590717573
HIT 3 1451704451130 338 9392524346990936638
HIT 3 1589143535674 370 10004805618833337991
HIT 3 1451704778810 338 10781941406577844941
HIT 3 1451704844346 338 9642664246741220273
HIT 3 1589144125498 370 10672269028572559260
HIT 3 1958511575098 456 11186088589027372886
HIT 3 1589144649786 370 10279596818690982568
HIT 3 1958511902778 456 9894462654557791353
HIT 3 1451705827386 338 10709750027720715151
HIT 3 1589144780858 370 10277260222580071026
HIT 3 1589144846394 370 11483464535734431529
HIT 3 1958512033850 456 10869009806055239125
HIT 3 1451706351674 338 10919853397134381645
HIT 3 1958512492602 456 9826656882181838021
HIT 3 1451706548282 338 9326624987837423246
HIT 3 1589145501754 370 9281596124626477658
HIT 3 1451706875962 338 9346089366337595702
HIT 3 1958513016890 456 9229735836513383485
HIT 3 1451707400250 338 11178706713743264068
HIT 3 1451707465786 338 10515827173024940091
HIT 3 1589146615866 370 10868676905095980776
HIT 3 1451707727930 338 9459150010871334942
HIT 3 1451707793466 338 9401734413485303135
HIT 3 1589146746938 370 10730581995459848339
HIT 3 1958513934394 456 10830067528123748346
HIT 3 1589146943546 370 9289991281731410531
HIT 3 1597731766331 372 10611548076197063766
HIT 3 266291970107 62 10958677009710650333
HIT 3 1958509084731 456 9516308134461877905
HIT 3 1589147336762 370 10878995968007606357
HIT 3 1451708842042 338 11146150164554771437
HIT 3 1958515179578 456 10108931337749031772
HIT 3 1958515376186 456 10432857613099781959
HIT 3 1589148516410 370 9463247627261854911
HIT 3 1589148647482 370 9369943051762955491
HIT 3 1589148909626 370 10838247422238103668
HIT 3 1451710087226 338 9697457633661155934
HIT 3 1958516228154 456 10643722219268009258
HIT 3 1451710152762 338 11202085166521262635
HIT 3 1958516293690 456 11497657395082173164
HIT 3 1958516949050 456 9483291690814784371
HIT 3 1451710939194 338 10290779115541204039
HIT 3 1958517080122 456 9707333599143623820
HIT 3 1451711135802 338 11280737964865890339
HIT 3 1958517342266 456 11390893564703810005
HIT 3 1589150285882 370 10079746758565825450
HIT 3 1958517538874 456 10416102886926820937
HIT 3 1589150679098 370 11490363121882177446
HIT 3 1958517866554 456 10749135070486283228
HIT 3 1451711922234 338 11178377856769357190
HIT 3 1589150875706 370 9913612123852969829
HIT 3 1451711987770 338 10706961337806349497
HIT 3 1451712053306 338 9751594100318385361
HIT 3 1949937303608 454 10396638429542851424
HIT 3 1949939400760 454 10028838007378251991
HIT 3 1962824302648 457 10455504611752891224
HIT 3 1597752148024 372 10069698815086597761
HIT 3 1451712512058 338 10293530131235210242
HIT 3 1451712708666 338 11312485496649243110
HIT 3 1589151727674 370 10179904277188646573
HIT 3 1958519177274 456 9229785964891130102
HIT 3 1958519308346 456 10138951168367514328
HIT 3 1589152514106 370 11034533072168391138
HIT 3 1451713626170 338 11221898370611894796
HIT 3 1451714019386 338 9510353464920175161
HIT 3 1451714150458 338 9948361310127693878
HIT 3 1451714347066 338 10307535364359624243
HIT 3 1589153366074 370 11195386575896127675
HIT 3 1451714478138 338 10635582005124938848
HIT 3 1958520750138 456 11162196297838419078
HIT 3 1958521012282 456 10348394644165422918
HIT 3 1589153890362 370 10189611243530324495
HIT 3 1958521143354 456 11150557552564368358
HIT 3 1589154086970 370 9966488928773025798
HIT 3 1958521339962 456 11312412481330779804
HIT 3 1451715330106 338 11166664812879593299
HIT 3 1451715395642 338 10055440946774858492
HIT 3 1589154414650 370 11347832249949863018
HIT 3 1958521929786 456 10019701002036694204
HIT 3 1451715919930 338 10754458252742141819
HIT 3 1589154938938 370 11457239383926284020
HIT 3 1451716444218 338 9532385529262582855
HIT 3 1451716509754 338 11491840098068816890
HIT 3 1451716640826 338 10037940623198932049
HIT 3 1958522912826 456 10983734872564512862
HIT 3 1589155856442 370 10727804042354073861
HIT 3 1958523043898 456 9640977576880312569
HIT 3 1589155921978 370 9824971839894785099
HIT 3 1958523437114 456 9765721089853796801
HIT 3 1451717558330 338 10375683070795109191
HIT 3 1958523961402 456 10780423159211674786
HIT 3 1589156905018 370 10992236970570637252
HIT 3 1958524158010 456 11300512628981173043
HIT 3 1451718082618 338 9886908121474668534
HIT 3 1958524289082 456 9456236447505921596
HIT 3 1589157167162 370 10209644247170968639
HIT 3 1451718410298 338 11348912901009832366
HIT 3 1589157429306 370 10563853614738919778
HIT 3 1958524682298 456 10776921018343450671
HIT 3 1451718672442 338 11228961456720726483
HIT 3 1451718869050 338 9717782589544644903
HIT 3 1451719000122 338 10003431227843883744
HIT 3 1589158084666 370 10957793025010955302
HIT 3 1589158215738 370 9563161831899901838
HIT 3 1589158281274 370 10448667432041875931
HIT 3 1958525534266 456 9558637893016117676
HIT 3 1589158477882 370 10075633558504023618
HIT 3 1451719655482 338 9280803586557969747
HIT 3 1958525796410 456 9919123581811766633
HIT 3 1589158674490 370 9625643407408535950
HIT 3 1958525861946 456 9646438992582119706
HIT 3 1451719852090 338 11144239549299358704
HIT 3 1451720179770 338 10784185448081077823
HIT 3 1589159133242 370 11410409199507454889
HIT 3 1589159329850 370 11202927312538156628
HIT 3 1451720572986 338 11336610826220133906
HIT 3 1958526844986 456 11296585678697486500
HIT 3 1451720769594 338 10832858821201517863
HIT 3 1443130900538 336 10568141520192661356
HIT 3 1451720900666 338 10568141520192661356
HIT 3 1580569985082 368 10227682851840197682
HIT 3 1958527107130 456 10660403978059988289
HIT 3 1958527172666 456 9749270331158026569
HIT 3 1486080835642 346 9539920400529968307
HIT 3 1494670770234 348 10714470050180903394
HIT 3 1516145606714 353 11311175127278895298
HIT 3 1529030508602 356 9526479504492586571
HIT 3 1546210377786 360 10944703715865570637
HIT 3 1559095279674 363 10123349062914632296
HIT 3 1623519789114 378 9338831514527558407
HIT 3 1636404691002 381 9397723535398809649
HIT 3 1670764429370 389 10289084990787662239
HIT 3 1683649331258 392 9953605468938323686
HIT 3 1713714102330 399 9502090028072037535
HIT 3 1730893971514 403 9962717021691077016
HIT 3 1735188938810 404 10988282245539877819
HIT 3 1739483906106 405 9277119200384271746
HIT 3 1748073840698 407 11095752212561998486
HIT 3 1756663775290 409 10026653781880120690
HIT 3 1760958742586 410 10190336198597928953
HIT 3 1829678219322 426 10778997437752156529
HIT 3 1846858088506 430 9630166345941242177
HIT 3 1889807761466 440 9863731378624679023
HIT 3 1898397696058 442 9991539473697678564
HIT 3 1911282597946 445 10522006065923479576
HIT 3 1967117172794 458 10667259737533993790
HIT 3 1988592009274 463 10399117662436242538
HIT 3 2014361813050 469 10066025924060098013
HIT 3 2048721551418 477 9781037258639828745
HIT 3 2070196387898 482 10791957266652164164
HIT 3 2095966191674 488 9331954494434579138
HIT 3 2130325930042 496 9736589002673169115
HIT 3 1958527303738 456 10492603345175953813
HIT 3 1589161295930 370 10518629970543101454
HIT 3 1589161427002 370 9999701615797159414
HIT 3 1589161492538 370 10745781166787810840
HIT 3 1627816853562 379 10426731685157465676
HIT 3 1649291690042 384 10218688139604033799
HIT 3 1687946395706 393 10027668160859638919
HIT 3 1705126264890 397 10059920567121533300
HIT 3 1713716199482 399 11147640346182826293
HIT 3 1735191035962 404 10639879666841424861
HIT 3 1799615545402 419 9932086822825611333
HIT 3 1825385349178 425 10167047362463138750
HIT 3 1855450120250 432 9891075650778836061
HIT 3 1885514891322 439 10528221755601045410
HIT 3 1894104825914 441 10270397389945440087
HIT 3 1949939400762 454 10488638949752253632
HIT 3 2108853190714 491 11263037896141453671
HIT 3 2121738092602 494 11186721311796236203
HIT 3 1606342213690 374 10611548076197063766
HIT 3 1958529794106 456 11143976314520270172
HIT 3 1958530449466 456 11297649978231922031
HIT 3 1958531694650 456 10403433231653176625
HIT 3 1958531760186 456 11329896073430426083
HIT 3 1958532284474 456 11242960601438595214
HIT 3 1958532350010 456 10924247785264627522
HIT 3 1958533005370 456 11246213771947438247
HIT 3 1958533070906 456 10608812772585326255
HIT 3 1975714840634 460 11467298053766707155
HIT 3 2001484644410 466 10821663183143370203
HIT 3 2018664513594 470 9363388060983749555
HIT 3 2031549415482 473 10849763414795106978
HIT 3 2044434317370 476 11334823668065885905
HIT 3 2057319219258 479 9858290796371989024
HIT 3 2061614186554 480 9453829244994797652
HIT 3 2070204121146 482 11192401446433779487
HIT 3 2074499088442 483 11479969530704177422
HIT 3 2078794055738 484 10829403082662811779
HIT 3 2083089023034 485 9727231704114128109
HIT 3 2108858826810 491 10901872254850692652
HIT 3 2143218565178 499 9475294884826630228
HIT 3 2177578303546 507 9401001863076882030
HIT 3 1589159919675 370 10814505862041157100
HIT 3 1958527107131 456 10881497709432677772
HIT 3 1958529204283 456 9824419515107392665
HIT 3 1967119269947 458 10820129946295939943
HIT 3 1958527238204 456 10408617759675076601
HIT 3 1958527369276 456 10713529478617392563
HIT 3 1958529335357 456 9283161643997170418
HIT 3 1589160050750 370 11143153949104139774
HIT 3 1958529335358 456 10837887891294464219
HIT 3 1958529335359 456 11203651088726817075
HIT 3 1958527238210 456 10358483366338413919
HIT 3 1589160050755 370 9996827488121207675
HIT 3 1958527238220 456 9912739375896454080
HIT 3 1958527238221 456 11431808054627833789
HIT 3 1589160050767 370 11498137298044086916
HIT 3 1958527238223 456 10905775351826820081
HIT 3 1958527238224 456 9729774611182060100
HIT 3 1589160050769 370 9863810854054615425
HIT 3 1958527238230 456 10193469836727220397
HIT 3 1958529335382 456 9271662763860964367
HIT 3 1958529335384 456 10489763751028349662
HIT 3 1958529335387 456 11044368823146758721
HIT 3 1589160050780 370 9408532274965338380
HIT 3 1589160050783 370 9294209548282085219
HIT 3 1958527238239 456 10544203387850439733
HIT 3 1589160050787 370 9821401824163106801
HIT 3 1958529335393 456 9575334602080350812
HIT 3 1958529335395 456 9416481718946477208
HIT 3 1589160050794 370 11010359669900264226
HIT 3 1958527238250 456 9913638817452589611
HIT 3 1958527238251 456 9546049997965366864
HIT 3 1958527238252 456 9418469731923833304
HIT 3 1958529335407 456 10296948701328117843
HIT 3 1589160050800 370 10541106142966219929
HIT 3 1589160050804 370 9914244280365133496
HIT 3 1958529335415 456 9380980700521307684
HIT 3 1958529335424 456 10864968179019226690
HIT 3 1589160050817 370 10534232581596658629
HIT 3 1589160050820 370 9425934009798408098
HIT 3 1958529335428 456 9953567165931474393
HIT 3 1589160050825 370 10088543557514141124
HIT 3 1958527238281 456 9273338933862903614
HIT 3 1589160050824 370 11186490870149281497
HIT 3 1958529335432 456 10048118204752365015
HIT 3 1589160050827 370 9873290988796168307
HIT 3 1958527238284 456 9867103200471582575
HIT 3 1958529335437 456 9650268859832119956
HIT 3 1589160050837 370 10716336739182465116
HIT 3 1589160050839 370 9963750292836880564
HIT 3 1589160050841 370 10990048507251578396
HIT 3 1958529335451 456 10168289478044567664
HIT 3 1589160050849 370 10788948200537710351
HIT 3 1958529335457 456 10708002880230722623
HIT 3 1589160050851 370 9700197419651183041
HIT 3 1958527238310 456 9658801072971175987
HIT 3 1958527238313 456 10764007531558967126
HIT 3 1589160050858 370 10083848367032093687
HIT 3 1958529335468 456 10686480655035387949
HIT 3 1589160050864 370 9703292096423455971
HIT 3 1589160050866 370 10358062366466448164
HIT 3 1958529335474 456 10427371136504172731
HIT 3 1589160050870 370 11348481271963022324
HIT 3 1589160050872 370 9980755991212934413
HIT 3 1589160050873 370 9918656689916590057
HIT 3 1958527238333 456 9881072688136528868
HIT 3 1958529335489 456 10850441987374348855
HIT 3 1958527238349 456 9529853461538517940
HIT 3 1958527238352 456 9906598624292961028
HIT 3 1958529335504 456 9979263156664466036
HIT 3 1958529335503 456 10607014035358754480
HIT 3 1958527238354 456 9269026981839634714
HIT 3 1958529335507 456 10410683817691713097
HIT 3 1958529335510 456 10398599453985010193
HIT 3 1958529335515 456 9604337821322823249
HIT 3 1958527238365 456 9696700450134734862
HIT 3 1958529335524 456 10188571160651528107
HIT 3 1958529335528 456 10248122399702234764
HIT 3 1958527238377 456 10271811073371978374
HIT 3 1958529335529 456 10138104325828602231
HIT 3 1958529335531 456 9959974168702203415
HIT 3 1589160050924 370 11382628798832850988
HIT 3 1958529335537 456 10288164096822791880
HIT 3 1589160050930 370 10376688818240561269
HIT 3 1958527238386 456 9711000096442864263
HIT 3 1589160050931 370 10054875520331681626
HIT 3 1958527238390 456 11294341114184018572
HIT 3 1958529335547 456 9812322808316565987
HIT 3 1958529335554 456 9923859953915046810
HIT 3 1589160050948 370 11040145429006497377
HIT 3 1589160050952 370 10212004686289472848
HIT 3 1958529335559 456 9557314917074786494
HIT 3 1589160050961 370 11512992008134232721
HIT 3 1958527238418 456 10620661058274240289
HIT 3 1958529335584 456 11515517419859397392
HIT 3 1589160050978 370 10798844841790419941
HIT 3 1589160050983 370 9455231799266285803
HIT 3 1958529335591 456 11438728640701352434
HIT 3 1958527238441 456 9753378946098713618
HIT 3 1589160050987 370 10524879995342180951
HIT 3 1958529335597 456 10753993032411389425
HIT 3 1589160050990 370 10718702251489106368
HIT 3 1958529335598 456 9567954503838923156
HIT 3 1958529335599 456 9896220851689222980
HIT 3 1589160050992 370 9868861824935766706
HIT 3 1958529335601 456 9645140984781606175
HIT 3 1589160050995 370 11400678757862315989
HIT 3 1958527238451 456 10363764715714193189
HIT 3 1958527238450 456 10331337634311358540
HIT 3 1958529335602 456 9842860913999984734
HIT 3 1958529335604 456 10117734603668486190
HIT 3 1589160051001 370 9482593422816489320
HIT 3 1958529335613 456 11050258138968998754
HIT 3 1589160051008 370 10385445116550948807
HIT 3 1589160051015 370 11199135759323954120
HIT 3 1958527238472 456 10322057604240807997
HIT 3 1958529335624 456 10208217084804107092
HIT 3 1958527238478 456 9471177290052615040
HIT 3 1589160051024 370 10317289116242016177
HIT 3 1958529466704 456 11011978910627389212
HIT 3 1958527238481 456 10498484053064200925
HIT 3 1589160182097 370 10317289116242016177
HIT 3 1958529335630 456 9475123155819902543
HIT 3 1967124971856 458 10498484053064200925
HIT 3 1958527369554 456 11455480002765321785
HIT 3 1949937434963 454 9876969554818180266
HIT 3 1958527500627 456 11455480002765321785
HIT 3 1962824302931 457 11376458963013735073
HIT 3 1958529466707 456 11233744147646634369
HIT 3 1958527762770 456 9834457824884063935
HIT 3 1958527828306 456 9361072557449349524
HIT 3 1958528221522 456 10220759230965721332
HIT 3 1589161361746 370 9409390783692196085
HIT 3 1653586657618 385 10638596840257117642
HIT 3 1718011167058 400 9436202784396318664
HIT 3 1825385349458 425 10863158436989642032
HIT 3 1851155153234 431 10234206982553775154
HIT 3 1859745087826 433 10715968240334236141
HIT 3 1975709204818 460 11270849445242186444
HIT 3 2005773975890 467 11258503338046922580
HIT 3 2031543779666 473 11212993762878420347
HIT 3 2053018616146 478 10727912977077622916
HIT 3 2091673321810 487 10751378900154729258
HIT 3 2095968289106 488 10548520688535140724
HIT 3 2104558223698 490 9471279568836891563
HIT 3 2130328027474 496 9832913856645815689
HIT 3 2151802863954 501 10332527019764156051
HIT 3 2177572667730 507 10539383349188966861
HIT 3 2181867635026 508 10149397231623665228
HIT 3 1958529401170 456 10878804904077318048
HIT 3 1962824368466 457 10103086061146481424
HIT 3 1949939532114 454 11518702650664960771
HIT 3 1958530056530 456 10975792830521155539
HIT 3 1958530449746 456 11230656144563297176
HIT 3 1958532809042 456 11024913542437510362
HIT 3 1958533464402 456 9236061161244003078
HIT 3 1958533857618 456 10903263366483332106
HIT 3 1958533923154 456 9977551873234642684
HIT 3 1958534054226 456 9878778199919058663
HIT 3 1958534185298 456 11120930935387144204
HIT 3 1958534512978 456 9601375964666739971
HIT 3 1958534709586 456 9379514637284273374
HIT 3 1958534906194 456 9876969554818180266
HIT 3 2134628630866 497 10855709015194666561
HIT 3 2143218565458 499 9755407990305882725
HIT 3 2164693401938 504 10580450919288099470
HIT 3 2173283336530 506 10276250885705522641
HIT 3 1958529335642 456 10393716996822878542
HIT 3 1958529663346 456 11095657232173291892
HIT 3 1958530253170 456 10778441061087409007
HIT 3 1958530908530 456 11492751893036807120
HIT 3 1958531170674 456 9416841252744913453
HIT 3 1958531301746 456 10295526697756112999
HIT 3 1958531432818 456 9837845808928378216
HIT 3 1958529532275 456 11095657232173291892
HIT 3 1958532415858 456 11091399965966237574
HIT 3 1958532874610 456 9562180435258191840
HIT 3 1958533267826 456 9698491392566654847
HIT 3 1958533529970 456 11099144339202168444
HIT 3 1958534250866 456 10075996971671588905
HIT 3 1958534447474 456 9719619834309916671
HIT 3 1958534644082 456 10953955254374382717
HIT 3 1949944775026 454 10929022969413324346
HIT 3 1958534775154 456 10929022969413324346
HIT 3 2014369546610 469 10431045671384818273
HIT 3 2018664513906 470 9635935818769595100
HIT 3 2022959481202 471 9562492678917467782
HIT 3 2151808500082 501 9885459231239606764
HIT 3 2164693401970 504 9417410342020258702
HIT 3 1975715037641 460 9470921758550294996
DONE data/p_c0.txt sz=3 range=[0,512) n=22108160 zero=0 46.7s
