HIT 1 59 59 977237961008521009
DONE data/p_ones.txt sz=1 range=[0,512) n=512 zero=0 1.4s
HIT 2 3997754 61 977237961008521009
HIT 2 24379450 372 1359209134884689015
HIT 2 5177403 79 135571452200982007
HIT 2 5636155 86 2101056633317979165
HIT 2 15269947 233 730185552328891661
HIT 2 15401019 235 716365503620312054
HIT 2 5767247 88 1717920763871273762
HIT 2 24379479 372 1180712436113171116
DONE data/p_ones.txt sz=2 range=[0,512) n=130560 zero=0 9.0s
HIT 3 1597743235075 372 1347567215136854365
HIT 3 369371054084 86 1679503654832675863
HIT 3 1009321181190 235 563132976028008854
HIT 3 1597731700742 372 1877734697144294235
HIT 3 1597731700743 372 2109857592168573969
HIT 3 1597733011462 372 103312594162217145
HIT 3 1597733470213 372 653732858023099103
HIT 3 1009322950660 235 776663247376353725
HIT 3 339306283018 79 1844807201891476208
HIT 3 369371054090 86 1620235607976994054
HIT 3 1597731700746 372 646756394271458068
HIT 3 369372364811 86 2082541110497265545
HIT 3 1597733470219 372 2294139607362450666
HIT 3 1009321181193 235 61895997887846445
HIT 3 1009322950665 235 1955650912428873145
HIT 3 1009322950669 235 621825083643849850
HIT 3 369371054092 86 1581563464306011257
HIT 3 339306283022 79 894589862950575439
HIT 3 369371054094 86 126734915754769921
HIT 3 369372364812 86 975259625433590404
HIT 3 1009322950668 235 393787192089918346
HIT 3 339306283024 79 388322280743537530
HIT 3 369371054098 86 1851967954259582656
HIT 3 1597733470225 372 1582127928743096851
HIT 3 1009322491922 235 642248410346255000
HIT 3 1597743235088 372 1163841349649889376
HIT 3 369372364819 86 1836158094071079681
HIT 3 1597733011476 372 1021891562519637054
HIT 3 339306283030 79 668727479527287022
HIT 3 369371054102 86 354559457895442123
HIT 3 369372364822 86 730284708784462288
HIT 3 1597743235093 372 2286819784128948519
HIT 3 1009321181207 235 855586617002291199
HIT 3 1597733470231 372 753720924380900212
HIT 3 339306283033 79 2251739227256806622
HIT 3 1009322950680 235 1903524820444308896
HIT 3 1009322491929 235 625265541656060693
HIT 3 339306283034 79 435516983019759495
HIT 3 1597733470234 372 2170312914662095097
HIT 3 1597743235097 372 676998225403332540
HIT 3 369371054109 86 2260782882888336051
HIT 3 1009322950685 235 1359231104582004058
HIT 3 1009322950686 235 100597995230730204
HIT 3 369371054111 86 370633969344055014
HIT 3 369371054113 86 1655907009156020854
HIT 3 369372364832 86 1104269135909376291
HIT 3 1009322950688 235 818475315674387603
HIT 3 1597743235103 372 1837489962691034396
HIT 3 369372364834 86 269377635901827871
HIT 3 1009321181219 235 52713064983717907
HIT 3 339306283044 79 2100269001653168776
HIT 3 1597733011492 372 763281503713224660
HIT 3 369371054117 86 1574506667689543302
HIT 3 1597731700773 372 507949037528747573
HIT 3 369371054118 86 2237722321205881595
HIT 3 1009321181222 235 1094364284665498038
HIT 3 1009321181223 235 1762865187062380193
HIT 3 1597731700775 372 1110651335633364597
HIT 3 1009322491943 235 715813867367391900
HIT 3 1597733470247 372 761298879268836302
HIT 3 339306283048 79 83427578475290108
HIT 3 369371054120 86 992039949754657755
HIT 3 1597733470248 372 1096433597656902917
HIT 3 369371054122 86 1052463119183215400
HIT 3 369372364842 86 92711062360793115
HIT 3 1009322491946 235 1332627134122429121
HIT 3 1597733470250 372 565369042816193276
HIT 3 369371054124 86 428803310241808543
HIT 3 1009321181229 235 502929301139188291
HIT 3 1597731700781 372 1384358283807172991
HIT 3 1597731700782 372 434760797785383518
HIT 3 369372364846 86 1739232466437751047
HIT 3 1597733011502 372 1992454002150589959
HIT 3 1597733011503 372 538196004795594030
HIT 3 369371054128 86 1782851964462415625
HIT 3 369371054130 86 1756542688527180687
HIT 3 1597731700787 372 663101553269211144
HIT 3 369372364851 86 1913631545663027293
HIT 3 339306283060 79 1979794391603982080
HIT 3 1597733011510 372 2062210719649723365
HIT 3 1597743235124 372 380155061829945966
HIT 3 369371054135 86 241225511674206588
HIT 3 1597733011512 372 2124343505364888
HIT 3 1009322360889 235 972376950917735947
HIT 3 1597732880441 372 1509092928124613502
HIT 3 1597732945977 372 1060355509142264718
HIT 3 270586871866 63 977237961008521009
HIT 3 339306348602 79 1727952378500119194
HIT 3 339306414138 79 135571452200982007
HIT 3 369371185210 86 2101056633317979165
HIT 3 1000731377722 233 730185552328891661
HIT 3 1009321312314 235 716365503620312054
HIT 3 369372299322 86 2106201738133598005
HIT 3 1009322426426 235 830584918998216638
HIT 3 1005027524665 234 1162597640694260777
HIT 3 1005027983417 234 1155214585398712152
HIT 3 1597733601337 372 557771548288804099
HIT 3 377962299450 88 1574858608856491561
HIT 3 1009322623034 235 518252651600310862
HIT 3 1597733142586 372 1972249557985255994
HIT 3 1017912885306 237 593280323011471927
HIT 3 1009323016250 235 1860623976016315348
HIT 3 1597743235128 372 308708470458821067
HIT 3 1597731766331 372 1359209134884689015
HIT 3 339306479675 79 1727952378500119194
HIT 3 369371381819 86 1517391414543703886
HIT 3 369371578427 86 2201633106685638287
HIT 3 339306872891 79 561531301841557657
HIT 3 339306938427 79 1181522056041703798
HIT 3 1597732356155 372 2264361800137320389
HIT 3 1009321902139 235 2225930601059112586
HIT 3 1597732421691 372 555392589986372981
HIT 3 1597732487227 372 311282474600083704
HIT 3 339307200571 79 1360173707656543451
HIT 3 1597732749371 372 1285898223116638829
HIT 3 360782299195 84 205628601279998519
HIT 3 347897462843 81 135571452200982007
HIT 3 356487397435 83 1512157301496716965
HIT 3 347897528379 81 1512157301496716965
HIT 3 356487462971 83 2276146028271327430
HIT 3 365077397563 85 1289640852267973603
HIT 3 408027070523 95 2119095770275380233
HIT 3 438091841595 102 1995660952495211460
HIT 3 489631449147 114 885353581949938570
HIT 3 502516351035 117 1251437232448946200
HIT 3 515401252923 120 390808465450701188
HIT 3 562645893179 131 1483287901993557780
HIT 3 579825762363 135 323785610524941925
HIT 3 584120729659 136 1707616819074939427
HIT 3 588415696955 137 1602460798086644928
HIT 3 627070402619 146 2080905672700149264
HIT 3 648545239099 151 511515771292028321
HIT 3 657135173691 153 1326410248264296325
HIT 3 678610010171 158 2290948802377727126
HIT 3 708674781243 165 993299010361605352
HIT 3 717264715835 167 1929147523876310732
HIT 3 751624454203 175 485977664081410037
HIT 3 785984192571 183 1410108090133944536
HIT 3 824638898235 192 638550615005185675
HIT 3 854703669307 199 2114943411877804982
HIT 3 867588571195 202 784025580143057482
HIT 3 871883538491 203 202785919881339961
HIT 3 897653342267 209 1795175989733753812
HIT 3 910538244155 212 966229488712415425
HIT 3 949192949819 221 1132496044220114876
HIT 3 974962753595 227 828574717194304989
HIT 3 1073747001403 250 1842728972573324104
HIT 3 1078041968699 251 61209860491659503
HIT 3 1090926870587 254 1103546649657578547
HIT 3 1103811772475 257 547919637983629485
HIT 3 1129581576251 263 1109828390939182115
HIT 3 1133876543547 264 2140101133254728548
HIT 3 1211185954875 282 397393829634863267
HIT 3 1215480922171 283 1371926584371805177
HIT 3 1228365824059 286 22462083049939099
HIT 3 1305675235387 304 409539486855313851
HIT 3 1314265169979 306 918310254260906654
HIT 3 1327150071867 309 453426653246840995
HIT 3 1408754450491 328 861713180340899420
HIT 3 1425934319675 332 1199839021477635841
HIT 3 1460294058043 340 1748854225961850595
HIT 3 1529013534779 356 235262756797849099
HIT 3 1533308502075 357 1536305362558960641
HIT 3 1554783338555 362 736163535282826103
HIT 3 1563373273147 364 1900449930350794854
HIT 3 1580553142331 368 2186100427666721996
HIT 3 1593438044219 371 1582588871888858831
HIT 3 1632092749883 380 2112633890107114835
HIT 3 1692222292027 394 505039879462020274
HIT 3 1730876997691 403 2015046845159853566
HIT 3 1778121637947 414 704992189492612788
HIT 3 1808186409019 421 590350464319666624
HIT 3 1816776343611 423 1368954348792773796
HIT 3 1829661245499 426 806387179819675707
HIT 3 1842546147387 429 556347174147837888
HIT 3 1872610918459 436 152702510432647554
HIT 3 1911265624123 445 1030468146639730077
HIT 3 1958510264379 456 915505606244705913
HIT 3 1971395166267 459 254062317522237426
HIT 3 2018639806523 470 600401116310100990
HIT 3 2027229741115 472 1761085459574415277
HIT 3 2031524708411 473 364596609613543526
HIT 3 2044409610299 476 1562010313002114419
HIT 3 2173258629179 506 625506124923015746
HIT 3 2181848563771 508 373161407537353964
HIT 3 377962758203 88 1619491186252147637
HIT 3 446682234939 104 1113378605481457701
HIT 3 485336940603 113 2130105742865195396
HIT 3 528286613563 123 2239471941332195821
HIT 3 549761450043 128 2107403595562768309
HIT 3 609890992187 142 185381247913857061
HIT 3 618480926779 144 1614798475368092377
HIT 3 622775894075 145 932982378512139790
HIT 3 700085305403 163 130839285596776257
HIT 3 773099749435 180 2229453724502523886
HIT 3 816049422395 190 104123784414396541
HIT 3 824639356987 192 481134969370157099
HIT 3 854704128059 199 558043815266437224
HIT 3 923423604795 215 1261511601374621204
HIT 3 949193408571 221 567192801598656345
HIT 3 979258179643 228 1994710507965248648
HIT 3 1035092754491 241 199763400004971709
HIT 3 1065157525563 248 208819189289515856
HIT 3 1095222296635 255 18764761367612160
HIT 3 1138171969595 265 1093662946588480886
HIT 3 1172531707963 273 1709358593657264456
HIT 3 1198301511739 279 1125811668634710971
HIT 3 1215481380923 283 1030360773891088888
HIT 3 1228366282811 286 1483257518129219180
HIT 3 1236956217403 288 2241839883833476191
HIT 3 1254136086587 292 1311193950345640344
HIT 3 1267020988475 295 657491664091699849
HIT 3 1340035432507 312 976369130722933831
HIT 3 1395870007355 325 2049671542535946375
HIT 3 1408754909243 328 981745478603236713
HIT 3 1503244189755 350 2114635643495487460
HIT 3 1584848568379 369 1324781326060711520
HIT 3 1627798241339 379 1530359006677770826
HIT 3 1700812685371 396 2169701709191420965
HIT 3 1713697587259 399 1143880509931384128
HIT 3 1756647260219 409 1210462209663322250
HIT 3 1949920788539 454 2254137347331388426
HIT 3 1979985559611 461 595695105331802506
HIT 3 2044410069051 476 900218719977394500
HIT 3 2065884905531 481 1778343640845639348
HIT 3 2104539611195 490 567556102444866947
HIT 3 2113129545787 492 1486952345279195816
HIT 3 2130309414971 496 1092535231115370973
HIT 3 2138899349563 498 1376181247981809480
HIT 3 2156079218747 502 1943744791771415227
HIT 3 2173259087931 506 1255631935973005849
HIT 3 2190438957115 510 534454719109939688
HIT 3 377962823739 88 2101056633317979165
HIT 3 386552758331 90 1619491186252147637
HIT 3 1000733081659 233 1560746498423118986
HIT 3 1606323470395 374 260795876163310356
HIT 3 1005028114491 234 885227528072924520
HIT 3 1597733929019 372 1610731107047855334
HIT 3 1597733994555 372 1360046992170684975
HIT 3 1597743104057 372 17769054148233729
HIT 3 1597743366201 372 41979186652053722
HIT 3 1602038202426 373 1377858719106055430
HIT 3 1597734256699 372 605972075685251430
HIT 3 1009323802683 235 773976030847518586
HIT 3 1009324523579 235 984425761477376700
HIT 3 1597735174203 372 459168232497812132
HIT 3 1009324785723 235 256349847645524427
HIT 3 1597735305275 372 1873542540364056892
HIT 3 1009324851259 235 230086502239942509
HIT 3 1597735370811 372 1590355622488720872
HIT 3 1009324982331 235 1988689010567612324
HIT 3 1597735501883 372 2085030375691612535
HIT 3 1009325178939 235 714803062037332838
HIT 3 1597735829563 372 325392702269828672
HIT 3 1009325375547 235 1703493443951638219
HIT 3 1009325637691 235 1346248933235732345
HIT 3 1597736157243 372 455207190910679777
HIT 3 1597736484923 372 1480868823159162643
HIT 3 1009326096443 235 276477372377272917
HIT 3 1009326161979 235 1701217811018749908
HIT 3 1597736878139 372 1633077162433165260
HIT 3 1597737140283 372 474876690352778794
HIT 3 1009327734843 235 435416855402886327
HIT 3 1597738254395 372 1003730244326640173
HIT 3 1009328324667 235 1315011064731077071
HIT 3 1009328521275 235 214374398370187481
HIT 3 1009329176635 235 1784929801815997424
HIT 3 1597739761723 372 1509175744321708527
HIT 3 1009329373243 235 1580979124926536505
HIT 3 1009329438779 235 1176715844811351055
HIT 3 1606342213690 374 1359209134884689015
HIT 3 1009329635387 235 823574778443340614
HIT 3 1597740220475 372 1795907380193185276
HIT 3 1597740351547 372 1588887137199761164
HIT 3 1597740941371 372 573745017005591303
HIT 3 1597741924411 372 1772161109379892005
HIT 3 1009331470395 235 1427660405506090861
HIT 3 1009331535931 235 2045788850051473659
HIT 3 1009331601467 235 1917768243861904204
HIT 3 1597742186555 372 1423725351935232207
HIT 3 1597742317627 372 2201487521529434394
HIT 3 1009322491965 235 588608408382125100
HIT 3 1017912426557 237 1369321136359191089
HIT 3 1009332518971 235 730185552328891661
HIT 3 1017922584635 237 716365503620312054
HIT 3 1047987421243 244 1924600188669248234
HIT 3 1099527028795 256 1424302277713799719
HIT 3 1133886767163 264 1171067806009697468
HIT 3 1138181734459 265 1377727865969611437
HIT 3 1142476701755 266 1652303271757638633
HIT 3 1168246505531 272 1964469369123345317
HIT 3 1215491145787 283 1542544074587025048
HIT 3 1249850884155 291 2227162309999933130
HIT 3 1340045197371 312 1401038379619793436
HIT 3 1443124412475 336 2247381598046040082
HIT 3 1541908660283 359 1366565144005012402
HIT 3 1554793562171 362 386531457952352703
HIT 3 1593448267835 371 2249147411720935977
HIT 3 1640692908091 382 1896051895464490641
HIT 3 1692232515643 394 956489857233683206
HIT 3 1718002319419 400 2100180539345727050
HIT 3 1743772123195 406 1827676727749672784
HIT 3 1864031207483 434 2011658777932178226
HIT 3 1872621142075 436 1593106678813790671
HIT 3 1885506043963 439 1795059405872776312
HIT 3 1902685913147 443 94833762522772891
HIT 3 1958520487995 456 2213184837181689870
HIT 3 1971405389883 459 2019464325141342245
HIT 3 1984290291771 462 2284539726740982760
HIT 3 1992880226363 464 689732453257372563
HIT 3 2010060095547 468 2106238071574367260
HIT 3 2083074539579 485 1764215633539039275
HIT 3 2100254408763 489 1796938805148355570
HIT 3 2130319179835 496 895439508514550110
HIT 3 2168973885499 505 1668246598217258374
HIT 3 2194743689275 511 2271781992060908839
HIT 3 1597743956027 372 2075877135027665907
HIT 3 1597744218171 372 397346474861131494
HIT 3 1009322950718 235 1857362362359718031
HIT 3 1597733470270 372 1865186583203139868
HIT 3 1597744873531 372 618458478003945745
HIT 3 1597744939067 372 1723722428855471114
HIT 3 1597745201211 372 1476473256825295235
HIT 3 1597745463355 372 87449490914482979
HIT 3 1597745594427 372 1876700313700787945
HIT 3 1597745791035 372 1893067472225751449
HIT 3 1597746511931 372 1189555014680573371
HIT 3 1597746577467 372 897248884009834727
HIT 3 1597746774075 372 2260203657680854903
HIT 3 1597747363899 372 792225330981928136
HIT 3 1597747494971 372 1976717922000310563
HIT 3 1597747691579 372 297982245352272034
HIT 3 1597748150331 372 395608643700446864
HIT 3 1597749133371 372 1682238765665485678
HIT 3 1597749198907 372 107925379268754333
HIT 3 1597749657659 372 1951988619069878807
HIT 3 1597749723195 372 1869403550204119557
HIT 3 1597750313019 372 259306347853970832
HIT 3 1597750444091 372 932448963843345793
HIT 3 1597750575163 372 1280403921075329023
HIT 3 1597750837307 372 2144845705384881288
HIT 3 1597751623739 372 745764398519730791
HIT 3 1597751754811 372 403130538775120243
HIT 3 1619227050043 377 823784048640224541
HIT 3 1722306265147 401 206195860179087884
HIT 3 1743781101627 406 302971200758032823
HIT 3 1756666003515 409 659103765596192913
HIT 3 1778140839995 414 2133250857709165880
HIT 3 1799615676475 419 1904643172987327726
HIT 3 1803910643771 420 780127995563524225
HIT 3 1812500578363 422 1466673133513130371
HIT 3 1821090512955 424 1000004947379525121
HIT 3 1829680447547 426 40762413983753911
HIT 3 1889809989691 440 1487758805000056697
HIT 3 1932759662651 450 1988039500536760331
HIT 3 1984299270203 462 836446443805459483
HIT 3 1992889204795 464 1754488496321503972
HIT 3 2070198616123 482 270929879923511462
HIT 3 2126033190971 495 1192333479960093640
HIT 3 2160392929339 503 114766352336780731
HIT 3 1610637180987 375 823784048640224541
HIT 3 1597743104061 372 2133411726498593220
HIT 3 1597743235134 372 784510692394419945
HIT 3 369372364865 86 252996822845387757
HIT 3 369372364866 86 2093919752245839843
HIT 3 1597733011523 372 95889709225647919
HIT 3 1597733011524 372 346752690221405313
HIT 3 369372364874 86 1937983424906714301
HIT 3 1597733470282 372 65592587550447383
HIT 3 369372233803 86 1937983424906714301
HIT 3 1597743235146 372 1953972960855973842
HIT 3 1009322623052 235 809894303252378773
HIT 3 1597733470284 372 1929692362257263035
HIT 3 1009322491981 235 809894303252378773
HIT 3 360782495822 84 2012327231870346651
HIT 3 377962430542 88 1717920763871273762
HIT 3 1597733273678 372 111580652988732324
HIT 3 1597733535822 372 858017704386882620
HIT 3 1597733142607 372 111580652988732324
HIT 3 360782626895 84 2012327231870346651
HIT 3 369372627023 86 2012327231870346651
HIT 3 386552692815 90 712554383287667755
HIT 3 429502365775 100 2101863265979931599
HIT 3 481041973327 112 247472717732534138
HIT 3 674315501647 157 1098761969236822383
HIT 3 717265174607 167 278163491693867436
HIT 3 781689684047 182 2065105744647081835
HIT 3 828934324303 193 2199708182300008784
HIT 3 854704128079 199 555780940960618301
HIT 3 923423604815 215 856190659807532008
HIT 3 1005027983439 234 860543221157116034
HIT 3 1026502819919 239 2270617309827774230
HIT 3 1052272623695 245 25852093955637227
HIT 3 1065157525583 248 1597927825546416661
HIT 3 1125287067727 262 1950777986787688910
HIT 3 1151056871503 268 69044663695874101
HIT 3 1181121642575 275 610224173629154234
HIT 3 1215481380943 283 1619486527147539397
HIT 3 1249841119311 291 658502808782146310
HIT 3 1262726021199 294 1378083412062585214
HIT 3 1271315955791 296 1351578646893542865
HIT 3 1288495824975 300 1783487070212500411
HIT 3 1327150530639 309 2211298363184758200
HIT 3 1340035432527 312 1417231922735994834
HIT 3 1365805236303 318 1501946626570370819
HIT 3 1378690138191 321 1333910847504254723
HIT 3 1391575040079 324 1941480525558377794
HIT 3 1425934778447 332 750869392847510797
HIT 3 1438819680335 335 340295942112785670
HIT 3 1455999549519 339 45616478216378550
HIT 3 1473179418703 343 1361806131245752497
HIT 3 1490359287887 347 2039928279345796729
HIT 3 1498949222479 349 1093251611867165496
HIT 3 1563373731919 364 2117539766893124358
HIT 3 1614913339471 376 304407071229847215
HIT 3 1623503274063 378 1371738387741026074
HIT 3 1632093208655 380 2018269409004364677
HIT 3 1730877456463 403 268469716039251398
HIT 3 1748057325647 407 1637333375214533506
HIT 3 1808186867791 421 424993748515555960
HIT 3 2031525167183 473 1009568154546277050
HIT 3 2074474840143 483 1794990727024590333
HIT 3 2160374186063 503 1566660550275569416
HIT 3 1000733081679 233 1925072203749206341
HIT 3 1597733535823 372 1331024157051107409
HIT 3 1009323081807 235 268622886972462453
HIT 3 1606323535951 374 1369321136359191089
HIT 3 386552889423 90 1717920763871273762
HIT 3 1602038202446 373 245147858333751150
HIT 3 1597743366222 372 591557475403974386
HIT 3 1597734453327 372 513125637375875638
HIT 3 1009324392527 235 1338390728956459318
HIT 3 1009325899855 235 28938590502034143
HIT 3 1597736681551 372 122220925906012948
HIT 3 1597737074767 372 990766451322305095
HIT 3 1009326751823 235 2070936974828677159
HIT 3 1597737795663 372 2256137436795564390
HIT 3 1597737861199 372 1307548102049444639
HIT 3 1009327407183 235 716200747898630792
HIT 3 1597737926735 372 1463951942200005622
HIT 3 1009328980047 235 904160037665592086
HIT 3 1009329438799 235 2234602600805075817
HIT 3 1597740154959 372 605192911056625768
HIT 3 1597740417103 372 1294131977612947014
HIT 3 1009330290767 235 281146767777539380
HIT 3 1009330356303 235 1436199364308739125
HIT 3 1597741137999 372 954543825595481293
HIT 3 1009330815055 235 695992662151745223
HIT 3 1597741989967 372 1482911426425899195
HIT 3 1597742055503 372 2090477124190299210
HIT 3 1597742186575 372 2032049212817441139
HIT 3 1597742448719 372 1891540330812367108
HIT 3 1009331994703 235 1970979773861431819
HIT 3 1009332387919 235 1370282352618857233
HIT 3 1000742518863 233 1370282352618857233
HIT 3 1606333038671 374 1927917346984082656
HIT 3 1129591799887 263 1908245979777249537
HIT 3 1159656570959 270 305114506906460722
HIT 3 1163951538255 271 852482102143478156
HIT 3 1181131407439 275 2079092688012358085
HIT 3 1185426374735 276 244461449733761925
HIT 3 1245555916879 290 1132271718495740516
HIT 3 1297095524431 302 593766434967974797
HIT 3 1382994870351 322 1269490760946607171
HIT 3 1395879772239 325 191040903986324152
HIT 3 1443124412495 336 541198551485598306
HIT 3 1498958987343 349 235495870211288316
HIT 3 1524728791119 355 1475857488267758192
HIT 3 1546203627599 360 1667003708847878647
HIT 3 1550498594895 361 411743809449962458
HIT 3 1571973431375 366 1110588222624322319
HIT 3 1692232515663 394 1714602798252576366
HIT 3 1718002319439 400 1855431912323607498
HIT 3 1730887221327 403 2181988450685884110
HIT 3 1743772123215 406 418823981996156877
HIT 3 1769541926991 412 1513786143825914782
HIT 3 1833966436431 427 1703428083103933072
HIT 3 1876916109391 437 1468051932405071489
HIT 3 1954225520719 455 1042578127389404719
HIT 3 1979995324495 461 147078526549351524
HIT 3 2048714801231 477 2136234246944494443
HIT 3 2065894670415 481 65322194914440869
HIT 3 2108844343375 491 563591294940486597
HIT 3 2121729245263 494 407182880427805845
HIT 3 2134614147151 497 2023201636473083761
HIT 3 2138909114447 498 2093072862725330560
HIT 3 2147499049039 500 1622986276516144052
HIT 3 2160383950927 503 1015681578663109970
HIT 3 2177563820111 507 2126130825908543470
HIT 3 1597743562831 372 2229688409639816607
HIT 3 1597743693903 372 2015366597355797334
HIT 3 1597744218191 372 862431789833408817
HIT 3 1597745004623 372 1548914432238666794
HIT 3 1597745528911 372 748771620112705022
HIT 3 1597745659983 372 1333556604196136518
HIT 3 1597746053199 372 450251818664462374
HIT 3 1597746118735 372 668967150206243196
HIT 3 1597746446415 372 1326077303167319054
HIT 3 1597747036239 372 1942978459237446802
HIT 3 1597747167311 372 1007930320421564047
HIT 3 1597747232847 372 784962198836527022
HIT 3 1597748412495 372 1524811658351538728
HIT 3 1597749592143 372 1714706327515495973
HIT 3 1597749657679 372 465962450922029862
HIT 3 1597749723215 372 83433266503182265
HIT 3 1597749919823 372 416699205582037361
HIT 3 1597751427151 372 2070505259071894771
HIT 3 1597751623759 372 966683508272731940
HIT 3 1597751885903 372 157849008261774671
HIT 3 1606342148175 374 833753309942056618
HIT 3 1623522017359 378 823673602677211087
HIT 3 1653586788431 385 51250300324392473
HIT 3 1683651559503 392 1787382663502106361
HIT 3 1705126395983 397 1719260447180608939
HIT 3 1709421363279 398 756688233756700490
HIT 3 1735191167055 404 1579186388772059490
HIT 3 1778140840015 414 233534280714336941
HIT 3 1816795545679 423 596436457822807844
HIT 3 1825385480271 425 809685097786741793
HIT 3 1881220055119 438 584674801560784348
HIT 3 1962824433743 457 879764399701819315
HIT 3 1984299270223 462 1570466079218662623
HIT 3 2087378485327 486 197029053563238033
HIT 3 2095968419919 488 1110885076076100914
HIT 3 2108853321807 491 1440051140772709323
HIT 3 2121738223695 494 1569822691745462570
HIT 3 2130328158287 496 1516176445296168776
HIT 3 1614932148303 376 833753309942056618
HIT 3 1597733666902 372 1180712436113171116
HIT 3 1009323212886 235 1442116007962520811
HIT 3 1009323409494 235 1552931513162665168
HIT 3 1009323671638 235 1055171245084629637
HIT 3 1597734191190 372 677271757920171621
HIT 3 1009324130390 235 1427223529073203458
HIT 3 1597734846550 372 779143147450369281
HIT 3 1597734912086 372 1567021620845013709
HIT 3 1009324458070 235 484370563444789153
HIT 3 1597735239766 372 1947453314863048797
HIT 3 1009324785750 235 1055948142072731063
HIT 3 1009324916822 235 115735351121689505
HIT 3 1597735632982 372 93210223093582098
HIT 3 1009325572182 235 1118543569799322748
HIT 3 1597736157270 372 2296991252807853537
HIT 3 1009326293078 235 266181973353149235
HIT 3 1009326555222 235 415629375273123158
HIT 3 1009326620758 235 2060965933381189425
HIT 3 1597737271382 372 740501634823172852
HIT 3 1597743169620 372 1665117600896168885
HIT 3 1009328128086 235 1577942149120095257
HIT 3 1597738975318 372 185516814463752160
HIT 3 1597739434070 372 1407584108539473481
HIT 3 1009329111126 235 97674554445523579
HIT 3 1597739630678 372 2083275957607497776
HIT 3 1597739892822 372 535886639424644387
HIT 3 1009329438806 235 76868468861460150
HIT 3 1009329700950 235 1737595363205594971
HIT 3 1009330487382 235 629952797012485725
HIT 3 1009330749526 235 45555077912401345
HIT 3 1009331011670 235 1788687227083631810
HIT 3 1009331273814 235 857472126585221082
HIT 3 1597741793366 372 1463444821460499827
HIT 3 1597742121046 372 2118425526677316164
HIT 3 1009331798102 235 617076070498915721
HIT 3 1597742317654 372 807536593451953804
HIT 3 1597742448726 372 1587893983425961819
HIT 3 1589153169494 370 1653325150520623294
HIT 3 1606333038678 374 127530425517576064
HIT 3 1026512519254 239 1354758112735752612
HIT 3 1606333104214 374 1370465686941974961
HIT 3 1017922650198 237 1354758112735752612
HIT 3 1056577355862 246 873321656467024881
HIT 3 1078052192342 251 944412835450486153
HIT 3 1142476701782 266 1303447682136555277
HIT 3 1206901211222 281 96430313957108936
HIT 3 1211196178518 282 1492004617097575228
HIT 3 1219786113110 284 102356413645114149
HIT 3 1241260949590 289 434840899618165563
HIT 3 1279915655254 298 1108976519476686869
HIT 3 1322865328214 308 367911780897839206
HIT 3 1382994870358 322 704789830017522185
HIT 3 1524728791126 355 1310854115259307350
HIT 3 1529023758422 356 1464659131115011313
HIT 3 1541908660310 359 1544255781267973320
HIT 3 1550498594902 361 594873191796824560
HIT 3 1602038202454 373 1213549432807810629
HIT 3 1610628137046 375 1405820233039490668
HIT 3 1649282842710 384 1278501728032604867
HIT 3 1662167744598 387 2075294815717711192
HIT 3 1675052646486 390 1612237101623210208
HIT 3 1709412384854 398 484739405357342747
HIT 3 1730887221334 403 1001301195201656211
HIT 3 1739477155926 405 1397447140890636756
HIT 3 1769541926998 412 173163992033195910
HIT 3 1778131861590 414 1892813119887724275
HIT 3 1855441272918 432 1728645245209391639
HIT 3 1859736240214 433 422614685968686824
HIT 3 1864031207510 434 1483421765940573436
HIT 3 1894095978582 441 1954953755553933200
HIT 3 1941340618838 452 31916908901114327
HIT 3 1954225520726 455 676169832545683593
HIT 3 1967110422614 458 1162955645482362121
HIT 3 1971405389910 459 1175028016661379082
HIT 3 2031534932054 473 1223437426294769450
HIT 3 2044419833942 476 812889309978595480
HIT 3 2117434277974 493 170793062669739280
HIT 3 2147499049046 500 1249499436401171234
HIT 3 2173268852822 506 1864542290485051199
HIT 3 2186153754710 509 1002738454601640418
HIT 3 2194743689302 511 1753911735320541780
HIT 3 1597743759446 372 114121145319377773
HIT 3 1597745659990 372 2263167799285923555
HIT 3 1597745922134 372 1480583790217185258
HIT 3 1597746053206 372 814372230129006045
HIT 3 1597746643030 372 1836934984785403244
HIT 3 1597746774102 372 30509519792860715
HIT 3 1597746839638 372 1648510634443069844
HIT 3 1597747363926 372 116462609889718900
HIT 3 1597748084822 372 1358490551859648305
HIT 3 1597748150358 372 2286515188250303087
HIT 3 1597748281430 372 2174307670140420683
HIT 3 1597748412502 372 1374292312666277868
HIT 3 1597748543574 372 49942548541114892
HIT 3 1597750378582 372 1605043990985212578
HIT 3 1597750902870 372 2083585529323826533
HIT 3 1597751165014 372 326543040030015111
HIT 3 1623522017366 378 812379730297353107
HIT 3 1640701886550 382 1029384378267382903
HIT 3 1649291821142 384 2056457932176628602
HIT 3 1748076068950 407 2268461863231247230
HIT 3 1765255938134 411 1896328467059014406
HIT 3 1782435807318 415 508476448986499022
HIT 3 1791025741910 417 1260343912114974107
HIT 3 1851155284054 431 2206936750440521606
HIT 3 1868335153238 435 2205864697765669449
HIT 3 1937054629974 451 112149858379218453
HIT 3 1975709335638 460 1138810652892856676
HIT 3 2057313714262 479 465881351331780391
HIT 3 2151802994774 501 1066369327437542683
HIT 3 2173277831254 506 1180435541041383600
HIT 3 1597743366231 372 1558878372563781270
HIT 3 1606342213719 374 1180712436113171116
HIT 3 1597743235166 372 1663445752453377305
HIT 3 1597743235170 372 1021314012498225468
HIT 3 1597743235171 372 2066010151302022323
HIT 3 1597743235187 372 1192358976814805410
HIT 3 1597743235202 372 1098815236469005000
HIT 3 1597743235212 372 1346987697591524661
HIT 3 1597743235217 372 1227754075112533069
HIT 3 1597743235219 372 475004345549308614
HIT 3 1597743235220 372 540296503579847873
HIT 3 1597743235224 372 1282191033837291650
HIT 3 1597743235244 372 814119589414988716
HIT 3 1597743235246 372 1989851360979942455
HIT 3 1597743235245 372 1302697802389720874
HIT 3 1597743235257 372 794682915046016560
HIT 3 1597743235265 372 2151637438112821664
HIT 3 1597743235281 372 1435824738678029687
HIT 3 1597743235295 372 1681047370442147593
HIT 3 1597743235302 372 1663995085885801551
HIT 3 1597743104231 372 1663995085885801551
HIT 3 1597743235303 372 871636006077547352
HIT 3 1597743562987 372 18977577081650530
HIT 3 1597743956203 372 2003206175156279235
HIT 3 1597744546027 372 1171026982449675259
HIT 3 1597744611563 372 730847668915937936
HIT 3 1597744742635 372 1228422600124884553
HIT 3 1597744939243 372 2110764266571204817
HIT 3 1597745594603 372 713782380486396258
HIT 3 1597745725675 372 2106471042987926431
HIT 3 1597745922283 372 712520269313265740
HIT 3 1597746053355 372 289091169794939975
HIT 3 1597746774251 372 1050445407329610184
HIT 3 1597746839787 372 1830026589997553401
HIT 3 1597746905323 372 751092117568249749
HIT 3 1597747036395 372 1303811405334180311
HIT 3 1597747298539 372 1283741163552213903
HIT 3 1597747691755 372 2163416466171180390
HIT 3 1597747953899 372 1655697438810533101
HIT 3 1597748150507 372 869601554258404386
HIT 3 1597748871403 372 33282547656141896
HIT 3 1597749330155 372 1558345482690718641
HIT 3 1597749395691 372 1456798375285448887
HIT 3 1597750116587 372 50833526432960878
HIT 3 1597750182123 372 964019626342995477
HIT 3 1597750247659 372 817890979433084753
HIT 3 1597750509803 372 1382529820483904865
HIT 3 1597751099627 372 1930070695762798758
HIT 3 1597751492843 372 399177808070553774
HIT 3 1606342148331 374 1270831798312268535
HIT 3 1627816984811 379 1147975090089497273
HIT 3 1696536461547 395 104015929956297704
HIT 3 1700831428843 396 2287775750664751963
HIT 3 1726601232619 402 179304900023169592
HIT 3 1748076069099 407 439084169165003928
HIT 3 1769550905579 412 1923156719883209692
HIT 3 1803910643947 420 685493810513541749
HIT 3 1872630120683 436 1904210819638993959
HIT 3 1906989859051 444 2178700980532025804
HIT 3 1911284826347 445 2157513535974638657
HIT 3 1954234499307 455 118897469830509399
HIT 3 1962824433899 457 997200354853990873
HIT 3 2031543910635 473 740759412391795913
HIT 3 2121738223851 494 2273167019457505260
HIT 3 2126033191147 495 846281400465232558
HIT 3 2160392929515 503 289353262901013388
HIT 3 2168982864107 505 724087521621505435
HIT 3 1614932148459 376 1270831798312268535
DONE data/p_ones.txt sz=3 range=[0,512) n=22108160 zero=0 54.5s
