HIT 1 148 148 8682092707621097191
DONE data/p_lam.txt sz=1 range=[0,512) n=512 zero=0 0.0s
HIT 2 9830549 150 8682092707621097191
HIT 2 20512917 313 7902676849726140961
HIT 2 30474389 465 7290953310101620748
HIT 2 24707385 377 7334719172949373620
HIT 2 32702842 499 7466768466194000180
HIT 2 30605691 467 8213240896350163482
HIT 2 32702845 499 7992625249906476289
HIT 2 32571857 497 8240894863411590898
HIT 2 32637393 498 8597296564355326417
HIT 2 32834001 501 6957789022222420585
DONE data/p_lam.txt sz=2 range=[0,512) n=130560 zero=0 2.3s
HIT 3 1344334462978 313 8790402951792734030
HIT 3 1344334462977 313 8511653082662518088
HIT 3 2143209193474 499 7111622460390789833
HIT 3 1627813117953 379 8252251031971705293
HIT 3 1997184630785 465 7735798295022083968
HIT 3 2143213518849 499 7107724621964797945
HIT 3 2143219154945 499 7913520350327620581
HIT 3 1997169491975 465 8282311892924789620
HIT 3 1997184630788 465 8359241666178349725
HIT 3 2143209193478 499 7214105565793584872
HIT 3 2143198380042 499 7570125874859104523
HIT 3 1627813117961 379 8205547493508952374
HIT 3 1344334462990 313 7926016404463486679
HIT 3 1627802304526 379 8864281311138092614
HIT 3 2143219154957 499 8208258674269538819
HIT 3 2143219154958 499 8858010453563693691
HIT 3 1627813117967 379 9076796617732790599
HIT 3 2143219154959 499 8841491271913993880
HIT 3 1997169491984 465 8672349955727608346
HIT 3 2143198380048 499 7849127873743891484
HIT 3 2143209193490 499 7835250362141153214
HIT 3 1997180305425 465 7164679464478666118
HIT 3 1627802304532 379 7117664492751102099
HIT 3 2143213518867 499 8632551629272886724
HIT 3 2143213518868 499 8887540845455884906
HIT 3 1627813117973 379 7921417323709474488
HIT 3 1627813117974 379 7180938482072069295
HIT 3 1344334463001 313 7866596719020981694
HIT 3 1997169491993 465 8187117083587305300
HIT 3 2143219154968 499 7647882630986375028
HIT 3 1627802304539 379 7644283624927287914
HIT 3 2143209193498 499 9045495604211463713
HIT 3 2143213518873 499 7208989608745469747
HIT 3 2143219154969 499 9207852952845500514
HIT 3 2143209193499 499 8400404980289037931
HIT 3 1997184630812 465 8720660481633291760
HIT 3 1627802304543 379 7573499387826073491
HIT 3 1997180305437 465 8888522952253984986
HIT 3 1627813117982 379 7191682445754636185
HIT 3 2143209193502 499 7869647039374241660
HIT 3 2143209193503 499 7511429377041182056
HIT 3 1344334463010 313 8777547876060921401
HIT 3 1344334463012 313 7359278574420493645
HIT 3 2143213518882 499 6976951789227914290
HIT 3 1997184630817 465 8284483352313416314
HIT 3 2143209193507 499 9046717733347687316
HIT 3 1627813117988 379 9090869162615963056
HIT 3 1997184630820 465 7755832446645916998
HIT 3 1997169492005 465 8810965153206784013
HIT 3 2143198380070 499 8770556610403740717
HIT 3 1344334463015 313 8871652368179639793
HIT 3 1997169492007 465 7549207315987830717
HIT 3 1344334463016 313 8426073157119674312
HIT 3 1627802304552 379 7312782924075796296
HIT 3 2143219154982 499 7832452667077360712
HIT 3 2143209193511 499 7665653512637310087
HIT 3 1997184630823 465 8188618676390479610
HIT 3 1627802304555 379 8603249770036922962
HIT 3 1997180305451 465 8066168754440015704
HIT 3 2143213518891 499 8048430664995372079
HIT 3 1997169492013 465 9038599411909664479
HIT 3 2143209193517 499 8014760996593354888
HIT 3 1627813117998 379 8794917726782691029
HIT 3 2143213518893 499 8183454207308546767
HIT 3 1997184630831 465 8825448390014886876
HIT 3 1997169492019 465 8526186454201834526
HIT 3 2143209193521 499 7995750755956776964
HIT 3 2143209193524 499 6953907620044386183
HIT 3 2143219154993 499 7786778794182911261
HIT 3 2143198380086 499 9020926964477466056
HIT 3 2143209193525 499 7710133909954997881
HIT 3 1627813118007 379 8681402510778273971
HIT 3 1997180305464 465 8738820615379261286
HIT 3 1997169492026 465 8031119745084305117
HIT 3 1997180305466 465 8465114982172463868
HIT 3 2143213518905 499 7580938734791436628
HIT 3 1997184630844 465 8317355103877686798
HIT 3 2143213518907 499 9124801731188651285
HIT 3 1627802304573 379 8312211628624251258
HIT 3 1997169492030 465 7017047060183839136
HIT 3 2143198380094 499 7542708189565097389
HIT 3 1344334463040 313 8482343773411318472
HIT 3 1997184630847 465 7005036691129128912
HIT 3 2143209193534 499 8159848603624730519
HIT 3 1627813118016 379 8469059736206614404
HIT 3 2143219155011 499 8461061619594120189
HIT 3 2143209193537 499 7622049223584268590
HIT 3 2143209193538 499 8413412765093966290
HIT 3 2143219155013 499 8784439141120254801
HIT 3 2143213518918 499 7809473475843076646
HIT 3 2143213518921 499 7093090384967812762
HIT 3 2143213518924 499 8126766168599262049
HIT 3 2143209193543 499 7504182164565883139
HIT 3 1997180305483 465 7133707361617319824
HIT 3 1997184630859 465 7691801381458253628
HIT 3 2143213518923 499 7770124521764210288
HIT 3 2143209193552 499 8378545390359546732
HIT 3 2143209193546 499 7465247784897258559
HIT 3 2143219155018 499 7702479864079241411
HIT 3 1997180305489 465 8862429868587095405
HIT 3 2143209193553 499 7216355190180410549
HIT 3 1997169492051 465 7185754437782852891
HIT 3 1997169492052 465 8376542040722044571
HIT 3 1997180305492 465 7905019266407776074
HIT 3 2143213518932 499 7444335909761478962
HIT 3 1627813118035 379 7771399628962172759
HIT 3 2143219155028 499 8965578521029565272
HIT 3 1627802304599 379 7045536808831032804
HIT 3 1344334463065 313 7867254734288368010
HIT 3 1344334463064 313 7746329195395936174
HIT 3 2143198380120 499 9132296344933066716
HIT 3 1997184630873 465 6949040525789018679
HIT 3 1627802304602 379 7684450478032815863
HIT 3 1627802304603 379 7673822245936502668
HIT 3 1627802304604 379 9092040025927130002
HIT 3 2143209193562 499 7111453276917781413
HIT 3 1997180305499 465 7015783371989326356
HIT 3 1344334463069 313 7047135259012566440
HIT 3 1997184630876 465 8514907617702782101
HIT 3 2143219155035 499 7938783330311788978
HIT 3 2143219155037 499 9062583666867559579
HIT 3 2143198380131 499 7103258940594355508
HIT 3 2143198380130 499 9204011312982582522
HIT 3 1997180305505 465 8062585204000688021
HIT 3 1997169492068 465 8801725145023555360
HIT 3 1997169492070 465 6924359394748051366
HIT 3 1997169492069 465 7070854231278870248
HIT 3 1997184630885 465 7749175578606787431
HIT 3 1627813118055 379 7872973498602991825
HIT 3 1344334463082 313 8179200633311357363
HIT 3 1997180305510 465 8592768223867232327
HIT 3 1627802304619 379 8037905891369440930
HIT 3 1997169492075 465 8854970013691091020
HIT 3 1627813118060 379 7225682647311621702
HIT 3 2143219155051 499 9049230574237680471
HIT 3 2143213518956 499 8786059201950337468
HIT 3 2143198380143 499 7236624686945637725
HIT 3 1344334463088 313 8579477358787130047
HIT 3 1997180305517 465 9013462492100318135
HIT 3 2143209193582 499 7278823161483345885
HIT 3 2143219155055 499 7403803645671962639
HIT 3 2143213518960 499 8217405854314743383
HIT 3 2143198380146 499 7065756712573461141
HIT 3 2143209193585 499 7957368578809289530
HIT 3 1997169492084 465 7297312852837879723
HIT 3 1627813118066 379 7536837960405007658
HIT 3 2143209193586 499 7581647832114879413
HIT 3 1627802304631 379 7550343730222372854
HIT 3 1997184630900 465 7003590443021556174
HIT 3 1627813118069 379 7375751721509348355
HIT 3 1997180305525 465 7666639124835671523
HIT 3 1997184630901 465 9155126104477033986
HIT 3 2143213518965 499 8186405735871350335
HIT 3 2143198380152 499 7497929895745402994
HIT 3 1997180305526 465 7690625673185459111
HIT 3 2143213518967 499 8736657140581074002
HIT 3 1997169492089 465 7252481079225251544
HIT 3 2143198380155 499 7671655143410584241
HIT 3 1997180305529 465 9105333226506017664
HIT 3 1997184630905 465 9048675684546957554
HIT 3 1997169492093 465 7677366319423252466
HIT 3 1997169492095 465 7000216249539013199
HIT 3 2143213518974 499 8862048346682944016
HIT 3 1627813118077 379 8679271316932507801
HIT 3 1627802304642 379 8777495099613493042
HIT 3 2143198380163 499 6950165402289459631
HIT 3 1997169492102 465 7507141369230588496
HIT 3 1997184630915 465 8469236458660399141
HIT 3 1627813118088 379 6983182953553209494
HIT 3 1997180305546 465 8327417830545999097
HIT 3 2143209193610 499 8587853276190334971
HIT 3 1997169492109 465 8983618071296194265
HIT 3 1627802304654 379 9099801784634286600
HIT 3 2143209193613 499 7941570559602756381
HIT 3 1344334332048 313 8811552449069596351
HIT 3 1627802173584 379 7650053046185742981
HIT 3 1997169361040 465 7076535152565167927
HIT 3 1627813118094 379 8755059440451220923
HIT 3 2143209193614 499 8565736826543137077
HIT 3 1344334463121 313 8811552449069596351
HIT 3 1627802304657 379 7650053046185742981
HIT 3 1997169492113 465 7076535152565167927
HIT 3 1344334463122 313 7963571239139177176
HIT 3 1997169492114 465 8132819459364526477
HIT 3 1627813118095 379 8006313920563678727
HIT 3 1344334594195 313 7963571239139177176
HIT 3 1997169623187 465 8132819459364526477
HIT 3 1997180240018 465 7536184322463950170
HIT 3 1636403052690 381 8690491534669593790
HIT 3 1992885338258 464 7353531710282748777
HIT 3 1997180305554 465 7334583178515541546
HIT 3 2134619259026 497 8772377970467687788
HIT 3 2143198511252 499 7172199385815668909
HIT 3 1344334659732 313 7902676849726140961
HIT 3 1997169688724 465 7290953310101620748
HIT 3 1997169819796 465 9095374378128467040
HIT 3 2143198838932 499 9175814352264321415
HIT 3 1627802828948 379 8168763917294530269
HIT 3 2143198970004 499 8848255653584199466
HIT 3 1344335184020 313 8789446240008671605
HIT 3 1997170278548 465 7843753451902202687
HIT 3 2143199166612 499 7017051545487305099
HIT 3 1627803156628 379 8789326173724385939
HIT 3 2143199232148 499 8104874850487214282
HIT 3 1627803418772 379 7723887674496853640
HIT 3 1992889663634 464 7267904828939867919
HIT 3 1344336429204 313 8705552958381344546
HIT 3 1627804270740 379 6969831562935776420
HIT 3 1344336494740 313 8094805989382024790
HIT 3 1997171785876 465 7524997631276327253
HIT 3 2143200673940 499 7588258748293319626
HIT 3 2143200739476 499 8857801962297565707
HIT 3 1997172048020 465 7934975907236123431
HIT 3 2143200936084 499 7927488851709602501
HIT 3 1627804926100 379 8655018569247639062
HIT 3 2143201001620 499 7840021640321852816
HIT 3 2143201067156 499 7369359184639835634
HIT 3 1344337215636 313 8299301972148007632
HIT 3 1997172441236 465 7963488346072180960
HIT 3 1627805319316 379 7836197645559641402
HIT 3 1344337805460 313 8688995307284811041
HIT 3 1627805646996 379 7361470467777132076
HIT 3 2143201722516 499 9038140481287545790
HIT 3 1344337936532 313 7451451731645547555
HIT 3 2143201853588 499 8905411211946499241
HIT 3 1344338002068 313 8535594030401882704
HIT 3 1627805909140 379 7372410803411146139
HIT 3 1997173162132 465 7572365076323494834
HIT 3 2143202050196 499 8071054706063059271
HIT 3 652844925077 152 8682092707621097191
HIT 3 1997169688725 465 9095374378128467040
HIT 3 2143198642325 499 7172199385815668909
HIT 3 2151809089682 501 8663112343031764127
HIT 3 1344338264212 313 7885650276138717336
HIT 3 1627806105748 379 8848828040203476956
HIT 3 1997173424276 465 7074091321074915528
HIT 3 1997173489812 465 7772054457358125632
HIT 3 1627806367892 379 8052439484931940157
HIT 3 1997173620884 465 7461194405177483149
HIT 3 1344338722964 313 8041322109663906144
HIT 3 1627806630036 379 8705901499538270692
HIT 3 1344338919572 313 7409197015921336336
HIT 3 2143203098772 499 7392977553086317474
HIT 3 2143203229844 499 7417837429534259312
HIT 3 1344339378324 313 6953233521887742145
HIT 3 1997174669460 465 7965262989204196400
HIT 3 1344339706004 313 7405677176921364246
HIT 3 1344339837076 313 8329554271094643537
HIT 3 1627807678612 379 8089351019465117145
HIT 3 1627807744148 379 7074967563605254653
HIT 3 1344340099220 313 8192081997016844998
HIT 3 2143204278420 499 7648682377965688824
HIT 3 1627808268436 379 6963925966703446497
HIT 3 2143204343956 499 7469450371352613795
HIT 3 1627808530580 379 6926296070792766048
HIT 3 1997175718036 465 8566230588225633880
HIT 3 1627808596116 379 7626478841693079439
HIT 3 1997175783572 465 8729228778869012607
HIT 3 1997175914644 465 8313206997392664249
HIT 3 1627808792724 379 7882249650635584371
HIT 3 1627808858260 379 8443335589397498781
HIT 3 1997176111252 465 8790773339313646339
HIT 3 1627809251476 379 8021344944115889551
HIT 3 2143205523604 499 7486819808392748381
HIT 3 1997176766612 465 8838878162282280740
HIT 3 2143205654676 499 7634642483077587075
HIT 3 1344341868692 313 8675216116523690275
HIT 3 1344341934228 313 7267486381070642233
HIT 3 1997177356436 465 7190705145237201238
HIT 3 2143206375572 499 8594694360710281986
HIT 3 1997177618580 465 7560858616787442327
HIT 3 1627810562196 379 7913636756210609454
HIT 3 1997177880724 465 8210372224099845086
HIT 3 1344342982804 313 7664719798488225767
HIT 3 1627810889876 379 8758374389212972801
HIT 3 2143206965396 499 8090065549330354352
HIT 3 1344343113876 313 7021417376845604403
HIT 3 1344343179412 313 7077519929115244857
HIT 3 1627811086484 379 9166948543841131168
HIT 3 1997178470548 465 8014854044013910541
HIT 3 2143207424148 499 7783744216190940101
HIT 3 1627811479700 379 7810653529879904930
HIT 3 2143207686292 499 8383872807653491947
HIT 3 2143213518995 499 8938308202231653448
HIT 3 2143207817364 499 7082342572758133907
HIT 3 1344344359060 313 7055172489051455904
HIT 3 1997179388052 465 9044623480388942870
HIT 3 1627812593812 379 8639676947153826013
HIT 3 2005770109076 467 8019474519738923170
HIT 3 1374410047636 320 7341055821472296762
HIT 3 1382999982228 322 8499093950730215388
HIT 3 1494669131924 348 7563101347487611701
HIT 3 1537618804884 358 7636735403313465569
HIT 3 1550503706772 361 7833809736301354133
HIT 3 1653582921876 385 7408106047260063427
HIT 3 1696532594836 395 8363418692209512818
HIT 3 1726597365908 402 8284725244177882773
HIT 3 1778136973460 414 8000891896165367134
HIT 3 1808201744532 421 7414099831037249274
HIT 3 1825381613716 425 9069165261554570379
HIT 3 1842561482900 429 8684800416485907398
HIT 3 1855446384788 432 7519027984268815468
HIT 3 1894101090452 441 8010980756985603992
HIT 3 1902691025044 443 8485939116480370806
HIT 3 1906985992340 444 8146674875517866769
HIT 3 1958525599892 456 8744899553427770598
HIT 3 1975705469076 460 9149229836058805964
HIT 3 1997180305556 465 8970314006081062812
HIT 3 2091669586068 487 8298175218432403084
HIT 3 2130324291732 496 8503941342020558276
HIT 3 2134619259028 497 8160251654395293109
HIT 3 2156094095508 502 7094118884430870373
HIT 3 1627813445780 379 7098951524133926817
HIT 3 1997180633236 465 7362149173312089755
HIT 3 2143210176660 499 8897751216362066599
HIT 3 1627814297748 379 6981306139077623730
HIT 3 1997181616276 465 9128040126294732470
HIT 3 1997181812884 465 7573906547873136548
HIT 3 2143210766484 499 7064150403429371816
HIT 3 1627814756500 379 8488512255169031860
HIT 3 1627815018644 379 7712551324933737802
HIT 3 1627815084180 379 7160829919949156158
HIT 3 2143211159700 499 9174286214786296463
HIT 3 1627815149716 379 7993198955061892740
HIT 3 2143211815060 499 8600732369691810865
HIT 3 1627816067220 379 8104297356892835880
HIT 3 2143212273812 499 7913790197800246549
HIT 3 1997183582356 465 8076332388971165226
HIT 3 2143212667028 499 7883838757233906609
HIT 3 1627816919188 379 9039682300003940174
HIT 3 1627816984724 379 8882655893585977196
HIT 3 2143213256852 499 8454969301180661106
HIT 3 1636407181460 381 7500509671624227833
HIT 3 1627817312404 379 7500509671624227833
HIT 3 2005774434452 467 8257200938911309590
HIT 3 2134623518868 497 7408404392427859002
HIT 3 1675062083732 390 6997550801078215322
HIT 3 1709421822100 398 7746103575929886096
HIT 3 1726601691284 402 7214989035091484022
HIT 3 1795321168020 418 8090980276175162503
HIT 3 1833975873684 427 7581339628447807402
HIT 3 1855450710164 432 7817002245644299372
HIT 3 1868335612052 435 9185485887407136369
HIT 3 1975709794452 460 7559014932688531212
HIT 3 1988594696340 463 7703103802562466478
HIT 3 2014364500116 469 7270872209868193160
HIT 3 2031544369300 473 8481468743503715076
HIT 3 2057314173076 479 7453195358206649390
HIT 3 2083083976852 485 8449911033451077369
HIT 3 2104558813332 490 8444164285364210227
HIT 3 2143213518996 499 8545445508660621570
HIT 3 2143213977748 499 7806175664847002031
HIT 3 2143214043284 499 7755377425367884690
HIT 3 2143214305428 499 7802667185303601343
HIT 3 1997185810580 465 8506638152268059998
HIT 3 2143214764180 499 7371023861747406773
HIT 3 1997185941652 465 7380359556167146482
HIT 3 1997186531476 465 8605234993152976150
HIT 3 1997186793620 465 7116608857032780849
HIT 3 1997186859156 465 7727311282877819547
HIT 3 2143215878292 499 7454695756043731725
HIT 3 1997187317908 465 8455936248142048724
HIT 3 1997187383444 465 8340458881712983953
HIT 3 2143216337044 499 8089060424074438149
HIT 3 1997187842196 465 7873744623614819055
HIT 3 2143216730260 499 8080263839863784770
HIT 3 1997187907732 465 7659555079781677335
HIT 3 1997188038804 465 6955869660368920453
HIT 3 2143216926868 499 8575306581674463780
HIT 3 2143217057940 499 8033354198252210521
HIT 3 1352935145621 315 7902676849726140961
HIT 3 1627813052565 379 8211759493308613358
HIT 3 1623518150805 378 8017008588720640548
HIT 3 1997180305557 465 7072709725210253301
HIT 3 2134619259029 497 8890590087935769416
HIT 3 1997180436629 465 8148889615419789136
HIT 3 2143209324693 499 7041447661026609834
HIT 3 2134623584405 497 6955097775631127859
HIT 3 1997184762005 465 7252531043028978483
HIT 3 2143213650069 499 7572071596235636360
HIT 3 1627812987030 379 7879309940441631040
HIT 3 2143209062550 499 7134095813632192963
HIT 3 1627813052566 379 7050824480535493213
HIT 3 1627813249174 379 7350475831569338933
HIT 3 2143217320084 499 7651048254674882943
HIT 3 2143217516692 499 9004968106094502870
HIT 3 2143218368660 499 7946438780600873042
HIT 3 2143218827412 499 9083733232390621068
HIT 3 2143218958484 499 8579834916596212102
HIT 3 2134629089428 497 7040765363757458461
HIT 3 2018665103508 470 7956501390089182244
HIT 3 2061614776468 480 9052304279568210284
HIT 3 2138924187796 498 8067138362625326186
HIT 3 2160399024276 503 8480122974191682488
HIT 3 2190463795348 510 7837603801788605983
HIT 3 2138924318868 498 7345471051032687931
HIT 3 2143219482772 499 8152475928523528530
HIT 3 2143219613844 499 7280404679941909981
HIT 3 2143219810452 499 8144206593905123298
HIT 3 2143221121172 499 7847301372649234701
HIT 3 2147516285076 500 8791846938374540607
HIT 3 2156106285204 502 8791846938374540607
HIT 3 2164696219796 504 8929211550691132731
HIT 3 2005780136085 467 7290953310101620748
HIT 3 2151809089685 501 8028394190091760800
HIT 3 1997184499862 465 7546101722186398502
HIT 3 2134629220502 497 7480423136603919971
HIT 3 2143219155096 499 8301262697626682853
HIT 3 2143209193629 499 8230092364053972246
HIT 3 2143209193631 499 8759746163001859292
HIT 3 1997180305569 465 8570934429934247973
HIT 3 2143213519009 499 8690685658874153915
HIT 3 2143219155105 499 8781862561964905305
HIT 3 1997180305575 465 8553399559191988106
HIT 3 1627813118120 379 7440955073735536886
HIT 3 1997184630951 465 8447352096009368500
HIT 3 2143213519016 499 8965909351416855158
HIT 3 1627813118123 379 7237751429030565446
HIT 3 1997180305579 465 8012145288033223598
HIT 3 2143209193643 499 8040742833736318700
HIT 3 1627813118124 379 8866021935412594488
HIT 3 1627813118127 379 8009903024088187344
HIT 3 2143219155120 499 8771027359675063714
HIT 3 2143209193649 499 7462788592322030609
HIT 3 1997180305587 465 7040139248370548587
HIT 3 1997180305588 465 7792044614685527782
HIT 3 2143219155122 499 8153637198693187806
HIT 3 2143213519030 499 8899328828874898987
HIT 3 2143219155125 499 8706284368501180152
HIT 3 1997184630970 465 7340332342856785098
HIT 3 1997180305599 465 7530230950267162373
HIT 3 1627813118144 379 8472378380506170294
HIT 3 1997184630976 465 8019159971383169344
HIT 3 1997180305601 465 8232450735008548384
HIT 3 2143213519042 499 7700264358664030892
HIT 3 2143209193670 499 7359057788132429484
HIT 3 2143209193676 499 8734460577183405863
HIT 3 1997184630988 465 7357412326970072934
HIT 3 2143209193677 499 8783336516479618092
HIT 3 1997180305615 465 9176818782635767032
HIT 3 1997184630990 465 7491781341068479182
HIT 3 1997184630991 465 7185502441314961963
HIT 3 2143209193684 499 8756486916230609982
HIT 3 1997184630992 465 8736170883456795633
HIT 3 1627813118166 379 8865464543107750495
HIT 3 1627813118169 379 8828481049044961839
HIT 3 1997184631000 465 7985856082983644830
HIT 3 1997180305628 465 8767685167438740577
HIT 3 2143209193692 499 7594370461068376653
HIT 3 1997184631006 465 7049716355530087816
HIT 3 1997184631008 465 8408785659479920214
HIT 3 1997184631007 465 7560181380065392421
HIT 3 1997180305634 465 7531980159314066491
HIT 3 1627813118179 379 7438105315012441834
HIT 3 2143209193699 499 8498184046308038278
HIT 3 2143213519075 499 7139796614836819135
HIT 3 2143219155171 499 8095332861425886318
HIT 3 2143213519076 499 8234445821627769653
HIT 3 1627813118185 379 6956967051475552051
HIT 3 2143209193705 499 8174260358998412283
HIT 3 1997184631016 465 7250796689516935592
HIT 3 1997184631018 465 8876585633806896898
HIT 3 2143213519082 499 8618439404194844346
HIT 3 2143219155179 499 8547864831704691493
HIT 3 1997184631021 465 8932629244589298124
HIT 3 2143213519086 499 7713564427489797476
HIT 3 2143209193714 499 8205122272304020575
HIT 3 2143213519089 499 8266395047813078619
HIT 3 1627813118195 379 9081987141559372189
HIT 3 1997180305651 465 8439578250402686525
HIT 3 2143213519093 499 8432106116648452496
HIT 3 1627813118201 379 8334887532934653562
HIT 3 2143209193721 499 7139977778974102916
HIT 3 2143209193723 499 8041791217471524766
HIT 3 1627813118204 379 8497593168292040663
HIT 3 1997184631035 465 7570311052265279250
HIT 3 2143213519100 499 7770140426143288309
HIT 3 2143219155196 499 7524200224743950246
HIT 3 2143219155198 499 7190713851045655330
HIT 3 1997180305664 465 8410615070446173047
HIT 3 1997180305665 465 7143714800870578909
HIT 3 2143213519104 499 7216498335215748911
HIT 3 2143209193731 499 8900926049090846223
HIT 3 2143213519109 499 7835323792998447444
HIT 3 2143219155205 499 7110962008587607107
HIT 3 1997184631047 465 7124659199910238478
HIT 3 1997180305675 465 7630395807243094014
HIT 3 2143213519114 499 8457597621674748567
HIT 3 2143219155210 499 8798949378625419888
HIT 3 2143213519115 499 7005419112390284226
HIT 3 1997184631054 465 8181731883385963662
HIT 3 1997184631055 465 8754048560914646167
HIT 3 1997180305686 465 6989604066243485484
HIT 3 2143219155223 499 7012501963144566861
HIT 3 1627813118234 379 8519558080591121972
HIT 3 2143209193754 499 7295394932573335901
HIT 3 2143219155227 499 8296780742292122854
HIT 3 2143219155226 499 8231498662659011393
HIT 3 2143209193757 499 9173925921564460747
HIT 3 1997180305695 465 8402449188187187994
HIT 3 2143209193759 499 8979278872492978130
HIT 3 1997184631068 465 8685210100887675203
HIT 3 1997184631075 465 8098077310314725022
HIT 3 1627813118244 379 7264203943001553992
HIT 3 1997184631077 465 8766983315630106200
HIT 3 1627813118250 379 7052974203754743233
HIT 3 2143219155241 499 7925516959147342690
HIT 3 1997180305714 465 9194557074634664433
HIT 3 2143209193781 499 6939964989370009576
HIT 3 1997184631090 465 8589393336610855678
HIT 3 2143213519154 499 8830095049770679162
HIT 3 2143219155250 499 7519165366610457160
HIT 3 2143209193783 499 8384321177795125155
HIT 3 1619223314744 377 7334719172949373620
HIT 3 2143209324854 499 8384321177795125155
HIT 3 1997184631095 465 7389228400315029227
HIT 3 2005774565687 467 8891634009900317345
HIT 3 2005774565688 467 7544736956958186697
HIT 3 2134623584568 497 9073128829674251884
HIT 3 1997180764473 465 8954359029848091552
HIT 3 1627813970233 379 8540355594798059157
HIT 3 1627814035769 379 7638271622038420158
HIT 3 1627814232377 379 7980313160528612006
HIT 3 2143210307897 499 8135073137916998170
HIT 3 1997181485369 465 6979847563788274975
HIT 3 1997181616441 465 7295186346839601947
HIT 3 1997181681977 465 8942720767848462465
HIT 3 2143210570041 499 8644033469823907502
HIT 3 2143210635577 499 7639557539211040891
HIT 3 2143219089719 499 7566261124132772436
HIT 3 2143219286327 499 7792399035023390077
HIT 3 2143219024184 499 8722152337680620374
HIT 3 2143210766649 499 9222171359226618462
HIT 3 2143211553081 499 6919964516908480598
HIT 3 2143211618617 499 8279377916235637880
HIT 3 2143211749689 499 8588807499766716067
HIT 3 2143212339513 499 7008452119608699618
HIT 3 2143212405049 499 7194277101633051169
HIT 3 2143212536121 499 9214228253797822977
HIT 3 1997183910201 465 7385414469428622693
HIT 3 1997184106809 465 7096031931351052452
HIT 3 2143213257017 499 9014308177460933431
HIT 3 1627817247033 379 7334719172949373620
HIT 3 1992889598265 464 7634559759283817086
HIT 3 2005774500153 467 7510479575613010103
HIT 3 2143213453625 499 8482353366600042128
HIT 3 1662177182009 387 7580884020199418908
HIT 3 1666472149305 388 6955193725213435831
HIT 3 1683652018489 392 6918765312889969650
HIT 3 1705126854969 397 7427988810696086180
HIT 3 1735191626041 404 7108565847472382231
HIT 3 1739486593337 405 8919515057021216793
HIT 3 1799616135481 419 7543387080321484674
HIT 3 1812501037369 422 8442224772699425855
HIT 3 1829680906553 426 8317019179596711213
HIT 3 1932760121657 450 8983155164340476110
HIT 3 1962824892729 457 9157025539592280881
HIT 3 1967119860025 458 8599782489171114546
HIT 3 1971414827321 459 8213181071728375766
HIT 3 2001479598393 466 8385836309021735862
HIT 3 2010069532985 468 9195142729224129249
HIT 3 2057314173241 479 9006505016579643123
HIT 3 2074494042425 483 8834494260358241273
HIT 3 2186163192121 509 8083838285013191524
HIT 3 2143213584697 499 8625843723548122514
HIT 3 1992889794873 464 8231016393523332852
HIT 3 1997185089849 465 8740942952296795251
HIT 3 1997185417529 465 8358936358333038943
HIT 3 2143213453627 499 8780017763337566165
HIT 3 1992889663803 464 7423232257286458739
HIT 3 1997185548601 465 9081004074268628977
HIT 3 1997186335033 465 9080583986157055294
HIT 3 1997186531641 465 8120909353062882437
HIT 3 2143215550777 499 7459336107046335795
HIT 3 2143216075065 499 7860153384260047885
HIT 3 1997187318073 465 8888097286755781001
HIT 3 2143216337209 499 7681424311371438642
HIT 3 1997188628793 465 8990680867093549993
HIT 3 1997188694329 465 7879543117797721995
HIT 3 1997188890937 465 7772618726237432382
HIT 3 2143218434361 499 8725143875059284302
HIT 3 2143219024185 499 8839002635347259979
HIT 3 2151808958777 501 7854437334370134765
HIT 3 2138924122425 498 9097073645113521875
HIT 3 2014370136377 469 7632325117081248549
HIT 3 2022960070969 471 7822871858466320093
HIT 3 2053024842041 478 7160247353178144129
HIT 3 2095974515001 488 8775384672086776191
HIT 3 2134629220665 497 8043845963563262137
HIT 3 2138924187961 498 9175413793776220895
HIT 3 2168988959033 505 7989402424812264156
HIT 3 2143219351865 499 7263038606191221306
HIT 3 2143220334905 499 7235820782759947133
HIT 3 2143220400441 499 8398537520629580590
HIT 3 2177581121849 507 7295619026098590390
HIT 3 2190466023737 510 8637400846578718297
HIT 3 2143213519167 499 8489114534521852089
HIT 3 2143219155267 499 8259865873283091996
HIT 3 2143213519172 499 8055951392025095905
HIT 3 2143213519174 499 7752855772962872394
HIT 3 2143219155270 499 7817857759967624109
HIT 3 1997184631111 465 8140684866903251537
HIT 3 2143213519178 499 7752720588360369965
HIT 3 2143213519183 499 7444280996786861126
HIT 3 2143219155277 499 7280166671149198308
HIT 3 2143219155282 499 7356448094118621288
HIT 3 2143219155285 499 8784749754810018826
HIT 3 1997184631127 465 8575253577774126395
HIT 3 2143219155288 499 8919152155007523710
HIT 3 2143213519195 499 8642573825206851849
HIT 3 1997184631135 465 7502759654670398936
HIT 3 2143213519199 499 8458413566597441877
HIT 3 2143213519197 499 7428893830222872963
HIT 3 1997184631137 465 8525438343287175556
HIT 3 2143213519201 499 8067236998679487714
HIT 3 2143219155299 499 7253329509368661569
HIT 3 1997184631141 465 8757001234258436823
HIT 3 1997184631143 465 8758570158376856678
HIT 3 2143219155301 499 7838467313387177760
HIT 3 1997184631149 465 8045057602265509807
HIT 3 2143219155303 499 8157702807850827043
HIT 3 1997184631153 465 7294806994905134140
HIT 3 1997184631155 465 8472858856000658646
HIT 3 1997184631159 465 7154061402758386162
HIT 3 2143213584762 499 7192455561419421947
HIT 3 2005774696826 467 8213240896350163482
HIT 3 1997184893306 465 7902119405273241006
HIT 3 2143213781370 499 9062248888838098067
HIT 3 2143213584763 499 7466768466194000180
HIT 3 1997184762235 465 7902119405273241006
HIT 3 2143213650299 499 9062248888838098067
HIT 3 2143213715835 499 7192455561419421947
HIT 3 1997185155451 465 8980314384944079076
HIT 3 2143214174587 499 7184682189311559697
HIT 3 2143214305659 499 8387868536227845114
HIT 3 1997186007419 465 9081947691705695602
HIT 3 2143215026555 499 7383782453103630801
HIT 3 2143215092091 499 8138773496904174210
HIT 3 2143215223163 499 7667488731032009086
HIT 3 2143215354235 499 8841506457222416929
HIT 3 2143215485307 499 7132037290341742841
HIT 3 2143219155320 499 7128721976123760490
HIT 3 2143213781372 499 7992625249906476289
HIT 3 2143219286394 499 7700528839744430013
HIT 3 2151811252602 501 7466768466194000180
HIT 3 2143215944059 499 9188049875099373734
HIT 3 1997187121531 465 9088809325780991700
HIT 3 1997187645819 465 7678190035318784941
HIT 3 2143216533883 499 8287733552575610620
HIT 3 2143216861563 499 9078439710224513566
HIT 3 2143216927099 499 8129254601700874428
HIT 3 1997188301179 465 8620994768351941513
HIT 3 1997189022075 465 9110955797215936636
HIT 3 1997189284219 465 6943230473647848759
HIT 3 2005780005243 467 7884270372628459621
HIT 3 2143218958715 499 7415291890103593105
HIT 3 1997190136187 465 7884270372628459621
HIT 3 2018665103739 470 9103163701033333593
HIT 3 2083089613179 485 7777741648364113202
HIT 3 2087384580475 486 9145565013164049304
HIT 3 2117449351547 493 8003341566356989183
HIT 3 2014370201979 469 8213240896350163482
HIT 3 2151809220987 501 7350475831569338933
HIT 3 2143219483003 499 7471191066881123396
HIT 3 2143219614075 499 7063069870027533766
HIT 3 2143220334971 499 7746779907974764347
HIT 3 2143220662651 499 8162835573137371982
HIT 3 2143220924795 499 7335054939188255949
HIT 3 2151811252605 501 7992625249906476289
HIT 3 2143219155326 499 8848358078063948318
HIT 3 2143219155331 499 7406409803419618359
HIT 3 2143219155362 499 8084100491314000485
HIT 3 2143219155355 499 8339523696534536627
HIT 3 2143219155369 499 8648264720680242470
HIT 3 2143219155377 499 8516502722936622989
HIT 3 2143219155372 499 9083249850426825734
HIT 3 2143219155375 499 7525674087471734532
HIT 3 2143219155397 499 7283653876687740342
HIT 3 2143219155401 499 8943124796752646227
HIT 3 2143219155386 499 8096644088781922178
HIT 3 2134629351888 497 8240894863411590898
HIT 3 2138924319184 498 8597296564355326417
HIT 3 2151809221072 501 6957789022222420585
HIT 3 2143219417552 499 8288114912381989075
HIT 3 2143219286481 499 8288114912381989075
HIT 3 2143220597201 499 7661319103090159091
HIT 3 2143221187025 499 8240894863411590898
HIT 3 2147516350929 500 8597296564355326417
HIT 3 2181876089297 508 7672038019422094262
HIT 3 2160401318353 503 6957789022222420585
DONE data/p_lam.txt sz=3 range=[0,512) n=22108160 zero=0 44.9s
