HIT 1 499 499 18069869511197762072
DONE data/p_lam.txt sz=1 range=[0,512) n=512 zero=0 0.3s
HIT 2 24838290 379 17012040041817243094
HIT 2 20447380 312 16807037301878743919
HIT 2 24969364 381 17481761346056612090
HIT 2 32637076 498 16207229948003110617
HIT 2 32702612 499 17372352577873880262
HIT 2 32833684 501 16643693576621827425
HIT 2 20512918 313 16883787779951617785
HIT 2 24838455 379 17960325914574840917
HIT 2 32702775 499 17506362382810383428
HIT 2 30474553 465 16720451832819098235
HIT 2 32571705 497 17924901905799231556
HIT 2 32637241 498 17980229081255844517
HIT 2 32702843 499 16693762546033799886
HIT 2 32702927 499 16159067375773970976
HIT 2 32834034 501 18069869511197762072
DONE data/p_lam.txt sz=2 range=[0,512) n=130560 zero=0 3.6s
HIT 3 1997180305411 465 17155348211914793323
HIT 3 1344334462980 313 17279725607665639605
HIT 3 1997169491972 465 18114841959018029701
HIT 3 1627802304517 379 16248168613377674347
HIT 3 1997169491973 465 16410826551691583020
HIT 3 1627802304519 379 18314814865213614587
HIT 3 1997184630789 465 17477209785129402134
HIT 3 1997184630790 465 16306873081425084857
HIT 3 2143198380041 499 18135201967760282377
HIT 3 1627802304520 379 18187291057382022257
HIT 3 1344334462986 313 17163010738662730214
HIT 3 1997180305417 465 17653984274264320764
HIT 3 2143198380043 499 17845183754460708233
HIT 3 1997184630794 465 17203925062553599268
HIT 3 2143198380045 499 18406112386388670447
HIT 3 2143219154954 499 18234025914055343257
HIT 3 2143198380046 499 16167196829763581850
HIT 3 1627802304527 379 17825902002984050048
HIT 3 1997180305424 465 18355776805808959665
HIT 3 2143213518864 499 17044267674063644551
HIT 3 2143198380049 499 17022635859351498615
HIT 3 1997169491987 465 16222686457631634635
HIT 3 1997169491989 465 17000685743218954254
HIT 3 1997169491991 465 16208718050532144586
HIT 3 1344334463000 313 17009128172800458771
HIT 3 2143198380056 499 17672056516684141442
HIT 3 2143213518872 499 17273321455402190824
HIT 3 1997184630810 465 17985274386949115743
HIT 3 1627802304540 379 18121525890157450882
HIT 3 1997169491998 465 17813076870603893712
HIT 3 1997169491999 465 17214015011820855549
HIT 3 1997180305438 465 16269677146768623052
HIT 3 1997169492002 465 16229464270206051166
HIT 3 1344334463011 313 17071183916447812138
HIT 3 2143209193505 499 16979472733016309023
HIT 3 2143219154978 499 17719757089306331150
HIT 3 1344334463014 313 17646784593470709407
HIT 3 2143213518886 499 16666694042045163446
HIT 3 1627813117992 379 17976517319130029252
HIT 3 1997169492009 465 16853666178594330007
HIT 3 2143198380073 499 18060686422387811450
HIT 3 1997169492010 465 16957011229767286619
HIT 3 1997184630824 465 17805715203406332578
HIT 3 2143219154984 499 17110398514670531426
HIT 3 2143213518890 499 17475114745421812732
HIT 3 2143209193515 499 16151599397501483389
HIT 3 1344334463021 313 17535951300695510167
HIT 3 1997184630830 465 17503419395997054470
HIT 3 1344334463023 313 17352424424614462800
HIT 3 2143219154990 499 16230498391434448742
HIT 3 1997180305455 465 17368317988580495169
HIT 3 2143198380081 499 18042074616607811574
HIT 3 2143213518895 499 16237027558063030420
HIT 3 2143219154991 499 17457701164104389256
HIT 3 1344334463028 313 17345475114508411061
HIT 3 2143198380084 499 17079257294495639420
HIT 3 1344334463029 313 16740686214090788063
HIT 3 1997169492021 465 16498207929860018422
HIT 3 1344334463030 313 17555366591345267928
HIT 3 1997180305460 465 17355375932595172008
HIT 3 1627813118005 379 17543559035123302297
HIT 3 1997169492023 465 18337673439696447699
HIT 3 1627802304568 379 16341762074425765297
HIT 3 2143213518904 499 16308953180654333574
HIT 3 1344334463036 313 17775254444379332257
HIT 3 2143213518910 499 17787515896931025836
HIT 3 2143219155007 499 17708298805803112543
HIT 3 2143209193536 499 17905037641235013449
HIT 3 1997180305474 465 16195301451303869174
HIT 3 1997169492035 465 16552579434188161325
HIT 3 1344334463045 313 17335334291942545861
HIT 3 1344334463046 313 17227518165203408412
HIT 3 1997169492038 465 16842663526471324167
HIT 3 1997184630851 465 16959826443813023219
HIT 3 1627813118020 379 16384109404111711835
HIT 3 1344334463047 313 16675852073864609382
HIT 3 1997169492040 465 17708265903351344011
HIT 3 1627802304586 379 16931338766466970688
HIT 3 1344334463051 313 16599204080378238321
HIT 3 1627802304587 379 16233880035196465535
HIT 3 1344334463053 313 16802991733503127634
HIT 3 2143213518922 499 16330994506047157103
HIT 3 1997184630860 465 17816757084053658559
HIT 3 2143213518925 499 17084690566417988000
HIT 3 1344334463054 313 16188069496081472260
HIT 3 1997169492048 465 16891100839243659569
HIT 3 2143198380112 499 16688892728807165848
HIT 3 2143209193550 499 16434856479720759362
HIT 3 2143198380113 499 17291122246120765076
HIT 3 2143219155022 499 17579926141462949332
HIT 3 1627813118032 379 17803763896728665828
HIT 3 1997184630863 465 17396672104244984038
HIT 3 1997184630864 465 16612654491728296568
HIT 3 1627802304596 379 16425889318335974882
HIT 3 1997180305491 465 16391248015605931311
HIT 3 1627813118034 379 18085189007139139298
HIT 3 1997184630867 465 17793434852807608733
HIT 3 1997169492055 465 17516734190487211528
HIT 3 2143198380119 499 16726711248808116369
HIT 3 2143213518934 499 16813439945398641074
HIT 3 1627813118040 379 16666506397914716692
HIT 3 1997169492059 465 17213710939192949197
HIT 3 1997169492060 465 18128102710785941147
HIT 3 2143198380124 499 16736711887821268306
HIT 3 1627813118041 379 18296465705770118297
HIT 3 2143219155034 499 17697353667321324369
HIT 3 2143213518940 499 17628388368789201794
HIT 3 1997169492063 465 17694273625089489525
HIT 3 1997180305502 465 18058706422022477831
HIT 3 1627813118047 379 17433625569724471048
HIT 3 1997169492065 465 17811806431513393342
HIT 3 1627802304610 379 16393824445066888284
HIT 3 1627802304611 379 17986320771350731046
HIT 3 1344334463076 313 17353709664877509475
HIT 3 2143209193569 499 16170134052817463594
HIT 3 1997184630881 465 18052427913470570414
HIT 3 2143209193571 499 16336995293980838106
HIT 3 2143213518948 499 16468785337104665462
HIT 3 2143219155044 499 17481501126615924757
HIT 3 1344334463079 313 17843990001146777887
HIT 3 1627802304615 379 17034301278859397164
HIT 3 2143198380135 499 18149808836046059321
HIT 3 1997180305509 465 17476072404111254878
HIT 3 2143209193574 499 17052971690916936987
HIT 3 1997184630887 465 16884449113735901670
HIT 3 1997180305512 465 16313566754653218123
HIT 3 1627802304617 379 18435222724573941891
HIT 3 1997169492074 465 17924175574614379081
HIT 3 1627813118057 379 17252353308000325545
HIT 3 1997180305513 465 17298249124721661680
HIT 3 2143213518953 499 17475504437571626665
HIT 3 2143213518955 499 18304155146050451697
HIT 3 1344334463087 313 18181338974050060275
HIT 3 1627802304622 379 16315267321739521874
HIT 3 1627813118061 379 17629396172045142963
HIT 3 1627813118064 379 17480427364312425656
HIT 3 1997180305520 465 16798901600687338773
HIT 3 1344334463089 313 17542776023771448216
HIT 3 2143198380148 499 16288626544981016439
HIT 3 2143209193587 499 16426697158643299349
HIT 3 1344334463094 313 18043726352814371923
HIT 3 1344334463095 313 18438161691405895928
HIT 3 2143209193594 499 16627360668997017452
HIT 3 1997180305527 465 17739826178903458207
HIT 3 1997184630906 465 17745309588407349219
HIT 3 1997184630904 465 17348984880156006834
HIT 3 2143219155064 499 18199433600850258331
HIT 3 2143219155066 499 18429920744176484671
HIT 3 1344334463100 313 16228065267167511838
HIT 3 2143213518972 499 18257127415341571419
HIT 3 2143219155068 499 16221566582299376928
HIT 3 1997180305534 465 16439014390634968890
HIT 3 1997184630910 465 16301258659056011552
HIT 3 1997169492097 465 18368689682474290982
HIT 3 1997180305537 465 17588718917109273631
HIT 3 2143213518976 499 17563143175396805578
HIT 3 2143213518978 499 16295171509991854345
HIT 3 2143198380164 499 16914594384471881281
HIT 3 2143219155074 499 18284480175553376654
HIT 3 2143198380166 499 16832731489133636155
HIT 3 2143209193603 499 17395461437075963225
HIT 3 2143198380167 499 16393621185053115611
HIT 3 1344334463112 313 17841747225271260147
HIT 3 2143213518981 499 16745465073791834862
HIT 3 2143219155077 499 17316068256174438598
HIT 3 1997169492105 465 18377798756098800691
HIT 3 1997180305543 465 16847794014620747710
HIT 3 1627813118090 379 17124440374401089222
HIT 3 2143219155081 499 17112828099993387420
HIT 3 1344334463117 313 17851012639094979443
HIT 3 1344334463119 313 17793910448290989917
HIT 3 2143198380175 499 17332566344291069920
HIT 3 1627802304656 379 18093667578794840856
HIT 3 1997169492112 465 17636927797475244785
HIT 3 1627813118096 379 17903502026561733645
HIT 3 1997180305552 465 17287031165396106324
HIT 3 1997180305548 465 18354486867051113979
HIT 3 2143209193612 499 16678456458022995453
HIT 3 2143213518988 499 18052696384357349322
HIT 3 1627802304658 379 18014636520093656056
HIT 3 1627802304659 379 17012040041817243094
HIT 3 1627802435731 379 18014636520093656056
HIT 3 2143213518989 499 17664398550812743019
HIT 3 1627813118097 379 17008311397633442717
HIT 3 2143219155085 499 16734721864865887368
HIT 3 1344334790804 313 16250968202566920945
HIT 3 1997169885332 465 16157797973187740334
HIT 3 1997170081940 465 18221517682484388248
HIT 3 1627813118098 379 17315310438682660268
HIT 3 2005770240146 467 17670955988797615771
HIT 3 2143213518993 499 18195835870106644454
HIT 3 1340039626901 312 16807037301878743919
HIT 3 1636392370325 381 17481761346056612090
HIT 3 2138903543957 498 16207229948003110617
HIT 3 2143198511253 499 17372352577873880262
HIT 3 2151788445845 501 16643693576621827425
HIT 3 1344334659733 313 16250968202566920945
HIT 3 1344335380628 313 17142726574506102331
HIT 3 1627803222164 379 17684918891174552629
HIT 3 1997170475156 465 17209240073772318867
HIT 3 2143199363220 499 18391568221843295482
HIT 3 1627803353236 379 17334043620450908125
HIT 3 1997170737300 465 17067145618170114239
HIT 3 2143199756436 499 16492517572623797470
HIT 3 1627803811988 379 16184836351027660240
HIT 3 2143199887508 499 17461108068508183417
HIT 3 1344336035988 313 17283395564750278766
HIT 3 2143199953044 499 17918357826937624144
HIT 3 1997171327124 465 16634140393756593670
HIT 3 2143200280724 499 16969906851406441676
HIT 3 1627804336276 379 18229418225155244495
HIT 3 1997171523732 465 17238415657663686158
HIT 3 1344336625812 313 16233586523498005982
HIT 3 1997171654804 465 16735243732210508096
HIT 3 2143200542868 499 17578727094839241431
HIT 3 1344336691348 313 18132258617960995969
HIT 3 1344337019028 313 17586189222784792269
HIT 3 1344337084564 313 18204519751940376910
HIT 3 1636407312530 381 17012040041817243094
HIT 3 2143219024018 499 16754392028888673666
HIT 3 2143219155090 499 16612729270001203583
HIT 3 1997172506772 465 16663574440949065928
HIT 3 1344337543316 313 17779078261384286254
HIT 3 1627805384852 379 16563083675371902234
HIT 3 1997172703380 465 17765615168660726227
HIT 3 2143201591444 499 16777141478258926281
HIT 3 1997172965524 465 17449891358079025382
HIT 3 1627806040212 379 16853393634188780786
HIT 3 1997173358740 465 16523990240914654898
HIT 3 2143202377876 499 17287826042100142130
HIT 3 1344338591892 313 16816700048215416942
HIT 3 2143202574484 499 16580377159693914219
HIT 3 1627806695572 379 17032972999641496013
HIT 3 1627806761108 379 18158057776336391334
HIT 3 1627806892180 379 17662959060723473992
HIT 3 1627806957716 379 17545426184427084449
HIT 3 1344339509396 313 18037531661100197377
HIT 3 2143203426452 499 16367790905851165798
HIT 3 1344334725271 313 16883787779951617785
HIT 3 2143203557524 499 16786322852236291156
HIT 3 1344339771540 313 16497874187403476021
HIT 3 1344339902612 313 17214341928742319764
HIT 3 1997174931604 465 17474544163986587804
HIT 3 1627807809684 379 16183158553888342245
HIT 3 1997175193748 465 17987998885752946498
HIT 3 2143204147348 499 17660586864447530352
HIT 3 1627808202900 379 18381096853483949554
HIT 3 1344340492436 313 16521234114250825310
HIT 3 1344341213332 313 18001299859098751449
HIT 3 2143205130388 499 16371399271603600973
HIT 3 1344341344404 313 16602067241435113027
HIT 3 2143205261460 499 16942693230654322979
HIT 3 1997176438932 465 17683351741198753461
HIT 3 2143205326996 499 17120813930625740914
HIT 3 1997176635540 465 18196506249269533746
HIT 3 1344341737620 313 17117693469571232837
HIT 3 1627809710228 379 17201119166278670124
HIT 3 1627809906836 379 17356493771197535172
HIT 3 1627810037908 379 16845390926311850760
HIT 3 1997177225364 465 18305059322229679372
HIT 3 2143206113428 499 16293372781628309740
HIT 3 2143206244500 499 16497878087114786132
HIT 3 1627810431124 379 18411330568807491217
HIT 3 1344342655124 313 17082194248504143075
HIT 3 1997178011796 465 17822071289423894606
HIT 3 1997178208404 465 17271863603149903319
HIT 3 1627811217556 379 17693352090534991434
HIT 3 2143207751828 499 17486626510496767531
HIT 3 1344343965844 313 16151701649633806820
HIT 3 2143208210580 499 17979194072610585310
HIT 3 2143208341652 499 18268498161230255349
HIT 3 1997179519124 465 17427357146801379403
HIT 3 1344344621204 313 18191265800818262401
HIT 3 1627812462740 379 18151710107195475645
HIT 3 2143208669332 499 18342586765629275641
HIT 3 1997179977876 465 17181737785060242950
HIT 3 1344345014420 313 16163057498526172455
HIT 3 1636402921620 381 16274700456991889917
HIT 3 1348640243860 314 16807037301878743919
HIT 3 1378705014932 321 16779800208815020267
HIT 3 1413064753300 329 17749302156408170974
HIT 3 1434539589780 334 16546366000038396545
HIT 3 1438834557076 335 16358568840489851930
HIT 3 1447424491668 337 18145678867932662006
HIT 3 1451719458964 338 18027694636920706471
HIT 3 1460309393556 340 16306850990693689834
HIT 3 1464604360852 341 16410170412180706701
HIT 3 1473194295444 343 16308238792409859637
HIT 3 1490374164628 347 16921673861603739818
HIT 3 1576273510548 367 17341222512366306073
HIT 3 1584863445140 369 18276677231394606397
HIT 3 1597748347028 372 16908852219616271747
HIT 3 1619223183508 377 18196550360214229221
HIT 3 1623518150804 378 16838741527261181029
HIT 3 1627813118100 379 17479713888769239046
HIT 3 1735187300500 404 17838717999029583307
HIT 3 1739482267796 405 16267713372283575124
HIT 3 1769547038868 412 16726279463755231372
HIT 3 1791021875348 417 17054279771862559638
HIT 3 1829676581012 426 17292566792127139126
HIT 3 1919870894228 447 16847369918840134808
HIT 3 1932755796116 450 18029874254056500123
HIT 3 1941345730708 452 17080782277079997926
HIT 3 1971410501780 459 16303931867770261103
HIT 3 1992885338260 464 16972409367740583423
HIT 3 2018655142036 470 17518151944062323011
HIT 3 2031540043924 473 17113097257961399834
HIT 3 2078784684180 484 16898388113444574541
HIT 3 2087374618772 486 16975715189301049454
HIT 3 2113144422548 492 17486091019102039766
HIT 3 1623518281876 378 18016451782765200456
HIT 3 1997180502164 465 18300495041422487366
HIT 3 2143209455764 499 18133636073516847698
HIT 3 1627813707924 379 16706491234458908707
HIT 3 1627814232212 379 17996287748730407980
HIT 3 2143210307732 499 16675670065902694412
HIT 3 1627814363284 379 18025151182855679497
HIT 3 1627814428820 379 17816519343446603888
HIT 3 2143210504340 499 18409373004699669835
HIT 3 1627814625428 379 17859057318900074690
HIT 3 1997182009492 465 17396841705330358836
HIT 3 1627814953108 379 16569483239599626585
HIT 3 1627815346324 379 16622883398396851365
HIT 3 2143211421844 499 16195715476616245972
HIT 3 1627815477396 379 17901722456514433805
HIT 3 1627815608468 379 17289089254099288200
HIT 3 2143212142740 499 17925378312130236950
HIT 3 2143212470420 499 16189290514575070704
HIT 3 1997183647892 465 16960171620487284934
HIT 3 2143212601492 499 17522550799383223094
HIT 3 1997183778964 465 17912771907136505129
HIT 3 2143213060244 499 16230422410099295131
HIT 3 1997184499860 465 16858944069655152429
HIT 3 2138918486164 498 16484400934051560650
HIT 3 1653587247252 385 16955155246011541604
HIT 3 1657882214548 386 17991283205920111274
HIT 3 1666472149140 388 18241752417889194424
HIT 3 1687946985620 393 18051555477395680590
HIT 3 1730896658580 403 16325116931325579701
HIT 3 1760961429652 410 17431175012412049584
HIT 3 1821090971796 424 18324623044831032773
HIT 3 1825385939092 425 16414526637841289854
HIT 3 1851155742868 431 17505431051892507027
HIT 3 1958529925268 456 18400462491251598059
HIT 3 2027249402004 472 16722525825219543481
HIT 3 2070199074964 482 16890146854585070246
HIT 3 2087378944148 486 16153200236986535484
HIT 3 2121738682516 494 16664533862959307793
HIT 3 1644997378196 383 17481761346056612090
HIT 3 1997185089684 465 18332142365041548526
HIT 3 1997185286292 465 17727485564952835006
HIT 3 2143214370964 499 17719292502909040256
HIT 3 1997185876116 465 17666363565593008603
HIT 3 2143214895252 499 16246368209311250372
HIT 3 2143215026324 499 18263836692622854168
HIT 3 2143215288468 499 17256978804772907888
HIT 3 2143216009364 499 18278986747970731977
HIT 3 2143216271508 499 17256170102758040880
HIT 3 2143216664724 499 18236547038865407922
HIT 3 1997187973268 465 16205577876159853332
HIT 3 1997188235412 465 16556803866832985028
HIT 3 1997188694164 465 18365578607542968967
HIT 3 2143217647764 499 16617684478648708714
HIT 3 1997189021844 465 17613361585033207086
HIT 3 1997189349524 465 16794959527626905887
HIT 3 1997189611668 465 17801785370627228215
HIT 3 1997190004884 465 16167397481365270030
HIT 3 2134629154964 497 16490770267642802817
HIT 3 2151809024148 501 17117582297335868366
HIT 3 2040139939988 475 17133971829214459641
HIT 3 2044434907284 476 16369796219357858988
HIT 3 2074499678356 483 17520512014872641313
HIT 3 2083089612948 485 17547545508275821607
HIT 3 2091679547540 487 18335809753156367158
HIT 3 2121744318612 494 17708635488565687106
HIT 3 2130334253204 496 17559987880951328313
HIT 3 2134629220500 497 17294714270333396948
HIT 3 2156104056980 502 18191907557838033858
HIT 3 2173283926164 506 17994454390620060781
HIT 3 2181873860756 508 17187830430065899321
HIT 3 2143219417236 499 17041531000253178939
HIT 3 2143219875988 499 18361070849731606313
HIT 3 2143220531348 499 17718368386334496420
HIT 3 2143220859028 499 17090452087063067955
HIT 3 2151811252372 501 17372352577873880262
HIT 3 2160401186964 503 17216212675019095290
HIT 3 2147516350612 500 16207229948003110617
HIT 3 2151811317908 501 17216212675019095290
HIT 3 2173286154388 506 17248404462888151225
HIT 3 2177581121684 507 16927620474806504981
HIT 3 2194760990868 511 16394171880932237267
HIT 3 2160401318036 503 16643693576621827425
HIT 3 1352935145622 315 16883787779951617785
HIT 3 1623518150806 378 17569626590338829720
HIT 3 1627813118103 379 16834162684180589577
HIT 3 1997180305559 465 17221186633026584173
HIT 3 2143209193623 499 17097326650037160191
HIT 3 1992889663638 464 16960987461609100228
HIT 3 2143219286166 499 16149260699885561148
HIT 3 1627813118105 379 16512397700612807298
HIT 3 2143209193624 499 17845611496921957682
HIT 3 1627813118106 379 17604724451598157690
HIT 3 2143209193627 499 16702805738499511069
HIT 3 1997184630938 465 17864126857946588981
HIT 3 2143213519005 499 16221814739648459709
HIT 3 2143209193632 499 18437113996551989425
HIT 3 2143213519006 499 18018430987469516879
HIT 3 1997184630944 465 17584830116307578187
HIT 3 2143213519008 499 17549409390640016967
HIT 3 2143219155104 499 16443414019274151052
HIT 3 2143219155108 499 17547248928955657578
HIT 3 2143219155109 499 18022524101957632825
HIT 3 2143209193639 499 18347254978923223923
HIT 3 1997184630950 465 16219975701892048040
HIT 3 2143209193642 499 16321060408723561264
HIT 3 1997184630955 465 18335796150451165003
HIT 3 1627813118125 379 16455915056569713002
HIT 3 1997180305582 465 16737589359448791167
HIT 3 2143213519025 499 16866364271068521447
HIT 3 1627813118132 379 18063053529056667273
HIT 3 2143209193652 499 17877807874039326065
HIT 3 2143213519028 499 17971410370137767990
HIT 3 1997184630965 465 18012726955465977433
HIT 3 1997180305591 465 17856701685761860127
HIT 3 2143219155127 499 16678895186855818770
HIT 3 1997180305596 465 18150781528817028794
HIT 3 2143213519035 499 17577688897937095482
HIT 3 2143219155131 499 17645829283078544195
HIT 3 2143213519038 499 17512569002775109520
HIT 3 2143219155135 499 16288101347136497013
HIT 3 1997180305600 465 16164708535291420901
HIT 3 1627813118148 379 16276167446318890817
HIT 3 1627813118153 379 16473371977081351711
HIT 3 2143213519048 499 17269162427934096725
HIT 3 2143219155144 499 18403220073850994685
HIT 3 1997184630985 465 16964149572168410222
HIT 3 2143219155147 499 16980588702707782714
HIT 3 1997180305612 465 16151366358669310566
HIT 3 1627813118157 379 18031295674582433987
HIT 3 2143209193678 499 18324388654846174280
HIT 3 2143213519055 499 16228375867442314666
HIT 3 2143209193680 499 16345149494952206413
HIT 3 2143213519056 499 17232367968201181594
HIT 3 1627813118161 379 16417350945123599494
HIT 3 1997180305620 465 16645916235201737099
HIT 3 1997184630993 465 18046497625640511397
HIT 3 2143213519060 499 17829264498315284527
HIT 3 2143219155156 499 16708315156207980634
HIT 3 1997184630995 465 16503090103888827659
HIT 3 1997180305621 465 16819647611214444336
HIT 3 2143209193685 499 18001121631844032356
HIT 3 1997180305622 465 17554091441890312680
HIT 3 2143213519064 499 18190967954380909912
HIT 3 2143219155157 499 17235738990819969852
HIT 3 1997180305626 465 17600182317074755296
HIT 3 1997184631003 465 18042198901799310619
HIT 3 2143219155162 499 16642754733253473643
HIT 3 1997180305630 465 16273607640850005559
HIT 3 2143209193694 499 16201434979218608123
HIT 3 2143213519070 499 18251584026305909542
HIT 3 2143219155166 499 17239124989391726595
HIT 3 1997180305633 465 18314146998542859923
HIT 3 1997184631011 465 16199252152148487490
HIT 3 2143209193701 499 16669932999705507749
HIT 3 1997184631013 465 18344676612888086182
HIT 3 2143219155175 499 18337305353292837151
HIT 3 2143219155180 499 16817337890468882791
HIT 3 1627813118191 379 17711778209452677319
HIT 3 1997180305648 465 16214251998210613603
HIT 3 2143213519088 499 17103762088188915107
HIT 3 2143209193715 499 18434223686278039453
HIT 3 2143213519091 499 17691104896087080375
HIT 3 2143219155187 499 17387263753410030626
HIT 3 1627813118194 379 17982233777818670218
HIT 3 2143213519090 499 16743950521588067313
HIT 3 1627813118198 379 18335822682789000720
HIT 3 1997184631030 465 17141907056057670764
HIT 3 1997180305658 465 16827047740831167307
HIT 3 1997184631036 465 16207724913555965226
HIT 3 1997184631037 465 18255113785816982269
HIT 3 2143209193727 499 17034898743479536269
HIT 3 2143219155197 499 17904479640183987134
HIT 3 1627813118210 379 16348317276340785988
HIT 3 2143219155200 499 17457231765582484273
HIT 3 1997180305667 465 18285827822810230326
HIT 3 2143219155202 499 17051899396952950577
HIT 3 2143219155203 499 16364245554927004515
HIT 3 1997180305669 465 16987928757532356566
HIT 3 2143209193734 499 18415375535627478614
HIT 3 1627813118215 379 17678917576710807726
HIT 3 2143219155204 499 16973295709931324698
HIT 3 1627813118216 379 17423699815574414085
HIT 3 1997180305672 465 17653683036239651466
HIT 3 1627813118217 379 17560403719552262263
HIT 3 2143209193738 499 16150930935858230896
HIT 3 2143213519112 499 16467340795375410681
HIT 3 1997180305677 465 16531410297981056048
HIT 3 1627813118223 379 17420597289573765438
HIT 3 2143219155214 499 17223835114881992221
HIT 3 1997180305682 465 16555981331281025722
HIT 3 2143219155218 499 17401906790687832440
HIT 3 2143209193750 499 17970770942431187302
HIT 3 2143213519126 499 16403998378539465465
HIT 3 2143219155222 499 16362534105116620067
HIT 3 1627813118238 379 17960876989301725632
HIT 3 2143209193758 499 18443814475540308884
HIT 3 1997184631069 465 17892868715738480921
HIT 3 1997180305697 465 18313847063003698651
HIT 3 1997180305699 465 17240196925307580125
HIT 3 2143209193763 499 17059663527227715018
HIT 3 2143209193764 499 16595989926343533173
HIT 3 2143213519139 499 18244681419474284244
HIT 3 2143213519140 499 16952745739966361912
HIT 3 2143219155238 499 16757287251367644881
HIT 3 1997180305705 465 18356909590278717832
HIT 3 2143219155237 499 16587805304086165526
HIT 3 1997184631079 465 16193092333399052387
HIT 3 2143219155243 499 18157651498983864208
HIT 3 1627813118257 379 17462769004891435703
HIT 3 1627813118258 379 17900802388218187195
HIT 3 1627813118262 379 17960325914574840917
HIT 3 2143209193782 499 17506362382810383428
HIT 3 1636407312695 381 17960325914574840917
HIT 3 1997180371256 465 17815814669825559218
HIT 3 1997180436792 465 16720451832819098235
HIT 3 2134619390264 497 17924901905799231556
HIT 3 2138914357560 498 17980229081255844517
HIT 3 2138924187959 498 17480357574532195379
HIT 3 2143219155255 499 18259313200458179316
HIT 3 2151811252535 501 17506362382810383428
HIT 3 1997184631094 465 16596423506321843169
HIT 3 1997180502329 465 17815814669825559218
HIT 3 1997180633401 465 16280369402656463270
HIT 3 1627813839161 379 17561756500011243782
HIT 3 1988594696504 463 17832294675843081196
HIT 3 1992889663800 464 17137329929833669025
HIT 3 1997184762168 465 17362487900911329251
HIT 3 1997181026617 465 17552899619225154253
HIT 3 2143209980217 499 18332210825792899321
HIT 3 1627814101305 379 16638046581702915011
HIT 3 1627814363449 379 17263919612479299302
HIT 3 1627814428985 379 16985578338710619129
HIT 3 1997181747513 465 16663108387692713983
HIT 3 1627814691129 379 16933187229800458643
HIT 3 2143210832185 499 16320462456717750686
HIT 3 1627814822201 379 18094697102238566083
HIT 3 1997182009657 465 17175618111662912013
HIT 3 1997182402873 465 17086751450082998907
HIT 3 1997182796089 465 16470793254060466228
HIT 3 1997182992697 465 16971880758434982798
HIT 3 1997183058233 465 16904606355503846708
HIT 3 1627816263993 379 17788772938838714996
HIT 3 1997183451449 465 16264136465279173492
HIT 3 1997183779129 465 18365527209709782807
HIT 3 1627816788281 379 17233724107067003009
HIT 3 2143213519163 499 18157359656907351991
HIT 3 2143213650235 499 16149260699885561148
HIT 3 2143213191481 499 16364207504403485513
HIT 3 1627817181497 379 18411731853081277870
HIT 3 1997184434489 465 17046507618178243769
HIT 3 1992889532729 464 17101889577078895691
HIT 3 1670767116601 389 17232357210193282950
HIT 3 1687946985785 393 16356671302598648673
HIT 3 1748076527929 407 16729369279811694881
HIT 3 1778141299001 414 16817511502462343303
HIT 3 1846860775737 430 16762529981701649059
HIT 3 1855450710329 432 18146565964292104733
HIT 3 1906990317881 444 18325853999221838155
HIT 3 1984299729209 462 16205527749300141075
HIT 3 1997184631097 465 18113903595038264703
HIT 3 2014364500281 469 16148515116827372053
HIT 3 2022954434873 471 17545713327191168960
HIT 3 2048724238649 477 16454143116680639180
HIT 3 2061609140537 480 17605635244245207640
HIT 3 2095968878905 488 17936781862917946653
HIT 3 2130328617273 496 17758693641408841871
HIT 3 2151803453753 501 18063534911602494884
HIT 3 2194753126713 511 16786366469187589479
HIT 3 1997185155385 465 18204790508074745127
HIT 3 2143214108985 499 18423006428266944343
HIT 3 1997185286457 465 17350085473041565615
HIT 3 1997185351993 465 16498002079218024536
HIT 3 1997185483065 465 17510325620347661368
HIT 3 1997185614137 465 16213842008574498010
HIT 3 2143214895417 499 18229105865555897568
HIT 3 2143214960953 499 16386603911459914927
HIT 3 2143215157561 499 17306006839095512671
HIT 3 1997186400569 465 16846697010465332995
HIT 3 2143215354169 499 17857873377641637369
HIT 3 2143216009529 499 17099630322443380316
HIT 3 2143216140601 499 16271924451046833509
HIT 3 2143216206137 499 18290625574996526157
HIT 3 2143216468281 499 18259998879032390913
HIT 3 1997187645753 465 17466064370357412854
HIT 3 2143216533817 499 16740851706131056062
HIT 3 2143216795961 499 17803438825278521988
HIT 3 1997187973433 465 18279067972258606464
HIT 3 2143216927033 499 17803847033029640618
HIT 3 2143217451321 499 16990959291897515489
HIT 3 1997189022009 465 16517256628573680836
HIT 3 1997189218617 465 17151997623324246308
HIT 3 1997189349689 465 16606028611460045814
HIT 3 2143218368825 499 16486509068930919877
HIT 3 2143218827577 499 18090123630002337041
HIT 3 2143218958649 499 16805215468454372991
HIT 3 2005780136249 467 16720451832819098235
HIT 3 2040139940153 475 17447268341504494488
HIT 3 2048729874745 477 17847122291568789149
HIT 3 2100269482297 489 16357685201983473395
HIT 3 2190463795513 510 17232497366345872699
HIT 3 2143219220793 499 17426440934480374255
HIT 3 2143219679545 499 16626128164655675900
HIT 3 2143221186873 499 17924901905799231556
HIT 3 2147516350777 500 17980229081255844517
HIT 3 2173286154553 506 17689879968982133177
HIT 3 2181876089145 508 16756597264785428918
HIT 3 2143219155260 499 16162158750009886441
HIT 3 2138924187963 498 16768582060267008842
HIT 3 2143219155262 499 17135614790360507135
HIT 3 2143219155264 499 17759720872886917576
HIT 3 2143219155265 499 17642075787073555333
HIT 3 2143213519175 499 18277590761788235124
HIT 3 2143213519188 499 18255050728910116357
HIT 3 2143213519193 499 17448407478096435372
HIT 3 2143219155289 499 17747185961109053223
HIT 3 1997184631132 465 17303367349911596116
HIT 3 2143219155295 499 16464355142895438291
HIT 3 2143219155292 499 17551871137516939133
HIT 3 2143213519204 499 16548866770449676422
HIT 3 2143213519206 499 16515640073956446197
HIT 3 1997184631145 465 17743224439999155035
HIT 3 2143213519212 499 17009124079976710058
HIT 3 2143213519216 499 16978996107978363336
HIT 3 2143213519219 499 18370530496556839180
HIT 3 2143219155316 499 18061084070367501477
HIT 3 1997184696698 465 16648671688482758387
HIT 3 2143213650298 499 16693762546033799886
HIT 3 1997184827771 465 16648671688482758387
HIT 3 1997186728315 465 16187661821981159971
HIT 3 1997186793851 465 16382987493845584491
HIT 3 1997187252603 465 16798334525749441815
HIT 3 1997188039035 465 16386464853147486137
HIT 3 2143217779067 499 16971815825865393535
HIT 3 1997189349755 465 18417195811166206202
HIT 3 2143218631035 499 16297957733361661915
HIT 3 1997189808507 465 17474984254945052383
HIT 3 2143218827643 499 16231856558347854525
HIT 3 2138924056955 498 16492180520177715774
HIT 3 2134629155195 497 18383893777115526834
HIT 3 2143219089787 499 17071318428748678107
HIT 3 2151809024379 501 18318699456344349062
HIT 3 2065909743995 481 16562918759430096062
HIT 3 2104564449659 490 16285137301152805604
HIT 3 2143219155323 499 16980741782646825967
HIT 3 2164693991803 504 17570599590399891418
HIT 3 2143220531579 499 16816118672813176113
HIT 3 2151811252603 501 16693762546033799886
HIT 3 2194760991099 511 16395635374567654208
HIT 3 2143219155343 499 16875631977232407462
HIT 3 2143219155340 499 18357253783896306097
HIT 3 2143219155344 499 17193626149724879035
HIT 3 2143219155353 499 16632196089536710263
HIT 3 2143219155349 499 17951307963739904602
HIT 3 2143219155359 499 17832751807130459367
HIT 3 2143219155358 499 17961388677222943022
HIT 3 2143219155366 499 16393786376717320663
HIT 3 2143219155361 499 16641927884620644116
HIT 3 2143219155365 499 17932247227312574826
HIT 3 2143219155373 499 16925749054986360533
HIT 3 2143219155405 499 16700661549579527735
HIT 3 2143219155406 499 16159067375773970976
HIT 3 2151811252687 501 16159067375773970976
HIT 3 2143219483089 499 18225945991490957601
HIT 3 2143221121489 499 18000797199915828230
HIT 3 2164696220113 504 17254861386353822672
HIT 3 2168991187409 505 16721490472774617235
HIT 3 2173286154705 506 18295083960624326410
HIT 3 2160401318386 503 18069869511197762072
DONE data/p_lam.txt sz=3 range=[0,512) n=22108160 zero=0 1092.6s
