HIT 1 338 338 12992169767282017972
DONE data/p_c0.txt sz=1 range=[0,512) n=512 zero=0 0.4s
HIT 2 24313890 371 13221799316075048410
HIT 2 22151204 338 11966241631844469047
HIT 2 24117306 368 12821628374303687761
HIT 2 29884472 456 12863050464515611195
HIT 2 29884754 456 11805612633151504304
HIT 2 29950290 457 13202939328579161833
HIT 2 22282579 340 12992169767282017972
HIT 2 29884788 456 12087915248851246368
DONE data/p_c0.txt sz=2 range=[0,512) n=130560 zero=0 2.0s
HIT 3 1451701174272 338 13387980842161572414
HIT 3 1958508888064 456 12436127149500679533
HIT 3 1589160050691 370 12863630226336207117
HIT 3 1958529335296 456 12828229058044879175
HIT 3 1958507315205 456 12879738421290608573
HIT 3 1451701174279 338 13445555757602639524
HIT 3 1451702747142 338 13576017541644826452
HIT 3 1958529335301 456 12407967270501178859
HIT 3 1451702747144 338 12446906842869238605
HIT 3 1589141700617 370 12635010426129069703
HIT 3 1589160050698 370 13643240483322423773
HIT 3 1958507315212 456 13200712119532849295
HIT 3 1589160050703 370 12706220831723679800
HIT 3 1958527238158 456 12950986975774943241
HIT 3 1958527238156 456 12429705955119035353
HIT 3 1451701174288 338 13624343921240961057
HIT 3 1451702747153 338 12239787391807473486
HIT 3 1589141700627 370 12971129784795925550
HIT 3 1958527238160 456 12889049821545105295
HIT 3 1958529335312 456 11969090794402770134
HIT 3 1958507315221 456 13237997568523257508
HIT 3 1589141700630 370 12465072341091408535
HIT 3 1589141700629 370 13239255917220596498
HIT 3 1958527238166 456 12126398591037035624
HIT 3 1589140127768 370 12033241502698565813
HIT 3 1589140127769 370 12716233859456214557
HIT 3 1958507315225 456 12354522067013917788
HIT 3 1589160050711 370 13103829556122904517
HIT 3 1589140127771 370 13512673783635674976
HIT 3 1958527238168 456 13551419627517304828
HIT 3 1958507315230 456 13003375227913235647
HIT 3 1958527238173 456 12863108917504246582
HIT 3 1589141569568 370 12177905104157703095
HIT 3 1589141766176 370 12374767753704909171
HIT 3 1593435226147 371 13221799316075048410
HIT 3 1958507511843 456 12258587846565584186
HIT 3 1451701436451 338 13318092898621890916
HIT 3 1589140389923 370 11740443146882390660
HIT 3 1451701305378 338 13318092898621890916
HIT 3 1589140258850 370 11740443146882390660
HIT 3 1958507642914 456 12258587846565584186
HIT 3 1451701698594 338 13741842710096363338
HIT 3 249110986786 58 12082706645265177447
HIT 3 1958507970594 456 13142326436014334854
HIT 3 249111117858 58 12702830046887358402
HIT 3 1589140979746 370 13278194343632023507
HIT 3 1958508494882 456 13496757629524268630
HIT 3 1451702419490 338 13324911231140801205
HIT 3 1451702485026 338 12359780521006123357
HIT 3 1962803724322 457 12943836774803102101
HIT 3 1958508822562 456 13787660529679024041
HIT 3 287766609954 67 13715880535226614648
HIT 3 335011250210 78 12900057913588226267
HIT 3 382255890466 89 13115731788232140592
HIT 3 425205563426 99 13692568811091821208
HIT 3 481040138274 112 11776001032026119033
HIT 3 511104909346 119 13723418361006157262
HIT 3 532579745826 124 12787753748348957545
HIT 3 566939484194 132 12921472816802427707
HIT 3 579824386082 135 13006177018612494199
HIT 3 609889157154 142 13561026116164431050
HIT 3 618479091746 144 13538214107245353701
HIT 3 687198568482 160 12902905813844385225
HIT 3 695788503074 162 13065336638919142589
HIT 3 721558306850 168 12986196840445643270
HIT 3 730148241442 170 13607361451345223467
HIT 3 777392881698 181 12856946595539622211
HIT 3 828932489250 193 12736899473642673249
HIT 3 850407325730 198 12790176459849820355
HIT 3 854702293026 199 13530674224389691844
HIT 3 884767064098 206 13806987948730003043
HIT 3 936306671650 218 12828904934050150290
HIT 3 953486540834 222 12620699760121084842
HIT 3 1129580199970 263 13395095478390194954
HIT 3 1168234905634 272 12784805385979148473
HIT 3 1185414774818 276 12784335251209225682
HIT 3 1202594644002 280 12561217690921309882
HIT 3 1215479545890 283 12145144126915916723
HIT 3 1245544316962 290 13670193351720281010
HIT 3 1258429218850 293 11737700557508808414
HIT 3 1322853728290 308 12729468303267084909
HIT 3 1395868172322 325 13049712083100021736
HIT 3 1413048041506 329 12792558764088477863
HIT 3 1447407779874 337 13017276803944688458
HIT 3 1473177583650 343 13639288446715405827
HIT 3 1520422223906 354 13621895786921165886
HIT 3 1550486994978 361 11779565729837444267
HIT 3 1589141700642 370 12972624508249421614
HIT 3 1602026602530 373 12226105270106844239
HIT 3 1649271242786 384 11909294165653400031
HIT 3 1692220915746 394 11557413615009018761
HIT 3 1739465556002 405 13807861022007867446
HIT 3 1773825294370 413 12761235121978891127
HIT 3 1842544771106 429 12562879639058666802
HIT 3 1859724640290 433 11572242881153141782
HIT 3 1945623986210 453 12449340863666265597
HIT 3 1958508888098 456 13582858048551490047
HIT 3 1992868626466 464 11792141813251767528
HIT 3 2001458561058 466 13623907699014749214
HIT 3 2022933397538 471 12900349570336568084
HIT 3 2087357906978 486 12938593206386816130
HIT 3 2173257252898 506 12700031380809852953
HIT 3 2177552220194 507 11557027670176914163
HIT 3 1460292747298 340 12040950168080420823
HIT 3 1455997714467 339 13210772989219254027
HIT 3 1451702878243 338 13792304190017505449
HIT 3 1958509281314 456 13471954954007505964
HIT 3 1451703861282 338 12257864613833475878
HIT 3 1451704123426 338 12493758874989673511
HIT 3 1589143142434 370 13770099684753469649
HIT 3 1451704778786 338 12940553358108013789
HIT 3 1589144649762 370 12934897702339729733
HIT 3 1958511968290 456 12653075816777201662
HIT 3 1451706155042 338 12126862669253868076
HIT 3 1958512295970 456 11560664342338795597
HIT 3 1958512427042 456 13380660230675018041
HIT 3 1451706744866 338 12327701983601460548
HIT 3 1589145960482 370 13023246520083028654
HIT 3 1451707072546 338 12661994886095311332
HIT 3 1589146157090 370 11616484299272206706
HIT 3 1451707465762 338 12027042862826220561
HIT 3 1451707662370 338 12070765625695101069
HIT 3 1589146746914 370 11984314875920753585
HIT 3 1958513934370 456 11942189144020147582
HIT 3 1589146812450 370 11851366233699534936
HIT 3 1589147074594 370 11826791012870994456
HIT 3 1958514327586 456 13408361961251793144
HIT 3 1451708383266 338 12038273374561462781
HIT 3 1958514524194 456 12804442075412304641
HIT 3 1958514720802 456 11648813684554491254
HIT 3 1958515048482 456 12363815642084970314
HIT 3 1451709104162 338 12511619373496321164
HIT 3 1589148319778 370 12117823898839029997
HIT 3 1958515507234 456 12253289438645899213
HIT 3 1451709497378 338 12279557676303826713
HIT 3 1451710218274 338 11923993949582361219
HIT 3 1958516359202 456 12598360519328177114
HIT 3 1589149368354 370 11600718443312424314
HIT 3 1451710480418 338 11656004211913340126
HIT 3 1589150613538 370 13052617812052722849
HIT 3 1589151203362 370 12073462170809730185
HIT 3 1451712315426 338 12921481525995579670
HIT 3 1589151268898 370 11864544264487093885
HIT 3 1580570116128 368 12989515165648395298
HIT 3 1597749985312 372 11859258758204029850
HIT 3 1589160116256 370 13502624529262666489
HIT 3 1958529204256 456 11917080537017426722
HIT 3 1451712643106 338 12878865875417224751
HIT 3 1589152055330 370 11897898198628149693
HIT 3 1958519373858 456 12528345931150414261
HIT 3 1451713626146 338 13484777606253432498
HIT 3 1589152579618 370 12630855701209020630
HIT 3 1589152645154 370 13145733812974460767
HIT 3 1451713757218 338 13219650405178003974
HIT 3 1958519963682 456 13277186878002400310
HIT 3 1967119269920 458 12112377668834077852
HIT 3 1451714412578 338 12780094553763604509
HIT 3 1958520619042 456 12700686935247504976
HIT 3 1589153628194 370 13686467160335456636
HIT 3 1451715330082 338 11545203867019455279
HIT 3 1451715395618 338 12121384605336554634
HIT 3 1589154349090 370 13692014101496676025
HIT 3 1958522126370 456 13269813145998610142
HIT 3 1958522322978 456 13629381642553379457
HIT 3 1451716509730 338 12402961617338475698
HIT 3 1958522716194 456 11934079781052188141
HIT 3 1451717034018 338 12614713109045027940
HIT 3 1958523240482 456 12818658451947400634
HIT 3 1589156904994 370 12801217626428420726
HIT 3 1589156970530 370 11709585465290743638
HIT 3 1451718082594 338 13245930183452349935
HIT 3 1589157101602 370 12852356208627467645
HIT 3 1958524289058 456 13487569565566707296
HIT 3 1451718213666 338 13694087750811356462
HIT 3 1451718344738 338 12321945689087358864
HIT 3 1589157298210 370 13363232067217554671
HIT 3 1958529335329 456 13523127638083937065
HIT 3 1451702747172 338 13135827094100508433
HIT 3 1455997714468 339 13733265294663656674
HIT 3 1962803855396 457 12072297608176701161
HIT 3 1589157363746 370 13835006780081542977
HIT 3 1451718541346 338 13147540288570619499
HIT 3 1958524682274 456 13181338199579085712
HIT 3 1451718737954 338 13368480870562370830
HIT 3 1958525403170 456 13419034101312454291
HIT 3 1451719393314 338 12105603724791487282
HIT 3 1958525730850 456 13187858010299954917
HIT 3 1958525861922 456 12396754925292263802
HIT 3 1958527107107 456 13326698045376478947
HIT 3 1958527238179 456 12472159540993173377
HIT 3 1451701436453 338 11966241631844469047
HIT 3 1589158871074 370 13244050895134528366
HIT 3 1958526189602 456 13649073903080647302
HIT 3 1451720114210 338 11957159676641054237
HIT 3 1589159067682 370 11537360803738823996
HIT 3 1589159198754 370 13359493173250984780
HIT 3 1451720310818 338 13352743059492917391
HIT 3 1451720376354 338 11985932462930465134
HIT 3 1589159526434 370 13635312059752257828
HIT 3 1958526713890 456 11794626756210846171
HIT 3 1451720638498 338 12479675754930607480
HIT 3 1451720704034 338 11858798714836147669
HIT 3 1958526976034 456 11965487306777722491
HIT 3 1589159985186 370 13638444951406788666
HIT 3 1494670770210 348 13092235975741287496
HIT 3 1498965737506 349 12444975246390726949
HIT 3 1533325475874 357 12102007648348661922
HIT 3 1567685214242 365 11871423493185188954
HIT 3 1713714102306 399 11750593492992848151
HIT 3 1726599004194 402 12725548692521810855
HIT 3 1730893971490 403 12098639261806271810
HIT 3 1782433579042 415 12598177165135769223
HIT 3 1799613448226 419 12905582187434974611
HIT 3 1803908415522 420 12937598711270613815
HIT 3 1816793317410 423 13320462515011475179
HIT 3 1851153055778 431 13622250026431297898
HIT 3 1868332924962 435 12960968207942719484
HIT 3 1988592009250 463 13272521927043895604
HIT 3 2001476911138 466 12445721653777292395
HIT 3 2018656780322 470 11729644231906112585
HIT 3 2113146060834 492 13038760489511238231
HIT 3 2126030962722 495 13828769417933268825
HIT 3 2160390701090 503 13335747450399530614
HIT 3 1967117238306 458 12472325264459819671
HIT 3 1958527369250 456 11946978632623395125
HIT 3 1589160509474 370 11579304426790817242
HIT 3 1589160575010 370 11580983167047780729
HIT 3 1958527828002 456 11702368099747227470
HIT 3 1589160706082 370 13469248846232429016
HIT 3 1958529138722 456 11627405298219234623
HIT 3 1602047049762 373 13221799316075048410
HIT 3 1619226918946 377 13492124626994709046
HIT 3 1696536330274 395 11861826043407875639
HIT 3 1735191035938 404 11755875711788744827
HIT 3 1760960839714 410 11856962598813762907
HIT 3 1825385349154 425 11945704294843585010
HIT 3 1945644433442 453 12015551027216370805
HIT 3 1954234368034 455 12195403330842340632
HIT 3 2001479008290 466 11563779171389706060
HIT 3 2022953844770 471 12322406914383414960
HIT 3 2031543779362 473 11954033934239211756
HIT 3 2053018615842 478 11618685241076195203
HIT 3 2087378354210 486 12374485136085962794
HIT 3 2104558223394 490 13093425089416189782
HIT 3 2177572667426 507 12114654022017177773
HIT 3 1958529531938 456 12223322666460910746
HIT 3 1958529204259 456 12883451509293551403
HIT 3 1958530777122 456 13278033715405361088
HIT 3 1958531432482 456 12396067926757426923
HIT 3 1958531891234 456 11783898569242668614
HIT 3 1958533333026 456 13290288265222590801
HIT 3 1958534053922 456 12231265108853312214
HIT 3 1958534447138 456 12230454382340861344
HIT 3 1958534643746 456 13483411464069357906
HIT 3 2040139350050 475 13311710805630893564
HIT 3 2044434317346 476 12958372270864519696
HIT 3 2065909153826 481 11915257837620558190
HIT 3 2074499088418 483 12531521908382008172
HIT 3 2104563859490 490 12023366909876644574
HIT 3 2117448761378 493 13512688539941514178
HIT 3 2143218565154 499 12500123152502921417
HIT 3 2168988368930 505 12911803702932151943
HIT 3 1589141700647 370 12556573706373464376
HIT 3 1460311097380 340 11966241631844469047
HIT 3 1949939400740 454 12520721463346650153
HIT 3 1958529400868 456 13080967854759847635
HIT 3 1958527238181 456 12348503929963440147
HIT 3 1589160050726 370 12966459012119949506
HIT 3 1958529335334 456 12574598785602697664
HIT 3 1589141700651 370 13404434749737187572
HIT 3 1958529335340 456 13366018371511837841
HIT 3 1451702747184 338 12528557948333068367
HIT 3 1958508888115 456 12419794135633152042
HIT 3 1958527238192 456 12014293519338121185
HIT 3 1958508888116 456 12050034322440955644
HIT 3 1958529335346 456 13570583683677584517
HIT 3 1589141700662 370 12811723315019897370
HIT 3 1958508888121 456 12863050464515611195
HIT 3 1589142290490 370 13698020478629350337
HIT 3 1451703468090 338 12748772318901239628
HIT 3 1589142421562 370 13789565041732196937
HIT 3 1958511181882 456 13233621130861767579
HIT 3 1958511247418 456 12880704181374152697
HIT 3 1958511378490 456 11607013985867967939
HIT 3 1451705303098 338 13517517880954251793
HIT 3 1958511640634 456 12481169704524636266
HIT 3 1958511837242 456 12556186447135620787
HIT 3 1580551897147 368 12821628374303687761
HIT 3 1589144977466 370 13458143317081138176
HIT 3 1451706089530 338 12400279469063173194
HIT 3 1451706679354 338 13078212861245608936
HIT 3 1958512820282 456 12074961365328338887
HIT 3 1451707007034 338 12212918080939439347
HIT 3 1958513213498 456 12404009778828912023
HIT 3 1451707334714 338 13779874895121054716
HIT 3 1958513475642 456 13698278516140108080
HIT 3 1451707531322 338 12008791647807787908
HIT 3 1958514196538 456 12877949458741474185
HIT 3 1958514262074 456 12816060467537258908
HIT 3 1958514524218 456 13375490757372995778
HIT 3 1589147467834 370 12410841364904054515
HIT 3 1589147598906 370 11945519300342930544
HIT 3 1958514786362 456 13095016982686674587
HIT 3 1589147926586 370 13030134457862205881
HIT 3 1451709104186 338 13066124230434580366
HIT 3 1451709300794 338 12863395440955001043
HIT 3 1958515507258 456 11988439950915025755
HIT 3 1451709497402 338 13654158291815708360
HIT 3 1958515769402 456 12552368032087561425
HIT 3 1958515900474 456 12367708718707137687
HIT 3 1451710021690 338 11592003935576539642
HIT 3 1589148975162 370 13452884292242091656
HIT 3 1589149171770 370 12575449779575089085
HIT 3 1589149237306 370 12751173513446731876
HIT 3 1589149302842 370 11535067579514432299
HIT 3 1589150023738 370 12029677204255177991
HIT 3 1451711791162 338 12806341652479589682
HIT 3 1451712380986 338 11653897609456465744
HIT 3 1958518784058 456 13599188086038958868
HIT 3 1451712970810 338 12925132193223140760
HIT 3 1589151924282 370 12802401383907816633
HIT 3 1589151989818 370 13577420719589707688
HIT 3 1589152120890 370 13525742522133745067
HIT 3 1451713298490 338 12705316668408732254
HIT 3 1589152448570 370 12444890209487437822
HIT 3 1958519636026 456 13613311001161162300
HIT 3 1451713560634 338 12949667625048049257
HIT 3 1451713691706 338 12284547106366585201
HIT 3 1589152776250 370 13311217945337081057
HIT 3 1451714281530 338 13747872353821841771
HIT 3 1451714543674 338 12574821855517556922
HIT 3 1589153693754 370 13051212143354290152
HIT 3 1451714936890 338 11862754606776466401
HIT 3 1958521208890 456 13401240972699507533
HIT 3 1451715264570 338 11746227034479573258
HIT 3 1958521536570 456 13382441167846428948
HIT 3 1451715854394 338 12174588946995490020
HIT 3 1589155201082 370 12547511649048262838
HIT 3 1451716771898 338 12170450367086061725
HIT 3 1451716902970 338 12799375826479947190
HIT 3 1958523109434 456 13453005709403353519
HIT 3 1451717099578 338 13745282761006240761
HIT 3 1958523306042 456 12931796398001785845
HIT 3 1451717230650 338 13128495855164517929
HIT 3 1451717492794 338 13573987380814637894
HIT 3 1958523633722 456 12122349124605988520
HIT 3 1958529335353 456 13788538538072852232
HIT 3 1958523764794 456 13471336232379829136
HIT 3 1451717886010 338 13439061788937288846
HIT 3 1451718017082 338 12366267593493414999
HIT 3 1589157101626 370 12137142596255182041
HIT 3 1451718344762 338 12469468814097699827
HIT 3 1451718606906 338 11541024162505888251
HIT 3 1958525599802 456 13749822894300351069
HIT 3 1958525665338 456 12143613846768963432
HIT 3 1451719721018 338 13531143575319660145
HIT 3 1589158740026 370 13641238588992472683
HIT 3 1958526124090 456 12312434081713170115
HIT 3 1958526189626 456 13415634703930607370
HIT 3 1589159264314 370 13378392604076653187
HIT 3 1451720441914 338 13719956836924747050
HIT 3 1949937172538 454 12648247810001145041
HIT 3 1962822074426 457 12329934506384172659
HIT 3 1967117041722 458 12332965533065507375
HIT 3 1537620443194 358 13772441561622538146
HIT 3 1584865083450 369 12785454127886937430
HIT 3 1589160050746 370 11583499484743070846
HIT 3 1662174494778 387 12734974782938723220
HIT 3 1687944298554 393 13207751881612961509
HIT 3 1718009069626 400 12926378824560053624
HIT 3 1795318480954 418 12165825725515334786
HIT 3 1821088284730 424 12350882591917225303
HIT 3 1997181943866 465 11811433823034272957
HIT 3 2040131616826 475 12723182863652559413
HIT 3 2061606453306 480 13212476807083944685
HIT 3 2078786322490 484 12903769330550221590
HIT 3 2087376257082 486 11639902919843951390
HIT 3 2108851093562 491 12896825627025878374
HIT 3 2173275603002 506 13373152118699676562
HIT 3 1593455149114 371 13512590304830406517
HIT 3 1589160247354 370 13111537500646688095
HIT 3 1589160575034 370 12604786071431672139
HIT 3 1958527828026 456 13635138521207741854
HIT 3 1589160706106 370 11724956655503987835
HIT 3 1958528090170 456 12013836866105350657
HIT 3 1589160968250 370 13195255593653965622
HIT 3 1589161099322 370 13634844326172844788
HIT 3 1958528483386 456 12988905126707218580
HIT 3 1589161361466 370 13805716160879379926
HIT 3 1958528745530 456 12961831457943789300
HIT 3 1967119138874 458 13172205427114166659
HIT 3 1589162082362 370 12821628374303687761
HIT 3 1640701755450 382 13747188757370053940
HIT 3 1644996722746 383 13316777719719207219
HIT 3 1666471559226 388 12982413090913033656
HIT 3 1718011166778 400 13741907028121550518
HIT 3 1743780970554 406 12786771856938327670
HIT 3 1808205479994 421 11905286535234279675
HIT 3 1889809858618 440 12795050980147451402
HIT 3 1911284695098 445 12053411106970738165
HIT 3 1915579662394 446 12967976231428719248
HIT 3 1975709204538 460 12606304288870877725
HIT 3 1984299139130 462 13412422271577943750
HIT 3 2031543779386 473 13330729860827622685
HIT 3 2061608550458 480 13047562495263556075
HIT 3 2070198485050 482 12871763327558648605
HIT 3 2143212929082 499 13590626127400736903
HIT 3 2147507896378 500 12247554482032233418
HIT 3 2177572667450 507 12122201228105682892
HIT 3 2181867634746 508 12263412241702109974
HIT 3 1967119335482 458 13123323965239407513
HIT 3 1949939531834 454 13069295821895383273
HIT 3 1958529597498 456 13602885422072461537
HIT 3 1958529990714 456 12124738054962100733
HIT 3 1958530252858 456 13818158029464543314
HIT 3 1958532546618 456 11930698154862865681
HIT 3 1958533595194 456 11694453765458813592
HIT 3 2014369546298 469 12371546885214197032
HIT 3 2164693401658 504 13779284731971399492
HIT 3 2186168238138 509 13628489773888017445
HIT 3 1958527303736 456 13352645961347160657
HIT 3 1580570116155 368 12010009395196728009
HIT 3 1593455018043 371 13217134039759584925
HIT 3 1967117172795 458 11769218307006341761
HIT 3 1589160116283 370 13279849039017066508
HIT 3 1958527303739 456 13042975471813964908
HIT 3 1958529400891 456 13528653961365149382
HIT 3 1967124971576 458 12863050464515611195
HIT 3 1589159919676 370 13652786026007526776
HIT 3 1589160050751 370 12693509790745259153
HIT 3 1589160050756 370 12209927742711269959
HIT 3 1589160050758 370 12767021719228770024
HIT 3 1958529335367 456 11936969939762230675
HIT 3 1589160050770 370 12935909645380489670
HIT 3 1589160050771 370 12069652471231002667
HIT 3 1958529335381 456 11878205667873397079
HIT 3 1589160050777 370 11867709349091979363
HIT 3 1589160050778 370 12047811318103029237
HIT 3 1958529335390 456 11864076616291023643
HIT 3 1958527238243 456 13477309546288254221
HIT 3 1958529335396 456 12750001385706807784
HIT 3 1589160050789 370 13640247828866342200
HIT 3 1589160050790 370 12592050478965879237
HIT 3 1958527238246 456 12691896137044600917
HIT 3 1958529335405 456 11543603752748951337
HIT 3 1958529335406 456 13499221074575681525
HIT 3 1589160050801 370 12245571057944956214
HIT 3 1958527238257 456 11743363707480157643
HIT 3 1958529335412 456 12850384662535538008
HIT 3 1589160050807 370 12601403395069792846
HIT 3 1958527238263 456 13535698756550640204
HIT 3 1958527238269 456 12623739870308738433
HIT 3 1958529335422 456 12554255956282428818
HIT 3 1958529335425 456 12022295279601706364
HIT 3 1958527238276 456 12583016765116834368
HIT 3 1589160050826 370 13677167490710484222
HIT 3 1958527238282 456 12339502174474956803
HIT 3 1589160050831 370 13507840718178229854
HIT 3 1958527238287 456 13527106637653327859
HIT 3 1958529335442 456 12063806599520333669
HIT 3 1958529335441 456 12934546127553573570
HIT 3 1958527238291 456 13369294381877299604
HIT 3 1589160050838 370 13377398478338351152
HIT 3 1958529335446 456 11585639312162279606
HIT 3 1958527238296 456 12233872464965765571
HIT 3 1958527238298 456 12355205862711059039
HIT 3 1589160050848 370 13329147363407937710
HIT 3 1958529335456 456 11752966509613991168
HIT 3 1958529335458 456 12969391533239165154
HIT 3 1589160050854 370 12800689874029749555
HIT 3 1958527238309 456 11701748026272987227
HIT 3 1958527238311 456 13284248484671843681
HIT 3 1958529335467 456 12601139388982847122
HIT 3 1589160050862 370 11643325901321833209
HIT 3 1958529335471 456 11836707974968145768
HIT 3 1958527238328 456 13821626821727471102
HIT 3 1589160050874 370 12555052033727893367
HIT 3 1958529335481 456 13497940800308586639
HIT 3 1958529335486 456 13088448188542379487
HIT 3 1958527238335 456 12866477887454070722
HIT 3 1958527238340 456 13703757841603164699
HIT 3 1958527238346 456 12575615876166586712
HIT 3 1958529335498 456 13123625118210798850
HIT 3 1958527238350 456 12012102943292339414
HIT 3 1958527238351 456 11835132388499060182
HIT 3 1958529335501 456 13811388472570197675
HIT 3 1958527238355 456 13393421669685038221
HIT 3 1958529335506 456 11870473104762840146
HIT 3 1958527238359 456 12887784458403013117
HIT 3 1589160050905 370 13084980219965360603
HIT 3 1589160050902 370 13283854566217133747
HIT 3 1589160050906 370 13282074848174890133
HIT 3 1958529335520 456 12682769092663580230
HIT 3 1958529335518 456 12385342328843722688
HIT 3 1958529335521 456 13265650356752647554
HIT 3 1958527238376 456 13292977683061412632
HIT 3 1589160050923 370 12722671413610189115
HIT 3 1589160050926 370 12564511563637942808
HIT 3 1589160050928 370 11758977753340115599
HIT 3 1589160050929 370 13807813195296896289
HIT 3 1589160050933 370 12938074134600092530
HIT 3 1589160050934 370 11615388071453040909
HIT 3 1958527238391 456 12685601085895610625
HIT 3 1958529335543 456 12668487282208991585
HIT 3 1589160050940 370 11779371196658883987
HIT 3 1958527238396 456 12451997708024215080
HIT 3 1958529335552 456 12319223522925460790
HIT 3 1589160050945 370 12434605793576525309
HIT 3 1958529335553 456 11720497634727200442
HIT 3 1958527238403 456 12223637500354351009
HIT 3 1958529335558 456 12634532323805152626
HIT 3 1958527238407 456 13533175476144269217
HIT 3 1958527238410 456 13515451055204212813
HIT 3 1958529335567 456 12768157495376183957
HIT 3 1958527238417 456 12652019660220689404
HIT 3 1958527238416 456 13385724487688826904
HIT 3 1958529335570 456 12947482023002878646
HIT 3 1958527238425 456 11833828623420623135
HIT 3 1958529335576 456 12712851397346741812
HIT 3 1958529335579 456 13566200985255086919
HIT 3 1958527238429 456 13218177003969362470
HIT 3 1958529335582 456 13544716772328503903
HIT 3 1958529335583 456 12302656963515658260
HIT 3 1589160050977 370 12767537092032064107
HIT 3 1958529335586 456 12709703612574638996
HIT 3 1958527238437 456 11616117298613391416
HIT 3 1589160050982 370 12122899586748763964
HIT 3 1958529335596 456 12434467976925546355
HIT 3 1958527238448 456 13594727877704784976
HIT 3 1958527238449 456 12504384684464140362
HIT 3 1958529335603 456 12480099279206669724
HIT 3 1958527238460 456 12104710599549701221
HIT 3 1958527238459 456 13647754430981916789
HIT 3 1589160051011 370 12308077434612307375
HIT 3 1958529335617 456 11927646440387796505
HIT 3 1958529335618 456 11901940875037554836
HIT 3 1958527238470 456 12905706969513696356
HIT 3 1958527500626 456 11594994580823962314
HIT 3 1589160378706 370 12937611884639810770
HIT 3 1589160444242 370 12622845001110619795
HIT 3 1958527631698 456 13457287738632867796
HIT 3 1958527959378 456 12877841580796590426
HIT 3 1958528090450 456 12074051627654971893
HIT 3 1958528155986 456 13823560988810086607
HIT 3 1589161427282 370 13608353828025166431
HIT 3 1589161689426 370 12602401771458583995
HIT 3 1958528876882 456 11828666918639974280
HIT 3 1589161886034 370 12147228515320921069
HIT 3 1949939269970 454 13705147056637549849
HIT 3 1958529204562 456 13020457388774600131
HIT 3 1614931951954 376 13526946061937184488
HIT 3 1627816853842 379 12096968233371981158
HIT 3 1675061494098 390 12103212927873947960
HIT 3 1687946395986 393 13389372941194596375
HIT 3 1713716199762 399 12353779608246737268
HIT 3 1722306134354 401 12885015996610753222
HIT 3 1773845741906 413 11761399159955364336
HIT 3 1782435676498 415 13833084948635373906
HIT 3 1791025611090 417 13816621121284773696
HIT 3 1816795414866 423 12980690558470519448
HIT 3 1855450120530 432 12985893191200977019
HIT 3 1954234368338 455 13102694697578676868
HIT 3 2014363910482 469 13185623957089557755
HIT 3 2035838746962 474 12382423246246446491
HIT 3 2048723648850 477 13705710725971222061
HIT 3 2083083387218 485 12638356070883794762
HIT 3 2087378354514 486 13451615351488531180
HIT 3 2117443125586 493 12280786778499465005
HIT 3 2147507896658 500 12681391840353989003
HIT 3 2160392798546 503 11598114423691637190
HIT 3 2173277700434 506 11533103911340174848
HIT 3 1962824434002 457 12307520183515787113
HIT 3 1958530318674 456 13153535877395680527
HIT 3 1958530842962 456 11558733091116726679
HIT 3 1958530908498 456 12525718655262477974
HIT 3 1958531039570 456 13525723000297868005
HIT 3 1958527369555 456 11805612633151504304
HIT 3 1962822336851 457 13202939328579161833
HIT 3 1468901163347 342 12992169767282017972
HIT 3 1589160247635 370 12937611884639810770
HIT 3 1949939401043 454 13282300921745422857
HIT 3 1967119270227 458 11665823857461396018
HIT 3 1962824302932 457 13498159278897008053
HIT 3 1958531629394 456 12393530902501506382
HIT 3 1958531760466 456 12019753090063380534
HIT 3 1958532743506 456 12933116186019170659
HIT 3 1958533005650 456 11851557471456604643
HIT 3 1958533988690 456 12312835974569985615
HIT 3 1958534119762 456 13076261132692453851
HIT 3 1958534578514 456 12868971035345292159
HIT 3 1971419873618 459 13202939328579161833
HIT 3 1988599742802 463 13832587411621462298
HIT 3 2022959481170 471 13121194303088754500
HIT 3 2031549415762 473 12407839053090937429
HIT 3 2070204121426 482 11803341824433930207
HIT 3 2083089023314 485 12468049592172607492
HIT 3 2104563859794 490 13770391671679548727
HIT 3 2108858827090 491 11549990760455558055
HIT 3 2117448761682 493 12385811206454102101
HIT 3 2138923598162 498 12043411291686598158
HIT 3 1967124971858 458 11805612633151504304
HIT 3 1958529335639 456 11802839284145235415
HIT 3 1958529335646 456 13822305803293575211
HIT 3 1958529335651 456 11609022760257495235
HIT 3 1958529335657 456 13576435781945735515
HIT 3 1958529335659 456 12072677270100109039
HIT 3 1958530056562 456 11577360704118748940
HIT 3 1958530515314 456 13541792871453729100
HIT 3 1958531498354 456 13648347517606317071
HIT 3 1958531826034 456 11894350731177294724
HIT 3 1958532219250 456 11890389965158674451
HIT 3 1958534513010 456 13076022833998513342
HIT 3 1997189677426 465 12153162001024106555
HIT 3 2031549415794 473 12644976134744272212
HIT 3 2040139350386 475 12552782014079206258
HIT 3 2083089023346 485 13319390678454648285
HIT 3 2087383990642 486 13787210314872665186
HIT 3 2121743729010 494 13320539427630554580
HIT 3 2138923598194 498 12012662798825249569
HIT 3 2186168238450 509 11583350445568656976
HIT 3 2194758173042 511 12928790088328991901
HIT 3 1958529597813 456 12087915248851246368
HIT 3 1967124971892 458 12087915248851246368
DONE data/p_c0.txt sz=3 range=[0,512) n=22108160 zero=0 61.8s
