HIT 1 372 372 4681480247356840520
DONE data/p_ones.txt sz=1 range=[0,512) n=512 zero=0 3.1s
HIT 2 5111867 78 5510959814333607977
HIT 2 24248399 370 5181707651457031923
HIT 2 5636177 86 5005795956344651499
HIT 2 15269974 233 4905654512852613381
HIT 2 24379626 372 4615568633962109993
HIT 2 24510837 374 4681480247356840520
DONE data/p_ones.txt sz=2 range=[0,512) n=130560 zero=0 2.9s
HIT 3 369371054081 86 4819945664182201427
HIT 3 369371054082 86 4863604043489108965
HIT 3 1009321181186 235 5962840811861723462
HIT 3 1597733470210 372 4751176797333489938
HIT 3 1597733470211 372 5079399582049438355
HIT 3 1009321181188 235 6353811376117937785
HIT 3 369371054086 86 5183150549872161702
HIT 3 339306283015 79 6251509446452395879
HIT 3 1009322491909 235 6506610689175797777
HIT 3 1009322491912 235 5172634425440393371
HIT 3 369372364810 86 6557916318052147006
HIT 3 1009322491915 235 5185012209257818578
HIT 3 1597743235081 372 5397976356266465658
HIT 3 1597743235082 372 6031800433374814439
HIT 3 1009321181199 235 5419225287048156035
HIT 3 1597733011470 372 5506809662784123392
HIT 3 1597731700752 372 5624706416817352621
HIT 3 1597731700753 372 4817990255660112945
HIT 3 1009322491920 235 4622477335127798081
HIT 3 1597733011473 372 5262565971724324670
HIT 3 1597731700755 372 5107201078630620172
HIT 3 1597743235089 372 5149190905696678986
HIT 3 1597743235090 372 5502854449182056408
HIT 3 369372364821 86 6575645093397099587
HIT 3 1597733470229 372 5886348706258264395
HIT 3 1597733011479 372 6500016821182186401
HIT 3 1597743235094 372 5138764140385694508
HIT 3 369372364824 86 5353884574674550811
HIT 3 1597733011480 372 5456503742087489623
HIT 3 1597733470232 372 5956670094540651805
HIT 3 369371054106 86 5360530465027041205
HIT 3 1009322491930 235 6666894691862671716
HIT 3 369371054107 86 4772987790458065729
HIT 3 1009322491931 235 4671116333913933730
HIT 3 1597743235096 372 6124053430774844769
HIT 3 1597743235098 372 6821228099592783081
HIT 3 339306283036 79 6370308771824576391
HIT 3 1009321181212 235 6614516744139697936
HIT 3 1597731700764 372 5179739880791963968
HIT 3 1597733011484 372 5356271741684292854
HIT 3 1009321181214 235 5030451071220476825
HIT 3 369372364830 86 6099661474066405299
HIT 3 1009322491933 235 6319719930526243667
HIT 3 1597733011485 372 6477843906434342614
HIT 3 1597731700767 372 6600712470796657658
HIT 3 1597733470239 372 6102713897976582941
HIT 3 1597731700768 372 4831118704000893440
HIT 3 1009322491938 235 4892431598185139475
HIT 3 1597743235108 372 6151949667892917525
HIT 3 1009322950695 235 6090110536661670553
HIT 3 1597733011496 372 6308435504505138537
HIT 3 1009322950696 235 5167583039111349913
HIT 3 1597731700779 372 5955298549651490398
HIT 3 1597733011499 372 5809640961599634120
HIT 3 1009322491948 235 4752743757424671081
HIT 3 339306283053 79 6646978480294353551
HIT 3 1009322950701 235 6346308029452575970
HIT 3 1597733470254 372 5764601122903845420
HIT 3 339306283056 79 6208073741173061334
HIT 3 1009322491952 235 6864512237665852532
HIT 3 1597733011506 372 6784613023873504707
HIT 3 1009322950706 235 5697984640513169039
HIT 3 1009322950705 235 6263491910832766712
HIT 3 1597743235122 372 6085182441625884246
HIT 3 369372364852 86 6692472489534119556
HIT 3 1597731700789 372 6734563864839003620
HIT 3 1009322950710 235 5312681992472107471
HIT 3 369372364853 86 6315347823030706051
HIT 3 1597743235126 372 5582112505123877383
HIT 3 1597731831864 372 6463709491256644842
HIT 3 369372364856 86 5955022203479806645
HIT 3 1597731700793 372 6463709491256644842
HIT 3 369372299321 86 5770974352234998462
HIT 3 1589143076921 370 4706457456394241515
HIT 3 1606322946105 374 4948628532767975799
HIT 3 1597733142585 372 4726827505508094062
HIT 3 1597731766330 372 6742006706105253394
HIT 3 335011446842 78 5510959814333607977
HIT 3 1009321443386 235 4736875316951178417
HIT 3 1000733016121 233 6354008356889215264
HIT 3 1589143535673 370 4967528883412087977
HIT 3 1009323016249 235 6070886658991406837
HIT 3 360782430266 84 6533199759960166304
HIT 3 1005027524666 234 5780869123566282141
HIT 3 1602027978810 373 5590200494874997035
HIT 3 1009322950714 235 4640572009324911463
HIT 3 1009321312315 235 4736875316951178417
HIT 3 1597731897403 372 6742006706105253394
HIT 3 1009321443387 235 5405976195941436275
HIT 3 339306741819 79 6455669909829990516
HIT 3 369371775035 86 5418812057960565334
HIT 3 369371906107 86 5062628430665382391
HIT 3 369371971643 86 5775764555943746757
HIT 3 369372102715 86 5855444251912108671
HIT 3 1009322360891 235 5103533591655105373
HIT 3 373667266619 87 5442834141526090828
HIT 3 1606322880571 374 5113288759998206236
HIT 3 343602561083 80 5510959814333607977
HIT 3 373667332155 87 5714571274108147232
HIT 3 377962299451 88 6325819552203680963
HIT 3 412322037819 96 4689929495191903342
HIT 3 442386808891 103 5447038559335913348
HIT 3 455271710779 106 5346452185863524715
HIT 3 485336481851 113 6063017753607084556
HIT 3 545466023995 127 4893743674400505598
HIT 3 549760991291 128 6689868681902400471
HIT 3 644250271803 150 6027850496999050148
HIT 3 704379813947 164 5918386945645264270
HIT 3 738739552315 172 4811146822620156960
HIT 3 747329486907 174 5668018165222219990
HIT 3 768804323387 179 6069716033586373996
HIT 3 790279159867 184 6536329282922282560
HIT 3 803164061755 187 4740702119899762781
HIT 3 816048963643 190 4881167845157589088
HIT 3 828933865531 193 4625747659197656742
HIT 3 876178505787 204 4675809400216791884
HIT 3 936308047931 218 4657512223730438722
HIT 3 1035092295739 241 5343506978854948005
HIT 3 1086631903291 253 6026204089208324676
HIT 3 1224070856763 285 5035608157548898824
HIT 3 1236955758651 288 4664692370840509885
HIT 3 1258430595131 293 5751721151992862199
HIT 3 1271315497019 296 6095577129468072832
HIT 3 1352919875643 315 4634328589698041433
HIT 3 1361509810235 317 5448989751952025340
HIT 3 1382984646715 322 5733818827346229820
HIT 3 1447409156155 337 6911055309070966042
HIT 3 1464589025339 341 6875664938135529204
HIT 3 1481768894523 345 4661696403093195930
HIT 3 1494653796411 348 6433816500856660223
HIT 3 1498948763707 349 6476444893661915369
HIT 3 1683632357435 392 4790023050423472104
HIT 3 1709402161211 398 4868673206907488857
HIT 3 1743761899579 406 5740618040441890559
HIT 3 1851136081979 431 6619074237229300084
HIT 3 1868315951163 435 6763152770469891035
HIT 3 1915560591419 446 5172685346747604811
HIT 3 1937035427899 451 5774417383826991538
HIT 3 1941330395195 452 5919190914709538698
HIT 3 1945625362491 453 6180321329993488547
HIT 3 2095949217851 488 5030837550268776162
HIT 3 2138898890811 498 6265125250099871233
HIT 3 2147488825403 500 5127952663305307483
HIT 3 2168963661883 505 5298534312756941245
HIT 3 1000732688443 233 5898215673773334308
HIT 3 360782626875 84 4807803645778168217
HIT 3 369372627003 86 4807803645778168217
HIT 3 1000732885051 233 5920623172454046435
HIT 3 1589143404603 370 5149718496564479529
HIT 3 390847660091 91 4903244968177514726
HIT 3 399437594683 93 6805790386508023875
HIT 3 408027529275 95 6857148070958282152
HIT 3 412322496571 96 6511990794578216160
HIT 3 468157071419 109 4638211798436556653
HIT 3 476747006011 111 4709738961908316452
HIT 3 498221842491 116 6862836287213076178
HIT 3 515401711675 120 6149386274892715638
HIT 3 588416155707 137 5823013452111555737
HIT 3 614185959483 143 4889408833183740408
HIT 3 665725567035 155 6841263168314126520
HIT 3 674315501627 157 6634845860349792385
HIT 3 760214847547 177 6339726880254086385
HIT 3 785984651323 183 5841392853015757371
HIT 3 820344389691 191 4613179198366721388
HIT 3 846114193467 197 6607260211521391824
HIT 3 850409160763 198 6198584796671877823
HIT 3 858999095355 200 6860857329670518615
HIT 3 867589029947 202 6692791903975525694
HIT 3 884768899131 206 5399390860130481403
HIT 3 889063866427 207 4664744806004460940
HIT 3 1056567590971 246 6833183064337950878
HIT 3 1082337394747 252 6599250041175439303
HIT 3 1112402165819 259 6231192726224371744
HIT 3 1155351838779 269 6033598755593294939
HIT 3 1189711577147 277 5023681365329351561
HIT 3 1211186413627 282 4776656042403556331
HIT 3 1241251184699 289 6365463925869896319
HIT 3 1297085759547 302 6446819378259246558
HIT 3 1305675694139 304 5711316357669187938
HIT 3 1318560596027 307 5034789786963694136
HIT 3 1370100203579 319 6106663281858695792
HIT 3 1382985105467 322 6606070456826569285
HIT 3 1417344843835 330 5000728037105637940
HIT 3 1468884451387 342 6523703266372892869
HIT 3 1473179418683 343 6443045468303737571
HIT 3 1554783797307 362 4647776381155712883
HIT 3 1559078764603 363 5841476822102925677
HIT 3 1666452947003 388 4859164975324318535
HIT 3 1675042881595 390 5274098531439751187
HIT 3 1683632816187 392 5599169980442980123
HIT 3 1687927783483 393 5748246935515783151
HIT 3 1730877456443 403 5989429895748151232
HIT 3 1760942227515 410 6914303021051066501
HIT 3 1786712031291 416 6498557510477019081
HIT 3 1799596933179 419 6094089463584933448
HIT 3 1803891900475 420 6502704780796144780
HIT 3 1833956671547 427 6591778555665588142
HIT 3 1846841573435 430 5652465802953338788
HIT 3 1898381180987 442 6264284850024544484
HIT 3 1975690592315 460 4952261554070723256
HIT 3 1997165428795 465 6723449808480392179
HIT 3 2031525167163 473 5255446662290079590
HIT 3 2091654709307 487 5201333622353547080
HIT 3 2134604382267 497 4864163463482796639
HIT 3 2143194316859 499 4938326564906118093
HIT 3 2151784251451 501 5854707881176159631
HIT 3 2181849022523 508 6562488158182955442
HIT 3 2194733924411 511 6198842652389728409
HIT 3 382257791035 89 4903244968177514726
HIT 3 1009323016251 235 4698558056193750720
HIT 3 1589143601211 370 6330901498517371514
HIT 3 1000733147195 233 5980413630615955514
HIT 3 1009323409467 235 5733329915292942427
HIT 3 1009323475003 235 5619519079407682815
HIT 3 1009323606075 235 6214819471065504681
HIT 3 1597734518843 372 6599291858587952132
HIT 3 1597734846523 372 6101804574266303124
HIT 3 1009324392507 235 6722702127048979254
HIT 3 1597734912059 372 5393880341940497020
HIT 3 1009324916795 235 6457021083222428821
HIT 3 1597735436347 372 6453393208382952193
HIT 3 1009325113403 235 6329943456349217423
HIT 3 1597736091707 372 5752377949139424962
HIT 3 1597736288315 372 5233456229426417219
HIT 3 1597736550459 372 5453687398119428127
HIT 3 1597736615995 372 6238805906962501786
HIT 3 1009326424123 235 5750402018334152056
HIT 3 1009326882875 235 6721436253838961440
HIT 3 1009327210555 235 5083205346659897031
HIT 3 1009327603771 235 5248840471441131122
HIT 3 1009328062523 235 6659056731894242997
HIT 3 1597739368507 372 4904784390230447236
HIT 3 1009328914491 235 6303037038369123129
HIT 3 1009329242171 235 6426659347761264562
HIT 3 369372364860 86 6189031266999183363
HIT 3 1009330683963 235 4996879156227572419
HIT 3 1597741203515 372 5878461517973286372
HIT 3 1009330880571 235 4736085185915224174
HIT 3 1597741531195 372 5600328873815597522
HIT 3 1597743104058 372 6078443040316867476
HIT 3 1597743366202 372 5218995887410151905
HIT 3 1009332060219 235 5319918994934870312
HIT 3 1009332256827 235 5258580304881959985
HIT 3 1597742907451 372 6611152022758273824
HIT 3 1597742972987 372 6372239854193756452
HIT 3 1597743038523 372 6153868794330596468
HIT 3 1039397486651 242 5577315303004728988
HIT 3 1078052192315 251 5076173447349667121
HIT 3 1155361603643 269 4692373215574673624
HIT 3 1224081080379 285 4796704907833665771
HIT 3 1236965982267 288 5044020857642396810
HIT 3 1258440818747 293 4745116916035874618
HIT 3 1284210622523 299 5290162650224233841
HIT 3 1305685459003 304 4948629166474507678
HIT 3 1357225066555 316 5264961200003673312
HIT 3 1361520033851 317 4983437295341684644
HIT 3 1400174739515 326 5617825878157168592
HIT 3 1425944543291 332 6907355091336112793
HIT 3 1434534477883 334 4641980680392895316
HIT 3 1447419379771 337 5834095067820861540
HIT 3 1460304281659 340 6579681120986353580
HIT 3 1559088529467 363 6685722547243426717
HIT 3 1636397940795 381 5822143735868450870
HIT 3 1683642581051 392 4625991463882288567
HIT 3 1687937548347 393 6671585364626760936
HIT 3 1752362057787 408 5880024721797500200
HIT 3 1760951992379 410 4964876331868636186
HIT 3 1941340618811 452 6323413693880084893
HIT 3 1949930553403 454 4639650787632625608
HIT 3 1975700357179 460 6458655986364031993
HIT 3 2040124866619 475 5454180870537603399
HIT 3 2074484604987 483 5312760130297117927
HIT 3 2108844343355 491 5247943825373679487
HIT 3 2156088983611 502 5664440786528067213
HIT 3 2177563820091 507 5385735515532874165
HIT 3 2190448721979 510 4647953446907110491
HIT 3 1597744349243 372 6604408082408595437
HIT 3 1597745528891 372 6276682883102139794
HIT 3 1597746708539 372 6475482586083025623
HIT 3 369372299325 86 5380199840105392560
HIT 3 1606322946109 374 4972674186289875493
HIT 3 1009322623037 235 6510483775654158560
HIT 3 1005027983421 234 4916488195317544123
HIT 3 1597749919803 372 6194100016635541642
HIT 3 1597750116411 372 6420335945375964133
HIT 3 1597750640699 372 6568220864810885980
HIT 3 1644996853819 383 6334181945518143895
HIT 3 1649291821115 384 6616824729094129704
HIT 3 1709421363259 398 5116358193643899314
HIT 3 1713716330555 399 5384902446172124714
HIT 3 1730896199739 403 6016623917252950696
HIT 3 1739486134331 405 5082123498935585244
HIT 3 1833975414843 427 6082570536553719076
HIT 3 1859745218619 433 4723107915727678515
HIT 3 1928464695355 449 6261194511453161937
HIT 3 1997184172091 465 5818744674159257411
HIT 3 2031543910459 473 6055329222825043859
HIT 3 2091673452603 487 6892119113952248470
HIT 3 2100263387195 489 4904726583349594944
HIT 3 2168982863931 505 6871870583895645718
HIT 3 2190457700411 510 4649405023012242246
HIT 3 1597733470277 372 5082914564796028257
HIT 3 369372364871 86 6818349942765897601
HIT 3 1597733470280 372 6672645617154415823
HIT 3 1597733470281 372 6344762200499261580
HIT 3 1597733011531 372 6774925010523094028
HIT 3 1597743235145 372 5562311508192682394
HIT 3 1597733142604 372 4780256470236292155
HIT 3 1597733011533 372 4780256470236292155
HIT 3 1606323404877 374 4677810193630915340
HIT 3 1597743235148 372 5671638152751955979
HIT 3 369372430414 86 6787789312864336268
HIT 3 1009322557518 235 6709702524100726994
HIT 3 369372495951 86 6625409441969674891
HIT 3 369372561487 86 6787789312864336268
HIT 3 1009322688591 235 6709702524100726994
HIT 3 1597733273679 372 6350412914852469715
HIT 3 1589143208014 370 5181707651457031923
HIT 3 360782626894 84 6625409441969674891
HIT 3 369372627022 86 6625409441969674891
HIT 3 1597733339214 372 5000216544921844377
HIT 3 1000733016142 233 6875883554394767317
HIT 3 1009322950734 235 6653211535191003707
HIT 3 1017912885326 237 6128259136958306404
HIT 3 1589143535694 370 5775245912850097152
HIT 3 1606323404878 374 4893124919642190987
HIT 3 395142627407 92 4637047374766843038
HIT 3 399437594703 93 4862303136313659717
HIT 3 438092300367 102 5646113405242894748
HIT 3 442387267663 103 5221361335669850280
HIT 3 468157071439 109 5887538050818284179
HIT 3 472452038735 110 6511480125848264357
HIT 3 519696678991 121 6831777723639693391
HIT 3 554056417359 129 5170746206642031633
HIT 3 584121188431 136 6229537514479211784
HIT 3 627070861391 146 4928309428128051339
HIT 3 644250730575 150 5039890377226820990
HIT 3 648545697871 151 6359770441191993889
HIT 3 657135632463 153 5464545844026645188
HIT 3 751624912975 175 5071948906007750139
HIT 3 773099749455 180 6297343003485631986
HIT 3 803164520527 187 6624599044991299038
HIT 3 807459487823 188 5281207231821690670
HIT 3 880473931855 205 6464364287860975093
HIT 3 932013539407 217 6482049085323790599
HIT 3 940603473999 219 6636418194063501446
HIT 3 1108107198543 258 6763121122024572688
HIT 3 1241251184719 289 5314649594668622227
HIT 3 1275610923087 297 5486713716147464594
HIT 3 1284200857679 299 4901800005163791253
HIT 3 1305675694159 304 5312441453614958777
HIT 3 1309970661455 305 5460877517895933731
HIT 3 1361510269007 317 6100979235359694933
HIT 3 1387280072783 323 4972201647012207063
HIT 3 1464589484111 341 4922026598232569109
HIT 3 1468884451407 342 5531175313645758051
HIT 3 1541898895439 359 5729975980591839606
HIT 3 1559078764623 363 6562555389847095577
HIT 3 1662157979727 387 5608906458771388284
HIT 3 1881201311823 438 6083503616109411911
HIT 3 1902676148303 443 6385771901323472974
HIT 3 1937035886671 451 5392733770621069932
HIT 3 1949920788559 454 5027401122798169294
HIT 3 2001460396111 466 5217115312062940163
HIT 3 2044410069071 476 6040308947685045484
HIT 3 2065884905551 481 4924575474590329988
HIT 3 2126014447695 495 6853676926038124917
HIT 3 2173259087951 506 6475601651987382805
HIT 3 1017912950863 237 6371914744789039958
HIT 3 1000733147215 233 5053294511190661932
HIT 3 1017913016399 237 4972674186289875493
HIT 3 1602028568655 373 6615290551298668610
HIT 3 1009323212879 235 6251502735555192489
HIT 3 1597734256719 372 5924680930303448346
HIT 3 1009324195919 235 5688869799930263678
HIT 3 1597735501903 372 6140149698977077030
HIT 3 1597736091727 372 5429061280303953467
HIT 3 1009325703247 235 6073761206785927626
HIT 3 1597736288335 372 5779675344211772832
HIT 3 360782626896 84 5005795956344651499
HIT 3 369372627024 86 5005795956344651499
HIT 3 1597743104077 372 4819764489705159912
HIT 3 1597737009231 372 6326888087658427225
HIT 3 1009327865935 235 5252799095547924961
HIT 3 1597738385487 372 6216091632730549526
HIT 3 1009328128079 235 5460400606038259566
HIT 3 1009328259151 235 4980627375251324339
HIT 3 1597738975311 372 6534777215676548166
HIT 3 1009328717903 235 5473922332138138625
HIT 3 1009328848975 235 5242237329829960942
HIT 3 1597739499599 372 5340185756381716701
HIT 3 1597739630671 372 6475779838827797408
HIT 3 1009329176655 235 5033160116862935076
HIT 3 1597739696207 372 6579716985088322706
HIT 3 1009329307727 235 4731815339140935878
HIT 3 1009329373263 235 6196632318906157488
HIT 3 1009329504335 235 4887739899507764827
HIT 3 1009329700943 235 4693702616706801410
HIT 3 1009329897551 235 5753557314273431424
HIT 3 1597740548175 372 5917622236508243429
HIT 3 1597741072463 372 6222745606663033997
HIT 3 1597741334607 372 6227226611379788651
HIT 3 1597741531215 372 5271439131778716443
HIT 3 1009331142735 235 5823474806557343166
HIT 3 1009331470415 235 5875971499883844543
HIT 3 1597742514255 372 5371927481914594823
HIT 3 1000733016145 233 5415281941586388490
HIT 3 1005027983441 234 6011234122467856197
HIT 3 1589143535697 370 6826643144217562443
HIT 3 377962823761 88 5005795956344651499
HIT 3 1597743169614 372 5999204224931900054
HIT 3 1602038071375 373 5204603314078040130
HIT 3 1026512519247 239 6111339277361892986
HIT 3 1602038136911 373 5493819190401338604
HIT 3 1606333104207 374 6782035207028822863
HIT 3 1017922650191 237 6111339277361892986
HIT 3 1073757225039 250 5482997914212330992
HIT 3 1090937094223 254 6803758711858893423
HIT 3 1215491145807 283 5231220224515216105
HIT 3 1309980426319 305 6500978506524138025
HIT 3 1331455262799 310 6359087665943541899
HIT 3 1344340164687 313 5516319630897262875
HIT 3 1365815001167 318 4725381430378053748
HIT 3 1387289837647 323 6084256123200363603
HIT 3 1404469706831 327 5908322641607366995
HIT 3 1408764674127 328 5891086355411437530
HIT 3 1413059641423 329 6583953615296594089
HIT 3 1430239510607 333 6342444930431658074
HIT 3 1486074085455 346 6802227521952786583
HIT 3 1529023758415 356 5345666574868129069
HIT 3 1627808006223 379 6883325846011318682
HIT 3 1632102973519 380 5550127947885519743
HIT 3 1640692908111 382 5366216831371544989
HIT 3 1675052646479 390 5186372422428316708
HIT 3 1679347613775 391 5184766123385453022
HIT 3 1739477155919 405 6249875318664647395
HIT 3 1748067090511 407 6813487491178527165
HIT 3 1773836894287 413 5631025595919881010
HIT 3 1825376501839 425 6668964050656024441
HIT 3 1829671469135 426 6303539157514209853
HIT 3 1859736240207 433 6755267953082392741
HIT 3 1902685913167 443 6517330855859220621
HIT 3 1932750684239 450 5257036914518499180
HIT 3 1945635586127 453 6278552190214567623
HIT 3 1967110422607 458 4682869393951880834
HIT 3 1975700357199 460 6398717253599057750
HIT 3 2005765128271 467 5357546330777021796
HIT 3 2044419833935 476 5084651059806247574
HIT 3 2061599703119 480 6497398603186724497
HIT 3 2083074539599 485 6341752552997731009
HIT 3 2100254408783 489 5061373661583578306
HIT 3 2104549376079 490 5579253305947720784
HIT 3 2156088983631 502 6149646068365748428
HIT 3 1597743366223 372 6402205384973773699
HIT 3 1602038333519 373 5560972078171187447
HIT 3 1597743431759 372 5311280877722278380
HIT 3 1597743628367 372 5743708137277929674
HIT 3 1597743759439 372 6050588294683065625
HIT 3 1597744545871 372 5853503348941682766
HIT 3 1597744808015 372 6158539573079553102
HIT 3 1597745201231 372 5620565464968993225
HIT 3 1597745791055 372 6249055515511362012
HIT 3 1597745856591 372 6901235725191182763
HIT 3 1597746380879 372 5982173536752365608
HIT 3 1597746511951 372 6483955282565733837
HIT 3 1597746774095 372 5904033991878754397
HIT 3 1597747101775 372 5723256398352544571
HIT 3 1597747757135 372 6309788208162751558
HIT 3 1597747822671 372 5469475032426026806
HIT 3 1597748150351 372 6242996377464973173
HIT 3 1597743235152 372 4932953267448971185
HIT 3 1597748478031 372 4726667896493189453
HIT 3 1597748543567 372 5103310993866965688
HIT 3 1597748805711 372 5672423445266979242
HIT 3 1597749002319 372 5513759570625705652
HIT 3 1597749198927 372 6300021133474012563
HIT 3 1597749854287 372 5063481228027572311
HIT 3 1597749985359 372 6143373407135660222
HIT 3 1597750771791 372 5435427657698111978
HIT 3 1597751230543 372 5560189638065749321
HIT 3 1597751754831 372 6281931530665383210
HIT 3 1597752148047 372 5181707651457031923
HIT 3 1670766657615 389 6257857475985206611
HIT 3 1679356592207 391 5386933941709921181
HIT 3 1726601232463 402 6528517424679557762
HIT 3 1765255938127 411 4893378886166186646
HIT 3 1769550905423 412 6753908508552831268
HIT 3 1782435807311 415 6535866802244685292
HIT 3 1791025741903 417 5365196432842033001
HIT 3 1808205611087 421 4760740333802792539
HIT 3 1812500578383 422 6834007059019807457
HIT 3 1851155284047 431 5237223833309466022
HIT 3 1868335153231 435 4877331269849122179
HIT 3 1889809989711 440 6259331196347392887
HIT 3 1902694891599 443 6460010927058421636
HIT 3 1988594237519 463 6792001442812149685
HIT 3 2001479139407 466 5964765810499054607
HIT 3 2014364041295 469 5120056875619381327
HIT 3 2048723779663 477 6656564251808026476
HIT 3 2091673452623 487 4810761195657828548
HIT 3 2164687896655 504 5197270688169615293
HIT 3 2173277831247 506 6621669556292838658
HIT 3 1009322950739 235 5458031096837297432
HIT 3 1009322819666 235 5458031096837297432
HIT 3 1597743104081 372 6619342539793127310
HIT 3 1597743235153 372 4705097393936026491
HIT 3 1597733732438 372 5137140429006596729
HIT 3 1597734977622 372 6859479705496533161
HIT 3 1009325178966 235 5012879069744356512
HIT 3 1597735764054 372 5081846581811605256
HIT 3 1009325375574 235 5621639949391764440
HIT 3 1009325441110 235 4617368145590415582
HIT 3 1009325899862 235 6121627444368378472
HIT 3 1597736419414 372 6392924733863874294
HIT 3 1009326096470 235 6173100281653226479
HIT 3 1009326162006 235 4614669949202658925
HIT 3 1597736681558 372 6249417716103962084
HIT 3 1597736747094 372 6884984684888173797
HIT 3 1009326358614 235 5882551694267073381
HIT 3 1009327472726 235 6012295985278280306
HIT 3 1597738188886 372 6706404894439408451
HIT 3 1597738451030 372 6711941495099685218
HIT 3 1597739237462 372 5608690842477114868
HIT 3 1597739696214 372 6743154386494693536
HIT 3 1597739761750 372 6160149926073639797
HIT 3 1009329307734 235 6814900290253406557
HIT 3 1597739958358 372 5943619655912610531
HIT 3 1597740023894 372 5780950230791429601
HIT 3 1009329635414 235 6405322507039921562
HIT 3 1597740351574 372 5617699864445350462
HIT 3 1597740548182 372 6130245350149136789
HIT 3 1009330290774 235 5094449834021470446
HIT 3 1597741138006 372 6863538634546962649
HIT 3 1000733147223 233 4905654512852613381
HIT 3 1597741334614 372 6149574751113224063
HIT 3 1009330946134 235 6061595420849989099
HIT 3 1597741727830 372 6062303453487607439
HIT 3 1597742055510 372 5922790317270738638
HIT 3 1009331667030 235 5234937535569242413
HIT 3 1009331994710 235 5070956331255462072
HIT 3 1009332191318 235 4870729445728473032
HIT 3 1009332322390 235 4985378923735000974
HIT 3 1009332518998 235 4905654512852613381
HIT 3 1035102519382 241 5556627850044537049
HIT 3 1039397486678 242 6710356749145286602
HIT 3 1060872323158 247 5355732412155628400
HIT 3 1172541472854 273 5071070266699096990
HIT 3 1228376047702 286 6907178193035917007
HIT 3 1267030753366 295 5159428316839564294
HIT 3 1305685459030 304 6795488245849884446
HIT 3 1417354608726 330 5305811864480552910
HIT 3 1460304281686 340 5271264709123288371
HIT 3 1464599248982 341 5620970141849971717
HIT 3 1477484150870 344 5254062040075753241
HIT 3 1490369052758 347 5378729198337499887
HIT 3 1507548921942 351 5573358024701800928
HIT 3 1571973431382 366 5221574771679816238
HIT 3 1576268398678 367 5146205775019013569
HIT 3 1619218071638 377 5900775054396380127
HIT 3 1644987875414 383 5711217126857666310
HIT 3 1666462711894 388 5967230658361047928
HIT 3 1692232515670 394 6089833654490148555
HIT 3 1808196632662 421 5176924648487447735
HIT 3 1812491599958 422 5816584977709827105
HIT 3 1842556371030 429 5217148315951022604
HIT 3 1881211076694 438 6411422633680342372
HIT 3 1885506043990 439 4758203961116691537
HIT 3 1984290291798 462 5153003073548703992
HIT 3 1992880226390 464 5008577577134741712
HIT 3 2005765128278 467 5338288815080543610
HIT 3 2010060095574 468 4885875384690891375
HIT 3 2065894670422 481 6553933514153479306
HIT 3 2091664474198 487 6400953531326419675
HIT 3 2108844343382 491 4882325859094573460
HIT 3 2121729245270 494 5142455506551664409
HIT 3 2151794016342 501 5446188578921200206
HIT 3 2160383950934 503 6026647398101679708
HIT 3 2181858787414 508 5507394468346108854
HIT 3 1597744087126 372 5753665549433569414
HIT 3 1597744283734 372 5088972702562614844
HIT 3 1597745201238 372 6058381574720086144
HIT 3 1597746380886 372 6476858416037481296
HIT 3 1597746708566 372 6619678170261569392
HIT 3 1597748215894 372 5926123190272445426
HIT 3 1597748478038 372 6774932040830471776
HIT 3 1597749264470 372 5715342578438634561
HIT 3 1597751623766 372 5227685083733653979
HIT 3 1597751689302 372 5815979721557629985
HIT 3 1705126395990 397 5514831092552303304
HIT 3 1833975414870 427 6751058967799655182
HIT 3 1881220055126 438 4739893525345718839
HIT 3 1898399924310 442 6789199920156378862
HIT 3 1915579793494 446 6834822727465024749
HIT 3 1954234499158 455 6371280041171347691
HIT 3 2005774106710 467 5765999503081004885
HIT 3 2018659008598 470 5890549925076451177
HIT 3 2040133845078 475 4774700596710012472
HIT 3 2070198616150 482 6281572337325157373
HIT 3 2091673452630 487 5501052832110849316
HIT 3 2104558354518 490 5877173771376915923
HIT 3 2113148289110 492 6659674342228291806
HIT 3 2194752667734 511 4650904354482351889
HIT 3 1606333169752 374 6510483775654158560
HIT 3 1597743235161 372 6642117891568013773
HIT 3 1597743235180 372 6884681646782752783
HIT 3 1597743235195 372 5298971307155212513
HIT 3 1597743235197 372 6891865838428887731
HIT 3 1597743235203 372 5007424726363728467
HIT 3 1597743235205 372 5740783159197203891
