HIT 1 370 370 7575532552799035001
DONE data/p_c0.txt sz=1 range=[0,512) n=512 zero=0 0.3s
HIT 2 3801120 58 9130982377447851711
HIT 2 29884448 456 8667227010680374091
HIT 2 3866658 59 9178612239148352430
HIT 2 29884451 456 6964352756409422503
HIT 2 22151226 338 7419539603963673261
HIT 2 22282298 340 8081441732376271477
HIT 2 29753402 454 7367017122537736707
HIT 2 29884474 456 9045214924114211453
HIT 2 29884475 456 8681374646337151066
HIT 2 24379730 372 7097096515217648400
HIT 2 24379763 372 7575532552799035001
DONE data/p_c0.txt sz=2 range=[0,512) n=130560 zero=0 1.7s
HIT 3 1451702747137 338 7178157506754880979
HIT 3 1589140127748 370 7010411571070133586
HIT 3 1958507315204 456 7479246882414130527
HIT 3 1589141700613 370 8976674305628551211
HIT 3 1958508888069 456 8127359062772636656
HIT 3 1451701174278 338 7290943923225377240
HIT 3 249110331399 58 8132392831387752407
HIT 3 1958529335300 456 9027649759592834872
HIT 3 1451701174281 338 9061510617531241111
HIT 3 1589141700616 370 7865266983515606131
HIT 3 1958529335303 456 7725537049749803524
HIT 3 1451702747146 338 7336473917152436646
HIT 3 1589141700618 370 8305975963900812798
HIT 3 1958529335304 456 8728051522563448424
HIT 3 1589140127757 370 7293132200497838456
HIT 3 1589140127758 370 9103880022138690947
HIT 3 1958508888079 456 7627787892022763426
HIT 3 1589160050700 370 8939576668818271086
HIT 3 1958529335308 456 8614830214226257018
HIT 3 1958527238157 456 8319288979544522211
HIT 3 1958529335309 456 8885344757915270177
HIT 3 1958507315216 456 7645482692202690557
HIT 3 249110331409 58 7153491423418415806
HIT 3 249110331411 58 7852114981325491284
HIT 3 249110331412 58 7385008776171081008
HIT 3 1589140127764 370 8864213886911847649
HIT 3 249110331414 58 9031460237284502095
HIT 3 1589140127766 370 8826927448835944889
HIT 3 1451702747158 338 8763496069946730357
HIT 3 1589140127767 370 8427446385846428894
HIT 3 249110331416 58 8698975870603839676
HIT 3 1451701174298 338 8942333980213445070
HIT 3 1451702747161 338 7326364051697564281
HIT 3 1589160050712 370 7971897124903117341
HIT 3 249110331422 58 7899751858571697020
HIT 3 1451701174302 338 8343084349325255466
HIT 3 1589141700637 370 7608214565487561854
HIT 3 1958508888093 456 8467248983978162538
HIT 3 1958508888095 456 9172592063305784046
HIT 3 249110331425 58 9130982377447851711
HIT 3 1958507315233 456 8667227010680374091
HIT 3 1451702747168 338 8013499767549792013
HIT 3 257701904416 60 9130982377447851711
HIT 3 1958507511842 456 6964352756409422503
HIT 3 249110593570 58 7807526189767322026
HIT 3 1451701567522 338 8258996717560715683
HIT 3 1958507773986 456 7612491839182052386
HIT 3 1589140717602 370 6953460545820871219
HIT 3 1451701895202 338 7246017639680358930
HIT 3 253405429795 59 9178612239148352430
HIT 3 1958508167202 456 8952897095209992420
HIT 3 1451702091810 338 7159501197354529597
HIT 3 249111380002 58 8104169099179795114
HIT 3 1589141241890 370 9126022446193364045
HIT 3 1589141438498 370 7947677717939575874
HIT 3 1967098691618 458 7281196842685719045
HIT 3 1589141635106 370 7036053841652118973
HIT 3 257701838882 60 7354734339091495460
HIT 3 261996806178 61 9178612239148352430
HIT 3 317831381026 74 8342966370790092703
HIT 3 326421315618 76 7691100312032239502
HIT 3 369370988578 86 8706224533763710425
HIT 3 403730726946 94 8791848754972148664
HIT 3 408025694242 95 8392168346038083777
HIT 3 416615628834 97 7676705976722793444
HIT 3 420910596130 98 7011087200796513100
HIT 3 433795498018 101 8076461489271831765
HIT 3 459565301794 107 8557802627311216683
HIT 3 485335105570 113 7133534919407571945
HIT 3 519694843938 121 9075961949251660944
HIT 3 571234451490 133 7184740503318271137
HIT 3 575529418786 134 8009892580981720289
HIT 3 622774059042 145 8051799831693569773
HIT 3 682903601186 159 8303453904249179186
HIT 3 725853274146 169 9161576694336669130
HIT 3 781687848994 182 7722389035751694866
HIT 3 841817391138 196 7000875936723855372
HIT 3 944896606242 220 7664351171984483642
HIT 3 949191573538 221 8715561499315088872
HIT 3 962076475426 224 7834730836353348987
HIT 3 979256344610 228 7089946337694994660
HIT 3 1017911050274 237 7431067408515360869
HIT 3 1022206017570 238 7139622198340438783
HIT 3 1035090919458 241 7320345250117513220
HIT 3 1043680854050 243 8897022905650729790
HIT 3 1120990265378 261 8945713005530252005
HIT 3 1125285232674 262 8448839471527946424
HIT 3 1151055036450 268 7785294972548165901
HIT 3 1155350003746 269 7439120753135539755
HIT 3 1163939938338 271 9133002724724718418
HIT 3 1224069480482 285 8153324066492903797
HIT 3 1228364447778 286 7722690957845592067
HIT 3 1262724186146 294 7125051422070446879
HIT 3 1267019153442 295 7855161286805761132
HIT 3 1297083924514 302 8156120005845341549
HIT 3 1301378891810 303 7744957259611141170
HIT 3 1318558760994 307 9207482263743582995
HIT 3 1335738630178 311 8125771787799478105
HIT 3 1348623532066 314 8961320089467383227
HIT 3 1455997714466 339 8184257234531811082
HIT 3 1503242354722 350 7442085093797586863
HIT 3 1546192027682 360 7402706059014825460
HIT 3 1636386340898 381 9190240081361549893
HIT 3 1670746079266 389 7886040994124614624
HIT 3 1675041046562 390 7013776173993317707
HIT 3 1722285686818 401 8256329699480041390
HIT 3 1743760523298 406 8120820470249506418
HIT 3 1851134705698 431 7888449290996553048
HIT 3 1906969280546 444 8283996677037341443
HIT 3 1924149149730 448 8597357855520898165
HIT 3 1932739084322 450 7034542061729750618
HIT 3 2031523332130 473 8582621911816122776
HIT 3 2061588103202 480 9026816417975237014
HIT 3 2070178037794 482 9091145684111233665
HIT 3 2078767972386 484 7310257823579996535
HIT 3 2083062939682 485 7201056320681485218
HIT 3 2091652874274 487 7479627463641625757
HIT 3 2117422678050 493 7433554668047648557
HIT 3 2151782416418 501 7217375148536506640
HIT 3 2186142154786 509 7020948398560801790
HIT 3 2194732089378 511 8347535377717849638
HIT 3 266291839010 62 7354734339091495460
HIT 3 1580551831586 368 9027691238212362401
HIT 3 1958508953634 456 9010648094583222852
HIT 3 1443112943650 336 8201341079712186603
HIT 3 1580551897122 368 7529121519394719522
HIT 3 1967098953762 458 7566711690344218896
HIT 3 1451703009314 338 9089589151394542047
HIT 3 1958509543458 456 7813404211377873286
HIT 3 1451703599138 338 8625363055714704624
HIT 3 1958509740066 456 7195992778067933354
HIT 3 1589142880290 370 7148836946356254231
HIT 3 1589143076898 370 7674315467325498186
HIT 3 1589143339042 370 9202754464436692265
HIT 3 1962803855395 457 8935170054041626308
HIT 3 1589143601186 370 8164338599880077296
HIT 3 1451704713250 338 8241281872191024586
HIT 3 1958510854178 456 8083803617801107924
HIT 3 1589143732258 370 7825195780118985160
HIT 3 1451704975394 338 8844615829755718715
HIT 3 1958511116322 456 8930223981231237336
HIT 3 1958511312930 456 7152556004375004268
HIT 3 1451705499682 338 9047383547451181170
HIT 3 1589144715298 370 8024566156067001210
HIT 3 1958512164898 456 7655394517355638718
HIT 3 1451706286114 338 8084495968621917259
HIT 3 1589145239586 370 8592304755367998139
HIT 3 1451706351650 338 7549086038650322469
HIT 3 1451706548258 338 9188363148734618328
HIT 3 1589145501730 370 8520789546968736070
HIT 3 1958512689186 456 8555317350723267716
HIT 3 1958512885794 456 7873935466449216040
HIT 3 1589145894946 370 8765315542793469421
HIT 3 1589146091554 370 7623251788264204891
HIT 3 1451707400226 338 7942300270808048382
HIT 3 1589146681378 370 8230781035400538197
HIT 3 1451707793442 338 8318209145443453245
HIT 3 1589146877986 370 8101030595357799162
HIT 3 1958514065442 456 7688224199168831753
HIT 3 1958514130978 456 8542470220217552581
HIT 3 1958514262050 456 8712390297429019001
HIT 3 1589147336738 370 8399735350062864732
HIT 3 1958514851874 456 8948479811855739023
HIT 3 1958515310626 456 7846819867239331249
HIT 3 1451709300770 338 8579498001882985339
HIT 3 1451709562914 338 8681462804954169755
HIT 3 1451709628450 338 8036542681356995728
HIT 3 1451709693986 338 7972298330683506919
HIT 3 1958515900450 456 8289340829539924386
HIT 3 1589148778530 370 9151567521614832870
HIT 3 1958516490274 456 7601862430214292686
HIT 3 1958516686882 456 6955020906625094844
HIT 3 1451711070242 338 7216693181999649246
HIT 3 1958517342242 456 8417520903145227687
HIT 3 1451711332386 338 7655745937086850536
HIT 3 1958517473314 456 8022045269700769931
HIT 3 1958517604386 456 7573793231396043608
HIT 3 1589150482466 370 8013410523978461629
HIT 3 1958517669922 456 7942615393229923257
HIT 3 1589150548002 370 6978015230612840547
HIT 3 1958517735458 456 8064505511358684670
HIT 3 1958518128674 456 7695330019739836068
HIT 3 1589151006754 370 7915317972627182720
HIT 3 1451712184354 338 7769485832139097106
HIT 3 1958527238177 456 8250018965690557006
HIT 3 1958518390818 456 9072088797230597022
HIT 3 1958518521890 456 7601565042393729832
HIT 3 1589151399970 370 7865076544536053422
HIT 3 1589151662114 370 8196437387659451398
HIT 3 1451712905250 338 8733499298534325011
HIT 3 1589151924258 370 8128081406937687591
HIT 3 1451713167394 338 9040404826254705475
HIT 3 1958519570466 456 9039285113591733242
HIT 3 1958519636002 456 8067964330829020776
HIT 3 1589152776226 370 8087526557321747141
HIT 3 1589153038370 370 8394753680447284993
HIT 3 1589153103906 370 8316751216108126477
HIT 3 1958520553506 456 8207885304720802138
HIT 3 1451714478114 338 7914485028990318592
HIT 3 1958520684578 456 8766562092031662957
HIT 3 1589153693730 370 7932490385642996460
HIT 3 1589153759266 370 8383343377919285560
HIT 3 1451715199010 338 8099724147389660485
HIT 3 1589154480162 370 6976006873279135656
HIT 3 1589154676770 370 8491700127932266900
HIT 3 1589159919648 370 8684281895791838298
HIT 3 1580551766052 368 7385739825598033807
HIT 3 1451716116514 338 8521814276184469037
HIT 3 1958522257442 456 8821125440161259271
HIT 3 1451716575266 338 7804072793262301355
HIT 3 1589155790882 370 8028155416781881794
HIT 3 1589155987490 370 8601976842122471924
HIT 3 1589156053026 370 7254455202895504829
HIT 3 1958523306018 456 7101142389228726049
HIT 3 1958523437090 456 7792873292997064370
HIT 3 1958523895842 456 7965148873811900706
HIT 3 1589156839458 370 8044124840974886390
HIT 3 1451718017058 338 7923584985063026500
HIT 3 1958524157986 456 8377266069097596738
HIT 3 1958524551202 456 8791554722620220577
HIT 3 1967124971552 458 8667227010680374091
HIT 3 1451718606882 338 7836207950562059984
HIT 3 1958525534242 456 7228000633580803930
HIT 3 1451719524386 338 7186425439912158644
HIT 3 1451719589922 338 8925507790905615350
HIT 3 1451719917602 338 8173212512481063733
HIT 3 1958526779426 456 9141522322553924850
HIT 3 1589159723042 370 7809662566725152650
HIT 3 1451720835106 338 9074007765923475900
HIT 3 1451720966178 338 7083479134256354270
HIT 3 1949937172514 454 9220570952359842389
HIT 3 1460310966306 340 7083479134256354270
HIT 3 1958527172642 456 7362941324207310626
HIT 3 1507555672098 351 8530971045224260375
HIT 3 1550505345058 361 8959625700886277112
HIT 3 1623519789090 378 8521681882506164292
HIT 3 1644994625570 383 7720515086654654043
HIT 3 1718009069602 400 7179896467991768365
HIT 3 1752368807970 408 6964391878152770172
HIT 3 1791023513634 417 8741384348885533637
HIT 3 1812498350114 422 7349684972064878930
HIT 3 1829678219298 426 8865374565917766660
HIT 3 1846858088482 430 7491664732579165939
HIT 3 1864037957666 434 8782313479497306399
HIT 3 1932757434402 450 7039146146030102867
HIT 3 1937052401698 451 9116864211042434575
HIT 3 1954232270882 455 8942529360255302257
HIT 3 1958527238178 456 8355238827524581461
HIT 3 1962822205474 457 7155951531969071659
HIT 3 1967117172770 458 8369333966786732550
HIT 3 1975707107362 460 8545134049031784178
HIT 3 2014361813026 469 7144480871502591187
HIT 3 2040131616802 475 6929608388021919268
HIT 3 2048721551394 477 7739950756472989000
HIT 3 2087376257058 486 8306499732031340449
HIT 3 2104556126242 490 7802871159895464155
HIT 3 2164685668386 504 7844361522232536089
HIT 3 2168980635682 505 9080208505400354934
HIT 3 2173275602978 506 8616057902405685458
HIT 3 1597750116386 372 7566711690344218896
HIT 3 1958527500322 456 7821875375084611280
HIT 3 1589161033762 370 9210688211334752407
HIT 3 1589161426978 370 8661626328714491977
HIT 3 1949939269666 454 7159109306769026925
HIT 3 1614931951650 376 8084730246112849330
HIT 3 1666471559202 388 6989787933105074003
HIT 3 1675061493794 390 7843819763373513599
HIT 3 1709421232162 398 8603863364566480714
HIT 3 1769550774306 412 6990162896340561353
HIT 3 1846860185634 430 7042229996274428582
HIT 3 1851155152930 431 7451712349746497353
HIT 3 1859745087522 433 8988977493144446726
HIT 3 1889809858594 440 7567306619537444935
HIT 3 1898399793186 442 7872421486880923012
HIT 3 1915579662370 446 7544698347243134439
HIT 3 1962824302626 457 8218855444004428137
HIT 3 1988594106402 463 8114908365284595497
HIT 3 2040133713954 475 7946364459626037864
HIT 3 2048723648546 477 7899572096179585795
HIT 3 2065903517730 481 8919263974047614695
HIT 3 2138917961762 498 9167015191632622076
HIT 3 1958529466402 456 7845683940344819589
HIT 3 1958529794082 456 8997178745716062036
HIT 3 1958530449442 456 7870460758096287617
HIT 3 1958531629090 456 8160841343046818478
HIT 3 1958532939810 456 8175984527924957365
HIT 3 1958533726242 456 7096947374020035020
HIT 3 1958534250530 456 8128021310372535907
HIT 3 1958534316066 456 8771338823307552996
HIT 3 1975714840610 460 9037760424718335378
HIT 3 2014369546274 469 9202961945570025829
HIT 3 2048729284642 477 8193539636053648847
HIT 3 2053024251938 478 8046277398668671695
HIT 3 2057319219234 479 7250345344070188993
HIT 3 2078794055714 484 9121243344698095940
HIT 3 2083089023010 485 6939074638903316493
HIT 3 2134628630562 497 7721455296870256029
HIT 3 2156103467042 502 8615302499820247957
HIT 3 2160398434338 503 8213835397483678648
HIT 3 2190463205410 510 7768390012910529078
HIT 3 1580570116131 368 7731777823929296101
HIT 3 1962822205475 457 7713186098757721705
HIT 3 1589160181795 370 8759977278941636742
HIT 3 1958527369251 456 8917077999191181005
HIT 3 1967124971555 458 6964352756409422503
HIT 3 1593455018020 371 7408229863416889121
HIT 3 1949937303588 454 7802603307964538470
HIT 3 1967117172772 458 8916023876941184483
HIT 3 1962824302628 457 8665636743931547036
HIT 3 1958508888104 456 7887262711834563712
HIT 3 1451702747178 338 7015927738729036007
HIT 3 1589141700652 370 9052153683926041447
HIT 3 1589160050731 370 7507067845132025854
HIT 3 1958508888111 456 8791358972132861814
HIT 3 1958529335341 456 7349054433872835325
HIT 3 1451702747189 338 8631444434513166594
HIT 3 1451702747190 338 7492554914731825233
HIT 3 1958529335347 456 8985423105802256847
HIT 3 1451702747192 338 8432865846487749514
HIT 3 1589160050742 370 9036126395277566771
HIT 3 1958529335350 456 7993697151604407418
HIT 3 1958509084730 456 8681374646337151066
HIT 3 1958509281338 456 7671130535949509462
HIT 3 1451703402554 338 7595724085432450446
HIT 3 1589142552634 370 9189144846706312740
HIT 3 1589142749242 370 8623191480656930046
HIT 3 1589142814778 370 8816697586644445630
HIT 3 1451703926842 338 8416828311993777181
HIT 3 1958510067770 456 8435724149959844307
HIT 3 1958510198842 456 9195107659740497884
HIT 3 1451704188986 338 8246358102611318419
HIT 3 1451704385594 338 8388573816162781586
HIT 3 1589143666746 370 7007320121604789865
HIT 3 1451704909882 338 8642526730032340998
HIT 3 1958511116346 456 7679558731028374477
HIT 3 1451702878265 338 8432865846487749514
HIT 3 1589144387642 370 8884002439149450357
HIT 3 1589144453178 370 8507424792198016571
HIT 3 1958511706170 456 7648268333868107028
HIT 3 1451705696314 338 7729195656763963428
HIT 3 1589144715322 370 7861392759559119408
HIT 3 1958512099386 456 8732602232732757856
HIT 3 1451706155066 338 8696733796885187986
HIT 3 1589145108538 370 8520247283564275121
HIT 3 1451706417210 338 7570483355092769097
HIT 3 1589145370682 370 7507952306795793020
HIT 3 1958512689210 456 8672103151670628557
HIT 3 1958512885818 456 7925386005103069712
HIT 3 1958512951354 456 7069297265453428051
HIT 3 1958513344570 456 7684592878570616119
HIT 3 1589146288186 370 8683397518118030533
HIT 3 1958529335351 456 8899539187871972326
HIT 3 1589146484794 370 8148613966443943295
HIT 3 1451707662394 338 7617575950867018269
HIT 3 1958514131002 456 8390089407443704507
HIT 3 1589147009082 370 7177792270981711518
HIT 3 1451708448826 338 8562104335002530812
HIT 3 1451708579898 338 8742920650140915540
HIT 3 1958514851898 456 7900036542171027907
HIT 3 1958514917434 456 8751370000041786413
HIT 3 1958515048506 456 8024153480590301451
HIT 3 1451709038650 338 8442609592084477724
HIT 3 1589148057658 370 8049819384693348076
HIT 3 1958515245114 456 8873466280088426001
HIT 3 1958515310650 456 8165077003257770166
HIT 3 1451709235258 338 6917725240743352185
HIT 3 1451702878267 338 7419539603963673261
HIT 3 1460292812859 340 8081441732376271477
HIT 3 1949919084603 454 7367017122537736707
HIT 3 1958509019195 456 9045214924114211453
HIT 3 1958515441722 456 7026764567845640807
HIT 3 1451709366330 338 7346346528279128278
HIT 3 1589148385338 370 8797788278177466670
HIT 3 1589148450874 370 7455119110904453488
HIT 3 1958515834938 456 7105011959212029834
HIT 3 1589148713018 370 7596910920952630811
HIT 3 1451709890618 338 7418699128852950909
HIT 3 1451709956154 338 8911596691140317369
HIT 3 1451710218298 338 7203697160622676155
HIT 3 1958516686906 456 8783557041502735931
HIT 3 1451710677050 338 7968376412671567625
HIT 3 1451710742586 338 7093434779826369190
HIT 3 1589149696058 370 7719362288262538102
HIT 3 1589149761594 370 7523739425471904793
HIT 3 1589149892666 370 8562682565032323130
HIT 3 1589160116280 370 7131442885238695116
HIT 3 1958527369272 456 8058772699948275513
HIT 3 1451711332410 338 6972510126709144763
HIT 3 1589150351418 370 7596321871915539438
HIT 3 1451711594554 338 7577588249472240391
HIT 3 1958517735482 456 7511117372703891786
HIT 3 1958517801018 456 7876849781444735896
HIT 3 1451711725626 338 7175958157857384172
HIT 3 1958517932090 456 8228299191488096674
HIT 3 1451711856698 338 8055844292261325077
HIT 3 1589151006778 370 8222861484688897505
HIT 3 1589151268922 370 7603027984259641737
HIT 3 1589151531066 370 7384748904921776416
HIT 3 1589151596602 370 8496515835955508311
HIT 3 1451712774202 338 8685249606559679554
HIT 3 1958519111738 456 9180354596455212829
HIT 3 1958519373882 456 7869493298716276425
HIT 3 1451713364026 338 7712920242972840487
HIT 3 1958519504954 456 8903219407602744549
HIT 3 1451713757242 338 8338054207400020426
HIT 3 1958519963706 456 9068764808934280013
HIT 3 1451714084922 338 7691976092307088846
HIT 3 1958520225850 456 7984810928053155293
HIT 3 1451714215994 338 7254689371214362797
HIT 3 1958520356922 456 7756753425306014067
HIT 3 1589153235002 370 8963255391659419251
HIT 3 1958520881210 456 8641886759640627624
HIT 3 1589153824826 370 7322454213947065827
HIT 3 1958521077818 456 7274952596978351151
HIT 3 1589154152506 370 8227197138224006442
HIT 3 1589154218042 370 8552522368338292420
HIT 3 1589154349114 370 8697512721296525340
HIT 3 1958521995322 456 7005080467205604560
HIT 3 1451715985466 338 7860629977205068938
HIT 3 1589155332154 370 8193106233073414096
HIT 3 1589155397690 370 8300754086207878900
HIT 3 1958522650682 456 8230802797156718942
HIT 3 1958522847290 456 7589841275407959114
HIT 3 1451717165114 338 8915322256619062733
HIT 3 1958524026938 456 8990309948132898224
HIT 3 1451717951546 338 8270648684028527460
HIT 3 1589156970554 370 7407089973171435924
HIT 3 1451718213690 338 7157964677404996032
HIT 3 1589157232698 370 8785522622587675960
HIT 3 1958524813370 456 8760580595900671397
HIT 3 1958524878906 456 8741006615506539869
HIT 3 1451718803514 338 7840301463669851181
HIT 3 1958525206586 456 9133860674814629175
HIT 3 1958525272122 456 9081959558135409935
HIT 3 1451719458874 338 7957388877847886509
HIT 3 1589158412346 370 7440928282125114638
HIT 3 1589158543418 370 8663514216554963036
HIT 3 1958525730874 456 7105139888703725547
HIT 3 1958525927482 456 8906310302531215330
HIT 3 1589158805562 370 7939697991127684341
HIT 3 1451719983162 338 8287418679642723496
HIT 3 1589159002170 370 7483192901793418119
HIT 3 1589159067706 370 7961879344186266007
HIT 3 1958526582842 456 6953520203518970890
HIT 3 1451720507450 338 9119849789872359565
HIT 3 1589159591994 370 7469572515943150912
HIT 3 1958526910522 456 7952929950887655335
HIT 3 1958526976058 456 8829887341307141253
HIT 3 1593454886970 371 7399234815766984810
HIT 3 1460311031866 340 8886743547468604425
HIT 3 1619224821818 377 9155487314049303986
HIT 3 1644994625594 383 8365707601678531430
HIT 3 1649289592890 384 7686728684044396772
HIT 3 1657879527482 386 7930524895315003767
HIT 3 1709419135034 398 8336400981190906110
HIT 3 1743778873402 406 7394197061285036124
HIT 3 1765253709882 411 7662870139879551765
HIT 3 1803908415546 420 7521771054779792152
HIT 3 1864037957690 434 7537597572964219297
HIT 3 1885512794170 439 8313059610803862934
HIT 3 1919872532538 447 8307411166369980348
HIT 3 1928462467130 449 8087987055699778405
HIT 3 1945642336314 453 8430014572794005581
HIT 3 1992886976570 464 8775462526089062964
HIT 3 2031541682234 473 7350448169555473443
HIT 3 2044426584122 476 8851784200368734840
HIT 3 2065901420602 481 7007452455219220988
HIT 3 2083081289786 485 8796326080472391622
HIT 3 2143210831930 499 8252959206001816023
HIT 3 2190455472186 510 7761161201998259512
HIT 3 1460311097402 340 7419539603963673261
HIT 3 1468901031994 342 8886743547468604425
HIT 3 1597750050874 372 7910659257089363823
HIT 3 1468901163066 342 8081441732376271477
HIT 3 1589160443962 370 7591856133455427067
HIT 3 1958527631418 456 8618112809411318490
HIT 3 1589160509498 370 8158746867835099049
HIT 3 1958528221242 456 7266945009306109990
HIT 3 1589161230394 370 7658362186919909437
HIT 3 1589161689146 370 7890199222871763726
HIT 3 1962824171578 457 6952704102265966527
HIT 3 1606342017082 374 8611976366332420455
HIT 3 1614931951674 376 7640641987802507667
HIT 3 1623521886266 378 8340826903388848403
HIT 3 1675061493818 390 8376103275287938429
HIT 3 1709421232186 398 9072884701363450578
HIT 3 1726601101370 402 8544616434678127780
HIT 3 1778140708922 414 8261670626563871178
HIT 3 1795320578106 418 7892347480833696808
HIT 3 1812500447290 422 8375805174731178619
HIT 3 1851155152954 431 9114235935610488107
HIT 3 1859745087546 433 8580123130138573399
HIT 3 1881219924026 438 8455002426957710736
HIT 3 1941349466170 452 7084731377237020457
HIT 3 2001479008314 466 7623670846611946643
HIT 3 2005773975610 467 8235637453135729634
HIT 3 2014363910202 469 8515093748537724997
HIT 3 2027248812090 472 7586149697411552341
HIT 3 2053018615866 478 9221311239142434640
HIT 3 2126033059898 495 8447961920230945313
HIT 3 2134622994490 497 8272278125925118567
HIT 3 2151802863674 501 7434288667625284817
HIT 3 2160392798266 503 7941165936331923705
HIT 3 2168982732858 505 8270032094861376319
HIT 3 1949939466298 454 9148955457324173394
HIT 3 1962824433722 457 7941082122891608173
HIT 3 1958529531962 456 8485344654899077966
HIT 3 1958529663034 456 8738658725357967135
HIT 3 1958530580538 456 8581368500424474814
HIT 3 1958531366970 456 8947101805312842798
HIT 3 1958531498042 456 7026341180290135885
HIT 3 1958531629114 456 9206414298021021617
HIT 3 1958532022330 456 7996471633414260146
HIT 3 1958532087866 456 8644197421214395638
HIT 3 1958532153402 456 8326860180120631319
HIT 3 1958532415546 456 6954213382196610672
HIT 3 1958532481082 456 7772588962840247478
HIT 3 1958533267514 456 7715821142319989295
HIT 3 1958533529658 456 8470494528381549056
HIT 3 1958533660730 456 8697983066196562955
HIT 3 1958534053946 456 8338936410274331669
HIT 3 1958534905914 456 7367017122537736707
HIT 3 2048729284666 477 9144988283696028067
HIT 3 2113153794106 492 7736074711046446594
HIT 3 2134628630586 497 7720459212765963732
HIT 3 2173283336250 506 8072894693829685246
HIT 3 1967124971578 458 9045214924114211453
HIT 3 1958527238201 456 8705796734594641936
HIT 3 1958527369275 456 7645919705568370976
HIT 3 1958529466427 456 8480555448034219381
HIT 3 1967124971579 458 8681374646337151066
HIT 3 1597749985340 372 8916023876941184483
HIT 3 1958529335360 456 7207294428800111128
HIT 3 1958527238209 456 7564373668644498500
HIT 3 1958527238211 456 7075748775391163734
HIT 3 1958527238212 456 7985109906990751793
HIT 3 1958529335365 456 9034980292151617496
HIT 3 1958527238215 456 8807098377535229452
HIT 3 1958527238216 456 8734912905522666613
HIT 3 1589160050763 370 7941755482839207642
HIT 3 1958527238219 456 8190087833928280404
HIT 3 1958529335371 456 7590034607739882546
HIT 3 1589160050762 370 8004469876855444617
HIT 3 1958529335372 456 8011638366357114660
HIT 3 1589160050765 370 7159932947741036624
HIT 3 1589160050776 370 9086767563418727611
HIT 3 1589160050779 370 7916409206618985856
HIT 3 1589160050781 370 8091665648256284147
HIT 3 1589160050782 370 8400373618355022738
HIT 3 1958527238238 456 7811551824431534491
HIT 3 1958527238260 456 8968356759080827275
HIT 3 1958527238264 456 8112878965057172736
HIT 3 1958529335417 456 7667706599941737156
HIT 3 1958527238266 456 8197178213617200743
HIT 3 1958527238274 456 8913790251654017192
HIT 3 1589160050830 370 7618765452886094575
HIT 3 1958529335438 456 8081542486156178003
HIT 3 1958527238288 456 7019085750943117059
HIT 3 1958529335440 456 8007840180035844765
HIT 3 1958529335443 456 8464942546258994573
HIT 3 1958527238297 456 9088050259573172301
HIT 3 1958527238301 456 8355011708669095666
HIT 3 1589160050846 370 7827238843684398967
HIT 3 1958529335453 456 9180271341970625305
HIT 3 1958529335459 456 7349633701097842413
HIT 3 1589160050853 370 8218586959343020739
HIT 3 1958527238312 456 9044557911209079392
HIT 3 1589160050859 370 7641994321310521137
HIT 3 1958527238314 456 7507284127621450607
HIT 3 1589160050861 370 8205272205843234973
HIT 3 1589160050863 370 7346025352953353235
HIT 3 1589160050867 370 8810210724762525453
HIT 3 1958529335480 456 8511524126265938482
HIT 3 1958529335485 456 8721375703899685413
HIT 3 1958527238334 456 7312874341786979459
HIT 3 1589160050879 370 8740500145008797890
HIT 3 1958527238337 456 8145631753522704368
HIT 3 1958527238339 456 9092894705803649384
HIT 3 1589160050886 370 7364616990782589978
HIT 3 1958529335496 456 7734685588577693613
HIT 3 1958527238345 456 7699737098620655493
HIT 3 1958529335497 456 8122993900634339155
HIT 3 1958527238347 456 7880873711547560891
HIT 3 1958529335502 456 7102896417305646920
HIT 3 1589160050895 370 7364503990288401748
HIT 3 1958529335505 456 7090239251571230638
HIT 3 1589160050904 370 8027781278568914185
HIT 3 1589160050907 370 8700738897793361067
HIT 3 1958527238367 456 7760118921128293142
HIT 3 1958527238370 456 9034026924899401346
HIT 3 1958527238372 456 9160121801893373863
HIT 3 1589160050917 370 8895558318296115494
HIT 3 1589160050918 370 7040942517080536938
HIT 3 1958527238374 456 7241766513276668387
HIT 3 1589160050922 370 8864999295330397116
HIT 3 1958529335530 456 8226866836432061941
HIT 3 1958527238381 456 8688730133103512476
HIT 3 1958527238383 456 8530834311946725336
HIT 3 1958527238384 456 8854153508724872165
HIT 3 1958527238389 456 7725160887808485276
HIT 3 1958529335540 456 6961391001950113446
HIT 3 1958529335542 456 7620774131980376988
HIT 3 1958527238393 456 8529041017338334775
HIT 3 1958529335548 456 8165740565772374256
HIT 3 1589160050947 370 7731859262029357870
HIT 3 1958529335555 456 8223436104131062745
HIT 3 1589160050949 370 8166177465444401961
HIT 3 1958527238411 456 8762638024383057509
HIT 3 1958527238409 456 7371842545006670562
HIT 3 1958527238412 456 7256223614072329272
HIT 3 1958529335566 456 8923420226777951039
HIT 3 1589160050959 370 8810898139756059210
HIT 3 1958527238415 456 6924132688608393280
HIT 3 1958529335565 456 8116142944196764613
HIT 3 1589160050963 370 9074166284321706515
HIT 3 1958527238420 456 8578436441529184907
HIT 3 1958527238422 456 7114631143013742171
HIT 3 1958529335574 456 7473713682319891253
HIT 3 1958527238426 456 8257073955778432748
HIT 3 1958527238427 456 8872386820941859215
HIT 3 1589160050973 370 8844174734947772837
HIT 3 1958529335580 456 8362892500082257843
HIT 3 1589160050974 370 7358100134514311298
HIT 3 1958529335581 456 8514806602010433889
HIT 3 1589160050976 370 8137208553401841564
HIT 3 1958527238433 456 7171756143900325860
HIT 3 1958527238438 456 8832130602207255676
HIT 3 1958529335590 456 8839762552854771045
HIT 3 1958527238443 456 7610254513649190626
HIT 3 1589160050986 370 8079820188254708418
HIT 3 1958527238442 456 8512570170827007105
HIT 3 1958529335594 456 7155542183065771925
HIT 3 1958527238445 456 7489176381316375929
HIT 3 1958527238452 456 9086779268928765127
HIT 3 1589160050999 370 7525389339117343245
HIT 3 1958527238458 456 8531070023438865106
HIT 3 1958529335610 456 8331069129785197753
HIT 3 1958529335614 456 8838368068308685420
HIT 3 1958527238463 456 9199339015476203216
HIT 3 1958527238466 456 8474295513627291944
HIT 3 1958527238468 456 8335774063857218086
HIT 3 1958529335620 456 8354408785166929795
HIT 3 1958527238471 456 9155210870983603579
HIT 3 1589160051017 370 7888490846304394615
HIT 3 1958527238473 456 8714808446645971590
HIT 3 1589160051018 370 7277466225581642313
HIT 3 1589160051022 370 8819393488054438226
HIT 3 1958528418130 456 8862387663416622304
HIT 3 1589161492818 370 6959558921120397985
HIT 3 1958528680274 456 8281974317928239501
HIT 3 1589161558354 370 7898787635430667387
HIT 3 1610636984658 375 7455590975694072130
HIT 3 1636406788434 381 8786540061152046663
HIT 3 1679356461394 391 7803140925359500288
HIT 3 1692241363282 394 7705480174329846512
HIT 3 1752370905426 408 8633857932659530081
HIT 3 1838270251346 428 7167632031304518687
HIT 3 1915579662674 446 8738259811432058310
HIT 3 1937054499154 451 9185708448467303357
HIT 3 1941349466450 452 9126902052540116081
HIT 3 1949939401042 454 8214355303199347846
HIT 3 1988594106706 463 7799980369490977338
HIT 3 2126033060178 495 8700374059098170289
HIT 3 2156097831250 502 7573096395012977537
HIT 3 1602047115602 373 7455590975694072130
HIT 3 1967119335762 458 8466774443446843192
HIT 3 1606342213970 374 7097096515217648400
HIT 3 1958529532242 456 7027363267730992684
HIT 3 1597750116691 372 7097096515217648400
HIT 3 1958529990994 456 7024809477728071631
HIT 3 1958531957074 456 8682695880665776588
HIT 3 1958532350290 456 7137368125512005765
HIT 3 1958533071186 456 7884969373852462721
HIT 3 1958533136722 456 9186170819415552033
HIT 3 1958533267794 456 8917204424796546978
HIT 3 1958533661010 456 7036772955272391591
HIT 3 1958533726546 456 7166877230058640962
HIT 3 1967124906322 458 8458958126952879648
HIT 3 2005779611986 467 8580785360011470567
HIT 3 2027254448466 472 7799871640905005191
HIT 3 2048729284946 477 7419380517128861339
HIT 3 2065909154130 481 8962353015440511842
HIT 3 2095973925202 488 7898589396169610160
HIT 3 2121743728978 494 8784145626726624270
HIT 3 2130333663570 496 7338545749046467167
HIT 3 2147513532754 500 7156741028790581854
HIT 3 1975714906450 460 8458958126952879648
HIT 3 1958529335654 456 9111907248013636980
HIT 3 1958529335652 456 6979858561465775799
HIT 3 1958529335662 456 9106415340843589228
HIT 3 1958531039602 456 8204651448163562835
HIT 3 1958531629426 456 7587020372911079187
HIT 3 1606342214003 374 7575532552799035001
HIT 3 1958532153714 456 8927198153100527041
HIT 3 1958532743538 456 7885308769717327193
HIT 3 1958532940146 456 8198482250759922830
HIT 3 1958533923186 456 8240483607441918623
HIT 3 1958533988722 456 7498934255640881601
HIT 3 1958534578546 456 8408596838706026714
HIT 3 1975714840946 460 8304883024927551495
HIT 3 2027254448498 472 8938286906750785051
HIT 3 2044434317682 476 8079955463629173938
HIT 3 2048729284978 477 9171993645557967562
HIT 3 2091678957938 487 7184626140695250428
HIT 3 2108858827122 491 7414490517701504495
HIT 3 2117448761714 493 7451994772887672994
HIT 3 2134628630898 497 8984666855659664796
DONE data/p_c0.txt sz=3 range=[0,512) n=22108160 zero=0 48.7s
