DONE data/p_lam.txt sz=1 range=[0,512) n=512 zero=0 0.3s
HIT 2 30474386 465 3966310237388242902
HIT 2 32702610 499 3228060553430324457
HIT 2 32702613 499 2820224222163177738
HIT 2 24838294 379 4105432445298677676
HIT 2 32702614 499 3269139901115727999
HIT 2 30474388 465 4538255201752391837
HIT 2 30605460 467 2405525072408620234
HIT 2 30474552 465 2325853266089300033
HIT 2 24838457 379 2485563313997825685
HIT 2 32637307 498 4190044646772081663
HIT 2 32702929 499 3549476874350922991
DONE data/p_lam.txt sz=2 range=[0,512) n=130560 zero=0 3.1s
HIT 3 1627813117954 379 4520966120608422248
HIT 3 1997180305408 465 2922850128905881691
HIT 3 2143209193472 499 4088291366465970319
HIT 3 2143213518848 499 3048444903266475133
HIT 3 1627802304516 379 3011500440625633864
HIT 3 2143198380036 499 4050242568664005955
HIT 3 1344334462983 313 2415998796933922306
HIT 3 1627813117956 379 3884457487144232996
HIT 3 2143209193476 499 3348023774466970368
HIT 3 1627813117959 379 4002226983199569997
HIT 3 1997180305415 465 2848611190762273476
HIT 3 2143209193479 499 4390706115561818837
HIT 3 2143213518853 499 3008078931015334355
HIT 3 2143219154949 499 2502738097027102092
HIT 3 1997180305419 465 2733815330915049056
HIT 3 2143209193481 499 4146299820250905140
HIT 3 1627813117962 379 3912837093678420283
HIT 3 1997184630793 465 3426594316152439060
HIT 3 2143219154953 499 2439282501745659676
HIT 3 1627802304524 379 2360252131207041197
HIT 3 2143198380044 499 2529000656526769319
HIT 3 1997184630797 465 4231585533054542402
HIT 3 1627802304528 379 3286221176498142742
HIT 3 2143198380050 499 4551358727544215257
HIT 3 2143198380051 499 2849316242410961755
HIT 3 2143209193488 499 3013827704240041001
HIT 3 1997184630800 465 3163032890340553782
HIT 3 2143213518865 499 3898046669193777319
HIT 3 1627813117971 379 4287046755745861239
HIT 3 1344334462996 313 3035408700585513311
HIT 3 1997169491988 465 2622273342237522185
HIT 3 2143198380055 499 3158327668265544714
HIT 3 1997180305428 465 2310831990953804683
HIT 3 2143209193492 499 2581551621725560678
HIT 3 2143219154965 499 3376158277594866309
HIT 3 2143213518870 499 3684912618489659404
HIT 3 2143219154966 499 3086462528810992428
HIT 3 1997184630807 465 3503344870904317035
HIT 3 2143219154967 499 2738959032045085073
HIT 3 1997169491992 465 2438975814677638844
HIT 3 1997169491994 465 3234671582191819354
HIT 3 1627813117977 379 3845200117330424204
HIT 3 1997180305433 465 2839932899220121591
HIT 3 1627802304542 379 3992589413569027267
HIT 3 2143213518876 499 4006618530357059946
HIT 3 2143213518878 499 3647665896104572355
HIT 3 1627802304547 379 3666637013004070121
HIT 3 1627813117984 379 4059534943742355751
HIT 3 1997180305443 465 3205835458300729446
HIT 3 1627802304548 379 3626643423435736933
HIT 3 1997169492004 465 2797813291167504758
HIT 3 2143198380068 499 2394021620324900418
HIT 3 2143219154980 499 4597331131615375751
HIT 3 1627813117991 379 2595720081465903461
HIT 3 1344334463018 313 2525019950065917497
HIT 3 2143198380074 499 3608752674808967386
HIT 3 1344334463019 313 3214506308803017872
HIT 3 2143198380075 499 3466201595120471491
HIT 3 2143213518888 499 4088931843759897694
HIT 3 1997180305449 465 3133570317180656287
HIT 3 2143209193514 499 2400923842290430550
HIT 3 2143213518889 499 3849006910771596392
HIT 3 1344334463020 313 2646530571528336245
HIT 3 2143198380078 499 3915840555844387348
HIT 3 2143198380077 499 3851940202576341737
HIT 3 1627802304559 379 4017037829076541468
HIT 3 2143198380080 499 4543523747075017791
HIT 3 1344334463025 313 2412857707599113689
HIT 3 1627802304561 379 3120984556824622701
HIT 3 1627813118003 379 3325190699780510150
HIT 3 1997184630834 465 2498237535463161514
HIT 3 2143213518899 499 2391311722116820754
HIT 3 1344334463031 313 3784199128406220905
HIT 3 1997169492024 465 2931043624060957737
HIT 3 1997180305463 465 3751691328181038075
HIT 3 2143209193527 499 4590252358272221361
HIT 3 1997184630839 465 2616931392504469764
HIT 3 1344334463034 313 4512533678395076272
HIT 3 1997180305465 465 2415494682270068871
HIT 3 1627802304572 379 4219872416000170666
HIT 3 2143219155002 499 2692736035204541021
HIT 3 1997169492029 465 2463320275450074255
HIT 3 2143219155003 499 3936357984351857641
HIT 3 2143198380095 499 4164689908283131540
HIT 3 1997180305469 465 2351576954864475682
HIT 3 1997169492032 465 3797224964970341390
HIT 3 2143198380096 499 3133980677487943577
HIT 3 2143219155005 499 2318826696887182628
HIT 3 2143198380097 499 2418355783953981029
HIT 3 1997180305472 465 4488160434838761386
HIT 3 1997169492034 465 3528764093383325790
HIT 3 2143219155008 499 4169619211192214654
HIT 3 1997184630849 465 3304584646054700517
HIT 3 2143213518913 499 3939784236262934289
HIT 3 1627813118018 379 4481236728468566033
HIT 3 2143198380100 499 3100756532105185775
HIT 3 2143209193539 499 3646906314445249842
HIT 3 1997180305476 465 3521030035739756554
HIT 3 2143213518915 499 3167434630200627995
HIT 3 1627802304582 379 3843417767918765123
HIT 3 2143198380102 499 3110440371728990080
HIT 3 1344334463048 313 3313680002030027164
HIT 3 1997184630854 465 2537262015641147391
HIT 3 1344334463050 313 4333553364627377751
HIT 3 2143198380106 499 2306402760885656143
HIT 3 1627813118023 379 4325041064737520171
HIT 3 1627813118024 379 2676517969616891992
HIT 3 1997169492043 465 2843182056771900266
HIT 3 1997180305482 465 2424025365641175300
HIT 3 1997184630858 465 3027105836369809491
HIT 3 1997169492044 465 2591051156082720436
HIT 3 2143198380108 499 2772175771271402786
HIT 3 1627802304590 379 2426607815005271502
HIT 3 2143209193548 499 3053246724449173339
HIT 3 2143219155020 499 3613076240385844157
HIT 3 1344334463055 313 2391372310289162819
HIT 3 1997180305485 465 3983900269667092079
HIT 3 1997184630861 465 2378144813678934468
HIT 3 2143219155021 499 2419216276208205695
HIT 3 2143213518926 499 4534813378961530490
HIT 3 1997169492050 465 2655972460924950321
HIT 3 1997180305488 465 3116683756377962371
HIT 3 1344334463061 313 4494546894488252593
HIT 3 1627813118036 379 3977683222296484305
HIT 3 1344334463062 313 3827231285839934874
HIT 3 1627813118037 379 3561656517041955647
HIT 3 1997180305494 465 2615166677638307860
HIT 3 1627813118039 379 3218280539819230130
HIT 3 1344334463066 313 3148836143716220435
HIT 3 1997180305496 465 2986561676737837645
HIT 3 1344334463067 313 3779713595856886459
HIT 3 1997169492061 465 3207248484087170937
HIT 3 2143209193563 499 4497934395136445737
HIT 3 2143209193565 499 3348353884435512709
HIT 3 1997184630877 465 3161714769025414369
HIT 3 1344334463072 313 3820324711255401638
HIT 3 1997169492064 465 3048365468640190026
HIT 3 2143198380128 499 3768482491106026191
HIT 3 1627813118046 379 3833965064352011458
HIT 3 1627813118048 379 3146767338044890953
HIT 3 1997184630880 465 2569164469260454906
HIT 3 1344334463075 313 3344488669409140072
HIT 3 2143219155041 499 2675171568655369632
HIT 3 1627813118050 379 3303403712496860464
HIT 3 1997180305508 465 3585405577646850386
HIT 3 1997169492071 465 4182590283963015951
HIT 3 2143219155046 499 2754893615485786741
HIT 3 2143213518951 499 3313812118154933256
HIT 3 1997169492076 465 3143556177485360625
HIT 3 2143209193580 499 3626584749603035428
HIT 3 1997169492078 465 4430887640577218580
HIT 3 1627802304624 379 3604417431862838164
HIT 3 2143209193581 499 4512334206507086611
HIT 3 1627813118062 379 3751816009134797917
HIT 3 2143213518957 499 3327152478443106636
HIT 3 2143213518958 499 4364790609669674690
HIT 3 2143213518959 499 4436794616369460502
HIT 3 2143213518961 499 3462700244183231222
HIT 3 2143213518963 499 2970836145298658871
HIT 3 2143209193590 499 2943501788296652079
HIT 3 2143219155062 499 2937842073975234073
HIT 3 1627813118072 379 4142700865168165162
HIT 3 1627802304634 379 2851807797936929554
HIT 3 1997169492090 465 2897080135191087571
HIT 3 2143219155065 499 3481686530283967805
HIT 3 1627813118075 379 3488525122577334729
HIT 3 1997180305531 465 2644447386997396597
HIT 3 2143213518970 499 3255470409144059432
HIT 3 1627802304638 379 4296962809634059074
HIT 3 1627802304639 379 3084012086365087856
HIT 3 2143198380160 499 4276158966072771186
HIT 3 2143213518973 499 3811202912155606735
HIT 3 1344334463105 313 2957617832686728748
HIT 3 1627802304641 379 4517181972628649671
HIT 3 2143219155071 499 4161954634086388417
HIT 3 1627813118080 379 3860491359757430967
HIT 3 1997180305536 465 2369205818697734102
HIT 3 1344334463107 313 4077844020744583642
HIT 3 1997184630912 465 2700998689109299281
HIT 3 1997169492100 465 3610851641766144186
HIT 3 2143213518977 499 2476591675346901461
HIT 3 1997180305538 465 3119447578110811727
HIT 3 2143209193602 499 3655576884511744692
HIT 3 1344334463109 313 2933476986808061575
HIT 3 1997169492101 465 2654036064753527396
HIT 3 2143209193604 499 3944295593258964301
HIT 3 2143219155075 499 3138448080798034472
HIT 3 1627802304646 379 2970966700285500945
HIT 3 2143213518980 499 2598901303059647387
HIT 3 1627802304648 379 3081551465067784779
HIT 3 1997169492104 465 3210090803807934400
HIT 3 2143198380168 499 2964322359227019365
HIT 3 1997169492106 465 3046533088998306253
HIT 3 1344334463115 313 3694283358220952673
HIT 3 2143219155080 499 2758846059062403930
HIT 3 1997169492108 465 2363672290044854925
HIT 3 2143198380172 499 3395733965340560995
HIT 3 1997184630922 465 3560001171448666541
HIT 3 1627813118091 379 4130713622490134098
HIT 3 2143213518987 499 3214828631742291175
HIT 3 1997169492110 465 4236059617024105292
HIT 3 1627813118093 379 2470992304081051872
HIT 3 1997180305551 465 3632157572412435865
HIT 3 2143198576788 499 2820224222163177738
HIT 3 1627802763412 379 4278124544427632552
HIT 3 1627802894484 379 2662181105487439860
HIT 3 1997170409620 465 3242155314199975233
HIT 3 1997170540692 465 3563752962178469759
HIT 3 1344335577236 313 4207633415460994220
HIT 3 1997170671764 465 3753126957640488634
HIT 3 1997169492115 465 3966310237388242902
HIT 3 2143198380179 499 3228060553430324457
HIT 3 1997170999444 465 2858633562921271883
HIT 3 1627803877524 379 3575534388754656734
HIT 3 1997171130516 465 2879074462138849618
HIT 3 2143200084116 499 4553702204372023829
HIT 3 1344336756884 313 2519907788974275462
HIT 3 1997171851412 465 2830222093937199090
HIT 3 1627804729492 379 4035610177719268863
HIT 3 1997171916948 465 3566628274577132375
HIT 3 1997172179092 465 4210817149362983157
HIT 3 1627805057172 379 2668775994630364689
HIT 3 1344337477780 313 4176517263847070460
HIT 3 2143201394836 499 3002645981878197217
HIT 3 1627805450388 379 2435149377686316102
HIT 3 1997172637844 465 3523764734038023037
HIT 3 1997180305553 465 3443952497541946588
HIT 3 2143209193617 499 2607365053204557623
HIT 3 1997172768916 465 3797830394529114099
HIT 3 2143201656980 499 2951282717573910686
HIT 3 1627805712532 379 4070359978380085574
HIT 3 1627805778068 379 3509570458928075592
HIT 3 1627805843604 379 3552868449051779878
HIT 3 1997173031060 465 3431114483175520577
HIT 3 1344338133140 313 2928692661478778333
HIT 3 1997173293204 465 2859616429481463248
HIT 3 1344338329748 313 3780049110238248424
HIT 3 1627806302356 379 2807860157544464602
HIT 3 2143202705556 499 2318137279459241397
HIT 3 1344338854036 313 2525658969894933322
HIT 3 1627807154324 379 3717301905935061133
HIT 3 1997174407316 465 3946671951055467139
HIT 3 1997174472852 465 3437099390143940691
HIT 3 1997174603924 465 2358303215437186703
HIT 3 1344339640468 313 3871028667510603872
HIT 3 2143203688596 499 2481907509994370480
HIT 3 2143203754132 499 3264215978216053489
HIT 3 2143203885204 499 3260943942201708294
HIT 3 1627807940756 379 3567525238356945328
HIT 3 1997175259284 465 3466328323195485025
HIT 3 1344340295828 313 3962553856803371038
HIT 3 1344340361364 313 3030851355213082509
HIT 3 1627808333972 379 3861196712794635602
HIT 3 1627813052562 379 4399065183660104360
HIT 3 1988590370962 463 3914133604848434987
HIT 3 1344340557972 313 3566173619915731289
HIT 3 1627808465044 379 2630030314528189692
HIT 3 1997175849108 465 4198751052562043577
HIT 3 1344341016724 313 2687044527629883569
HIT 3 1627808923796 379 4198090296735577700
HIT 3 1344341147796 313 3832722147619126306
HIT 3 1627809185940 379 3110165873171897709
HIT 3 1344341475476 313 3656593581622643647
HIT 3 2143205720212 499 4102931637816086219
HIT 3 1627809841300 379 4227912352451566512
HIT 3 2143205982356 499 3096735225454206076
HIT 3 2143206047892 499 2649997359498627245
HIT 3 1344342458516 313 3018095460822567860
HIT 3 1627810496660 379 3026964961628569921
HIT 3 1997169623189 465 4538255201752391837
HIT 3 2005759557781 467 2405525072408620234
HIT 3 2143213387922 499 4488832451646976053
HIT 3 1997184565394 465 2760411832906688186
HIT 3 2143206834324 499 2961450891206886710
HIT 3 1627811020948 379 3097247084233100051
HIT 3 1627811152020 379 2697472222316774867
HIT 3 2143207358612 499 3031958268712854970
HIT 3 1627811545236 379 3101652931711318275
HIT 3 1627811676308 379 3130081291219330593
HIT 3 1997178994836 465 3753245328375036386
HIT 3 1344344227988 313 4359211835415023918
HIT 3 1344344424596 313 4450267033665767656
HIT 3 1627812266132 379 2809442976521607323
HIT 3 1344344490132 313 4581535459220415646
HIT 3 1997179650196 465 4322877882926187601
HIT 3 2143208538260 499 4549522562920769663
HIT 3 1344344817812 313 3732935396333958603
HIT 3 1344344883348 313 2609635392637134322
HIT 3 1627812724884 379 4161831698303463885
HIT 3 1627812790420 379 2967782201695463357
HIT 3 2143208865940 499 3599838493584559461
HIT 3 1636402987156 381 3069088694968855390
HIT 3 1988590305428 463 3423735864567585182
HIT 3 1361525145748 317 2644952659712739217
HIT 3 1395884884116 325 2870902346517836428
HIT 3 1468899328148 342 3576424545846067723
HIT 3 1541913772180 359 3192168230357966158
HIT 3 1610633248916 375 3467901230113428300
HIT 3 1632108085396 380 4349632487775257001
HIT 3 1636403052692 381 4572383481773996397
HIT 3 1649287954580 384 4513205982688920951
HIT 3 1675057758356 390 4512294335375626155
HIT 3 1705122529428 397 2550166211118464271
HIT 3 1760957104276 410 3554534170035971773
HIT 3 1859741352084 433 4297727138858357608
HIT 3 1872626253972 436 2964425023358048770
HIT 3 1876921221268 437 3318099838994662690
HIT 3 1898396057748 442 2515335190754906432
HIT 3 1937050763412 451 3970400212626573019
HIT 3 1954230632596 455 3623763505134518575
HIT 3 1988590370964 463 3088277198036786810
HIT 3 2057309847700 479 4581896556601532912
HIT 3 2061604814996 480 3841536777022622169
HIT 3 2065899782292 481 4279373792322757087
HIT 3 2083079651476 485 3584223801175276434
HIT 3 2126029324436 495 3172974279480494106
HIT 3 2147504160916 500 4586043554189349683
HIT 3 2164684030100 504 2740566831156049083
HIT 3 2181863899284 508 4357255987017423708
HIT 3 2190453833876 510 3172718510876823744
HIT 3 1627813183636 379 2350575450090914310
HIT 3 1627813249172 379 3663376533047279275
HIT 3 1997180436628 465 4264630787570454475
HIT 3 2134619390100 497 3543488002348987744
HIT 3 2143209324692 499 3988869296417115452
HIT 3 1627813380244 379 4608537237542334021
HIT 3 2143209586836 499 4272688857919590255
HIT 3 1627813838996 379 2744963445798931037
HIT 3 2143210045588 499 4332082033667496776
HIT 3 1627814166676 379 3982367088476434154
HIT 3 1627814559892 379 3820299942934077725
HIT 3 2143210832020 499 3288871052206298716
HIT 3 1627814822036 379 3455797327811605926
HIT 3 2143210897556 499 2884133212091698601
HIT 3 2143210963092 499 3262670223050801533
HIT 3 2143211028628 499 3294464817382386662
HIT 3 1997182271636 465 4340403396131826772
HIT 3 1627815280788 379 3926686437853451908
HIT 3 2143211356308 499 3262497401764117862
HIT 3 2143211487380 499 3496591218826958731
HIT 3 2143211552916 499 4058391292958431284
HIT 3 1997183123604 465 3844562747657770585
HIT 3 2143212011668 499 3330749149545862950
HIT 3 1997183189140 465 3517489277648957295
HIT 3 1627816132756 379 4395752131747259523
HIT 3 1997183320212 465 3911769824101297066
HIT 3 1997183385748 465 4549782297852985810
HIT 3 1627816329364 379 3247086195071907020
HIT 3 1997183516820 465 3109995944232854277
HIT 3 1627816657044 379 2862224827427663886
HIT 3 1997184172180 465 4499515080146611867
HIT 3 1627817115796 379 3592254357502679703
HIT 3 1619227246740 377 3592254357502679703
HIT 3 1997184434324 465 2546317386980435269
HIT 3 1632112345236 380 2356651123428227071
HIT 3 1640702345364 382 2356651123428227071
HIT 3 1644997312660 383 2662275511223791702
HIT 3 1670767116436 389 4556509016193401239
HIT 3 1679357051028 391 2465092156307988889
HIT 3 1696536920212 395 3724603998421683721
HIT 3 1752371495060 408 4491045913193270517
HIT 3 1782436266132 415 2811192749735762459
HIT 3 1786731233428 416 2351893267261666309
HIT 3 1842565808276 429 2588453652078791928
HIT 3 1889810448532 440 2847214158533751744
HIT 3 1902695350420 443 4070768266121747284
HIT 3 1911285285012 445 3342922705679149509
HIT 3 1932760121492 450 3082870750913190516
HIT 3 2001479598228 466 4594655760284241596
HIT 3 2048724238484 477 4364346985911457568
HIT 3 2065904107668 481 3163698767430845527
HIT 3 2078789009556 484 3549745181915000766
HIT 3 2095968878740 488 2768755164331031000
HIT 3 2164688355476 504 3035003762625039744
HIT 3 1997184893076 465 3705368193535403522
HIT 3 1997185024148 465 2688909400810797029
HIT 3 1997186138260 465 2694684954883294378
HIT 3 2005780136082 467 3966310237388242902
HIT 3 2143219089554 499 4080204711273528543
HIT 3 2151811252370 501 3228060553430324457
HIT 3 1627802566807 379 4105432445298677676
HIT 3 2143198642327 499 3269139901115727999
HIT 3 1997186662548 465 3551233535065894706
HIT 3 2143215550612 499 3384071013423764346
HIT 3 1997186990228 465 2699825127054128494
HIT 3 1997187055764 465 4588947426374807837
HIT 3 1997187186836 465 3391955224812823005
HIT 3 2143216140436 499 3188889913543166476
HIT 3 2143216599188 499 3035471298850869427
HIT 3 2143216861332 499 2698212172031116159
HIT 3 1997188628628 465 3579542103157851795
HIT 3 1997188956308 465 4544880849635705342
HIT 3 2143217844372 499 4086591584665506023
HIT 3 2143217975444 499 4052718535211441362
HIT 3 2143218172052 499 2950114711110193688
HIT 3 1997189415060 465 4170466530074057263
HIT 3 1997189742740 465 4030755392059503370
HIT 3 2143218630804 499 3230651939453421539
HIT 3 2143218761876 499 4141370726500222324
HIT 3 2151808958612 501 4435324503161285858
HIT 3 2005780136084 467 4538255201752391837
HIT 3 2057319809172 479 3490986654597664595
HIT 3 2070204711060 482 4001782995741761444
HIT 3 2078794645652 484 2499265526610097103
HIT 3 2014370201748 469 2405525072408620234
HIT 3 2143219220628 499 3431947960781641798
HIT 3 2143220007060 499 2326681370358462732
HIT 3 2143220269204 499 3554933944101694172
HIT 3 2143220334740 499 3525098985708708593
HIT 3 2143220400276 499 3394536008307274132
HIT 3 1619223183509 377 2423385989561293728
HIT 3 2005770240149 467 4376467908116605661
HIT 3 1627813118102 379 4213545360312468699
HIT 3 2134619259030 497 4162219855508375670
HIT 3 2138914226326 498 4254196662863698512
HIT 3 1988594696341 463 3364608967706145930
HIT 3 1997184630933 465 3789196084421793924
HIT 3 1636407312534 381 4105432445298677676
HIT 3 2143219089557 499 4509937337514831901
HIT 3 2138924187797 498 4095213001003407131
HIT 3 2143219155093 499 3669577214604376577
HIT 3 2143219286165 499 3458153719834802463
HIT 3 2151811252373 501 2820224222163177738
HIT 3 2143219089558 499 4389449807721585404
HIT 3 2138924187798 498 4017778286460023443
HIT 3 2151811252374 501 3269139901115727999
HIT 3 2143213518999 499 4352804697203460943
HIT 3 1997184630937 465 4418564067512782796
HIT 3 1997180305570 465 3962453647567103267
HIT 3 2143213519010 499 4158919402375312960
HIT 3 2143209193636 499 4022228148426238022
HIT 3 2143209193637 499 2337155044154530728
HIT 3 2143213519012 499 3367263837952436021
HIT 3 1997184630949 465 3226340028541111224
HIT 3 2143213519013 499 3217055238554106276
HIT 3 1997180305576 465 4298933209929370852
HIT 3 2143219155111 499 2488747338819461085
HIT 3 1997184630953 465 2865059666032263876
HIT 3 2143219155113 499 3193231992162075450
HIT 3 1627813118122 379 4342063693832081858
HIT 3 1997180305580 465 4327597445343159996
HIT 3 2143213519020 499 3165829509583788160
HIT 3 1997184630958 465 2644296954487439033
HIT 3 1997180305583 465 2761018362958593486
HIT 3 2143213519023 499 2989456081348920732
HIT 3 2143213519027 499 2552081785714220311
HIT 3 2143213519026 499 3019327473412847438
HIT 3 2143209193653 499 4146437992537628825
HIT 3 2143213519029 499 4362892423963468702
HIT 3 1997184630967 465 2405104348888509096
HIT 3 1627813118136 379 3792707480579584835
HIT 3 2143219155126 499 3954630430064437214
HIT 3 1627813118137 379 3446571617349509646
HIT 3 2143219155128 499 4198384880638708173
HIT 3 2143209193659 499 2608255010975077922
HIT 3 2143213519034 499 3007122421204139308
HIT 3 1627813118140 379 2569182232237084084
HIT 3 1627813118141 379 3791769361763575699
HIT 3 2143213519037 499 2478402564251398803
HIT 3 1627813118143 379 3192702958203837712
HIT 3 2143209193664 499 3714305682722438098
HIT 3 2143213519040 499 2937996631365717318
HIT 3 2143219155136 499 3162172438110337335
HIT 3 1997180305602 465 3780968386219998297
HIT 3 2143219155137 499 3268854860238504086
HIT 3 2143213519043 499 3373244680078296156
HIT 3 2143213519044 499 2984029421332841372
HIT 3 2143209193669 499 3210636217631834985
HIT 3 1627813118151 379 4226625418321075960
HIT 3 2143213519046 499 3681578082296295248
HIT 3 2143213519047 499 3716695517868221376
HIT 3 2143219155142 499 3187206370624909354
HIT 3 1997180305610 465 2616580525689516515
HIT 3 2143209193675 499 3863106668357601595
HIT 3 1997184630989 465 4177468197651791363
HIT 3 2143213519052 499 3870463769347106016
HIT 3 1997180305617 465 4027613034729475223
HIT 3 2143209193681 499 2348284850894951426
HIT 3 2143209193682 499 4098946381600125475
HIT 3 1627813118165 379 3999694489833574004
HIT 3 1997184630997 465 3918400019734393253
HIT 3 1997184630999 465 2537178266391015324
HIT 3 1997184631001 465 2801840428211638424
HIT 3 1997180305627 465 3159118945751210036
HIT 3 1997180305629 465 4411493659733915001
HIT 3 1997184631005 465 4256811082966402503
HIT 3 1627813118174 379 2851604896106495055
HIT 3 2143219155168 499 3499523012727493807
HIT 3 2143209193698 499 2886843685977487358
HIT 3 2143209193704 499 2686467219030248231
HIT 3 1997180305641 465 3281626712522736373
HIT 3 2143209193707 499 2621774893415044776
HIT 3 1997180305644 465 2591509957850471762
HIT 3 2143213519087 499 4396397978293619650
HIT 3 1997184631024 465 3423587512713121861
HIT 3 1627813118197 379 3489119726130788241
HIT 3 1997180305653 465 2714769606180739508
HIT 3 2143213519094 499 4431553250338198322
HIT 3 1627813118199 379 3499542369593316915
HIT 3 1997180305656 465 3237710337575743311
HIT 3 2143209193722 499 2759393052927671218
HIT 3 2143213519096 499 4119214098668213972
HIT 3 1997184631034 465 4370675077993588216
HIT 3 1997180305660 465 3755214967080009462
HIT 3 1627813118207 379 3492561114120886052
HIT 3 2143213519103 499 3142770396892678607
HIT 3 2143219155199 499 2891726195715240026
HIT 3 1997180305670 465 2397363107662027827
HIT 3 1997184631043 465 2682166950836044380
HIT 3 1997184631049 465 2719671408009617713
HIT 3 1997184631050 465 4391745125949856238
HIT 3 2143219155209 499 2604530125229810115
HIT 3 1997184631051 465 3484991153408136780
HIT 3 2143213519118 499 4105608300813093313
HIT 3 1997180305680 465 3589973074178426902
HIT 3 2143219155216 499 3518181359193575919
HIT 3 2143213519122 499 3678335597123452911
HIT 3 1627813118228 379 4165914581435849538
HIT 3 1997180305683 465 3742014409578713481
HIT 3 1627813118229 379 3240385554273060631
HIT 3 1997180305685 465 3116758533313259989
HIT 3 1627813118231 379 3434295234359615881
HIT 3 1997180305689 465 2629547171132817658
HIT 3 2143213519128 499 2681094451980664613
HIT 3 1997180305692 465 2833571071218188326
HIT 3 2143209193756 499 2322399297037272070
HIT 3 2143219155224 499 2644325957002498436
HIT 3 2143219155229 499 3221923922859001815
HIT 3 1627813118241 379 3919939216936333119
HIT 3 2143209193762 499 3875187737968875043
HIT 3 1997180305700 465 3552202464584570385
HIT 3 2143213519138 499 3984774773409846959
HIT 3 1997180305701 465 4606920835581522139
HIT 3 2143209193768 499 3529077215035522150
HIT 3 1997184631080 465 3370818854941108105
HIT 3 1997184631078 465 3589586921436730309
HIT 3 2143213519143 499 3622650291909199457
HIT 3 1997180305707 465 4169165165792527526
HIT 3 1997180305709 465 3058683038674951683
HIT 3 2143209193773 499 3876087300606494743
HIT 3 2143213519149 499 2569333625685705786
HIT 3 2143219155245 499 2459124452673588980
HIT 3 2143209193778 499 2658420191061037677
HIT 3 2143213519151 499 3823547638179543008
HIT 3 1627813118259 379 3268442496620992803
HIT 3 1997184631092 465 3500688667504451946
HIT 3 2143219155251 499 3064650100244760675
HIT 3 1627813249336 379 2485563313997825685
HIT 3 1627813380408 379 2693883636371681043
HIT 3 1997180567864 465 4530938859658247342
HIT 3 1992889663799 464 3670949940342282687
HIT 3 2134623584567 497 4329604918126015437
HIT 3 2143213519159 499 4049857152676844737
HIT 3 2143213519158 499 4218526717331239278
HIT 3 2143213388088 499 3567946209563830531
HIT 3 2143213453624 499 2964874926411076401
HIT 3 1997180371257 465 2325853266089300033
HIT 3 1627813249337 379 2693883636371681043
HIT 3 1997180436793 465 4530938859658247342
HIT 3 1627813445945 379 4089066302928618255
HIT 3 2143209587001 499 2439989596381669588
HIT 3 1997180830009 465 3205201870580756157
HIT 3 1627813773625 379 4308325255764857170
HIT 3 1997180961081 465 4512691158212256470
HIT 3 2143210111289 499 2893754959098872483
HIT 3 1627814625593 379 3192544019950940563
HIT 3 1627814756665 379 3066143058578781598
HIT 3 1997181944121 465 4481057088492030297
HIT 3 1997182271801 465 4573498763591579449
HIT 3 2143211225401 499 3056543903595634572
HIT 3 2143211290937 499 3848842328816639228
HIT 3 1997182533945 465 4287995323243265906
HIT 3 2143211422009 499 4327221901369380252
HIT 3 1627815477561 379 3076305055219749967
HIT 3 1997182665017 465 3571239630183667019
HIT 3 1997182861625 465 2310145568853975256
HIT 3 1997183123769 465 4594718392090896880
HIT 3 2143212077369 499 3241320684923349497
HIT 3 1627816067385 379 4099439190851168996
HIT 3 1627816132921 379 3562414058663140199
HIT 3 1997183320377 465 4313893586121892641
HIT 3 1627816329529 379 3015111734639184248
HIT 3 1997183582521 465 4083684685959907822
HIT 3 1997183844665 465 3247275158067802175
HIT 3 2005780136248 467 2325853266089300033
HIT 3 2143219089720 499 3624977839481004714
HIT 3 1997184631093 465 2721552924321936481
HIT 3 2143213519157 499 3078741485519241749
HIT 3 2143219024183 499 3045644866283081351
HIT 3 2143212798265 499 3360924957568787141
HIT 3 1997184237881 465 4580205215317588199
HIT 3 2138918420793 498 3146781203429413054
HIT 3 1636407312697 381 2485563313997825685
HIT 3 2134623519033 497 3463751296775617505
HIT 3 1679357051193 391 4229843987768558547
HIT 3 1713716789561 399 2990832053308570983
HIT 3 1722306724153 401 4115040372567385468
HIT 3 1786731233593 416 3810136148858173714
HIT 3 1851155743033 431 3347974443318766776
HIT 3 1864040644921 434 3587164147890934560
HIT 3 1911285285177 445 2931964412426795341
HIT 3 1937055088953 451 4435615163403024624
HIT 3 1945645023545 453 2371709248878916967
HIT 3 1980004761913 461 2583088757106480499
HIT 3 1988594696505 463 2317940894435445499
HIT 3 1992889663801 464 4030335173322659812
HIT 3 2018659467577 470 2759188753348426362
HIT 3 2031544369465 473 4435656762575002475
HIT 3 2035839336761 474 3713955404851851018
HIT 3 2087378944313 486 4376823135017672478
HIT 3 2091673911609 487 2943405434723511873
HIT 3 2117443715385 493 4590832733077958663
HIT 3 1997184762169 465 3154972689055272175
HIT 3 1997184827705 465 3770899898636327479
HIT 3 2143213715769 499 4102440813536422348
HIT 3 2143213781305 499 3348644410293989501
HIT 3 2143214502201 499 3323268488831231920
HIT 3 1997185679673 465 2740594983341622173
HIT 3 1997185745209 465 2917499466205451309
HIT 3 1997186007353 465 2640598399448356168
HIT 3 1997186072889 465 4122130752189720225
HIT 3 2143215223097 499 2822688412739335286
HIT 3 1997186662713 465 4151694275457826274
HIT 3 1997186793785 465 4082891068704604521
HIT 3 2143215943993 499 2954426446357915730
HIT 3 1997187711289 465 2770475619866899604
HIT 3 1997187776825 465 2590255362040313907
HIT 3 2143216730425 499 3409473454408205021
HIT 3 2143219155253 499 2526546428747213338
HIT 3 2143217516857 499 2860874358554129479
HIT 3 1997188759865 465 2749075493782535857
HIT 3 1997189284153 465 3559385230065125986
HIT 3 2143218172217 499 3723840924320098739
HIT 3 1997189808441 465 4121108557334114773
HIT 3 1997189873977 465 2318819824282801258
HIT 3 2134629089593 497 2635449891606573634
HIT 3 2138924056889 498 2895958806254145801
HIT 3 2001485168953 466 3003236482873245607
HIT 3 2014370070841 469 3888851400547668975
HIT 3 2151809024313 501 2852888126119293485
HIT 3 2005780201785 467 3888851400547668975
HIT 3 2010075169081 468 3003236482873245607
HIT 3 2091679547705 487 2891893526940064950
HIT 3 2126039286073 495 2311902190059158362
HIT 3 2151809089849 501 3560149392695336525
HIT 3 2194758762809 511 4343061572283204857
HIT 3 2143219745081 499 3454161010554485126
HIT 3 2143219876153 499 4056617812355669008
HIT 3 2143220138297 499 4035311424418055046
HIT 3 2143220662585 499 4207261785785855420
HIT 3 2143221055801 499 3398900926416372831
HIT 3 2134631186745 497 3398900926416372831
HIT 3 2164696219961 504 2421683953212452377
HIT 3 2186171056441 509 3829382021836367721
HIT 3 1988594696507 463 2686273184060385502
HIT 3 1997184631099 465 4473905878641455145
HIT 3 2134623584571 497 4003318910460565791
HIT 3 2143219024187 499 3233316155954181431
HIT 3 2143219155259 499 3700370240785748101
HIT 3 1997184631104 465 2339766772378505188
HIT 3 2143219155263 499 4123327781268208889
HIT 3 2143219155268 499 2621484572606285124
HIT 3 2143219155269 499 2952728678392758228
HIT 3 1997184631114 465 3318139593464874692
HIT 3 2143213519184 499 4598532072922846635
HIT 3 1997184631119 465 3666407394732439375
HIT 3 1997184631122 465 2874173805588283951
HIT 3 1997184631125 465 3867430768949078953
HIT 3 2143213519190 499 3555188147443432648
HIT 3 2143219155286 499 3009493093883611009
HIT 3 2143213519196 499 3910031747346796355
HIT 3 2143219155290 499 4431884611635095933
HIT 3 1997184631129 465 4607019821721577051
HIT 3 1997184631131 465 4312226556563657543
HIT 3 2143219155294 499 3723076068184540023
HIT 3 2143219155302 499 3404768343164086467
HIT 3 1997184631144 465 2707707331220670748
HIT 3 2143219155305 499 2327143311723394724
HIT 3 2143213519215 499 3976613763212441071
HIT 3 1997184631157 465 2970998101543969753
HIT 3 1997184631158 465 4426123624090616463
HIT 3 1997184500087 465 4426123624090616463
HIT 3 2143219089785 499 3986388022990976505
HIT 3 2151809089913 501 3360304640517025399
HIT 3 2143219286393 499 3898602201623209908
HIT 3 2138918683002 498 4190044646772081663
HIT 3 2143213846907 499 3013578604829257229
HIT 3 2143214109051 499 3773140174795287592
HIT 3 1997185417595 465 4096578005480218621
HIT 3 2143214764411 499 4064821949343106611
HIT 3 1997186072955 465 4550495026889947333
HIT 3 1997186138491 465 2660171388369813859
HIT 3 1997186269563 465 4051032138895747987
HIT 3 1997186466171 465 4410962456026825570
HIT 3 1997186859387 465 2849067635297014158
HIT 3 2143215878523 499 3341057545824339396
HIT 3 2143216009595 499 2498313972405959765
HIT 3 2143216599419 499 3288771459726927743
HIT 3 1997187842427 465 3278458867384577650
HIT 3 1997187907963 465 2360825907651144289
HIT 3 1997187973499 465 2844488764571355890
HIT 3 2143216992635 499 2977438180243165353
HIT 3 2143217254779 499 3103880661655078967
HIT 3 2143217910139 499 4203215886376481919
HIT 3 2143218434427 499 4248996932618331586
HIT 3 1997189874043 465 4473447254511886029
HIT 3 2014370070907 469 3635550270567321683
HIT 3 2005780201851 467 3635550270567321683
HIT 3 2044434907515 476 4392923346117326194
HIT 3 2061614776699 480 2358765856087394179
HIT 3 2177578893691 507 4355703068496216617
HIT 3 2138924319099 498 3461708225752999015
HIT 3 2143219941755 499 3193654380802770919
HIT 3 2143220007291 499 4411556172649303523
HIT 3 2143220597115 499 4460585264725605211
HIT 3 2143220728187 499 2527088511463815007
HIT 3 2143221121403 499 2558860109403582634
HIT 3 2147516350843 500 4190044646772081663
HIT 3 2190466023803 510 3594061510517468357
HIT 3 2143219155325 499 2329425107045145015
HIT 3 2143219155328 499 2636311415491345244
HIT 3 2143219155329 499 2816539524009504152
HIT 3 2143219155333 499 2698463596453735759
HIT 3 2143219155339 499 3579869018656813992
HIT 3 2143219155338 499 3447747640503656298
HIT 3 2143219155376 499 3156455142426664806
HIT 3 2143219155379 499 3389206766179810333
HIT 3 2143219155380 499 3689445235355779208
HIT 3 2143219155393 499 3971040369730046001
HIT 3 2143219155394 499 2321433801091226439
HIT 3 2143219155378 499 3661832621236076269
HIT 3 2143219155402 499 4421284249993369225
HIT 3 2143219155404 499 3009695161336823235
HIT 3 2143219024333 499 3009695161336823235
HIT 3 2143219286480 499 3549476874350922991
HIT 3 2143219548625 499 3036729293532258280
HIT 3 2143219614161 499 3786478367561533648
HIT 3 2143219810769 499 4424985797156539443
HIT 3 2143220466129 499 4561244427782982424
HIT 3 2143220793809 499 4268592461798592165
HIT 3 2151811252689 501 3549476874350922991
HIT 3 2160401252817 503 3006087061239640847
HIT 3 2194760991185 511 2596051634522518605
DONE data/p_lam.txt sz=3 range=[0,512) n=22108160 zero=0 62.9s
