HIT 1 34 34 6602291115327735882
DONE data/p_c0.txt sz=1 range=[0,512) n=512 zero=0 0.0s
HIT 2 3801122 58 4722034597980576887
HIT 2 3932194 60 5857071031846431053
HIT 2 22282274 340 5018712797409739746
HIT 2 24379426 372 5359360687044187049
HIT 2 29884450 456 6459531621448589443
HIT 2 2359331 36 6602291115327735882
HIT 2 24248355 370 4687281540483617194
HIT 2 22151224 338 6355719695152442178
HIT 2 22216762 339 6532892776934617752
HIT 2 24248378 370 6440757323371165445
HIT 2 22151227 338 5103797271856008032
HIT 2 22151228 338 4781696959525097514
HIT 2 24248380 370 6111417067816755790
HIT 2 24314194 371 6357120240465851740
HIT 2 30015826 458 6476426730514994668
HIT 2 29884786 456 5448082803524851568
DONE data/p_c0.txt sz=2 range=[0,512) n=130560 zero=0 1.3s
HIT 3 249110331392 58 6338180694258776904
HIT 3 1451701174275 338 4959674606073566323
HIT 3 1451701174273 338 6046152299081292791
HIT 3 1958507315201 456 5731047423437734825
HIT 3 1589140127744 370 5778240644007962863
HIT 3 1451702747138 338 5008040490055500403
HIT 3 1589160050688 370 6132676380986140306
HIT 3 1451702747140 338 6400406169085705911
HIT 3 249110331398 58 4952881612960926938
HIT 3 1958507315207 456 5067197283576270802
HIT 3 1589160050692 370 6644523838454222207
HIT 3 1451701174280 338 5108479324753580545
HIT 3 1958508888072 456 5574328095897198545
HIT 3 1589160050694 370 5935002586105671505
HIT 3 1958527238151 456 4613925762346468842
HIT 3 1589141700619 370 6426137936610468469
HIT 3 1451702747148 338 6608110431133797831
HIT 3 1958508888076 456 6591581735432620395
HIT 3 1958527238154 456 4793994896532523616
HIT 3 1589160050699 370 6412853066886331638
HIT 3 1451701174286 338 5893257988942033844
HIT 3 1589141700622 370 5063810857340240703
HIT 3 1958508888077 456 4750593056950021805
HIT 3 249110331407 58 5492841836407592217
HIT 3 249110331408 58 5413890016847445371
HIT 3 1589140127761 370 6749578652001856528
HIT 3 1589141700625 370 5858192020259465230
HIT 3 1589141700626 370 6664425343536581332
HIT 3 1958507315220 456 5033680099299892236
HIT 3 1589160050705 370 5685073779896897959
HIT 3 1451702747157 338 6503059350462024094
HIT 3 1958507315223 456 5081474075656903275
HIT 3 1589160050708 370 4870672156986372018
HIT 3 1958507315226 456 5261467360404886547
HIT 3 1958508888091 456 5957628183234200264
HIT 3 1958508888092 456 5699247264877864078
HIT 3 1958527238170 456 6263579628299356563
HIT 3 1589140127773 370 5163733601675650837
HIT 3 1958507315229 456 6493444412127528929
HIT 3 1589160050713 370 6414345166292066999
HIT 3 1958527238171 456 5096004238496748874
HIT 3 1958529335323 456 6829044724040426613
HIT 3 1958508888094 456 5042321873176557588
HIT 3 1958508757024 456 6114171254768228648
HIT 3 1443112812576 336 6244786297246917107
HIT 3 1597731635232 372 5043977419885592828
HIT 3 1967098822688 458 5701600891347353998
HIT 3 1958527107104 456 6317010145385579704
HIT 3 1949937303584 454 5562022240610682442
HIT 3 1589160181792 370 6228592000054998733
HIT 3 1589160050719 370 6272776848290001812
HIT 3 1958527238175 456 4990122022007091211
HIT 3 1962824302624 457 6202227117856630062
HIT 3 1589140324386 370 4687281540483617194
HIT 3 1589140848674 370 6213228616647096412
HIT 3 1589141045282 370 5963112318922099506
HIT 3 1958508232738 456 5993902765413790824
HIT 3 1958508298274 456 6749034505956119965
HIT 3 1589141176354 370 5435761334336964893
HIT 3 1958508429346 456 4789302406731672820
HIT 3 1451702353954 338 4971408368188930496
HIT 3 249110462499 58 4722034597980576887
HIT 3 257700397091 60 5857071031846431053
HIT 3 1460291239971 340 5018712797409739746
HIT 3 1597730193443 372 5359360687044187049
HIT 3 1958507446307 456 6459531621448589443
HIT 3 163211182115 38 6602291115327735882
HIT 3 1958508757027 456 5987029044053465773
HIT 3 1593436667939 371 5144964963978608468
HIT 3 1580551634978 368 6695886285023446448
HIT 3 270586740770 63 6093239455871873660
HIT 3 339306217506 79 6518532494556932706
HIT 3 390845825058 91 6682738558291051561
HIT 3 523989811234 122 6403728956632060711
HIT 3 592709287970 138 4757329473214933121
HIT 3 627069026338 146 5050846037051704267
HIT 3 644248895522 150 5437801328348488846
HIT 3 674313666594 157 5813796041122768969
HIT 3 734443208738 171 5985558217055391748
HIT 3 785982816290 183 5227404488898766605
HIT 3 820342554658 191 5587834963567385835
HIT 3 867587194914 202 5803483081549312563
HIT 3 889062031394 207 4709411203677946247
HIT 3 897651965986 209 5998371792722249072
HIT 3 992141246498 231 6235713797046302161
HIT 3 1039385886754 242 6578877553983660018
HIT 3 1060860723234 247 5999822915308348085
HIT 3 1090925494306 254 5174727419447286754
HIT 3 1103810396194 257 6356204804226679343
HIT 3 1138170134562 265 6808689284147916297
HIT 3 1172529872930 273 6715659767323780405
HIT 3 1176824840226 274 6635885485418228998
HIT 3 1189709742114 277 6037368485098285056
HIT 3 1206889611298 281 4758441670265588466
HIT 3 1232659415074 287 5336054557000788024
HIT 3 1288493989922 300 5716635750394037682
HIT 3 1331443662882 310 6065844030022798108
HIT 3 1391573205026 324 5143204830301098844
HIT 3 1400163139618 326 6340520632840397483
HIT 3 1533307125794 357 5679218038996028288
HIT 3 1576256798754 367 5822541686115154036
HIT 3 1700810850338 396 6496710110935099983
HIT 3 1713695752226 399 5812780356525143940
HIT 3 1726580654114 402 4743748860902565896
HIT 3 1735170588706 404 6456877396597546314
HIT 3 1752350457890 408 5765086475625301092
HIT 3 1803890065442 420 5382614502132485147
HIT 3 1821069934626 424 4975926055101510577
HIT 3 1829659869218 426 6080448119338832479
HIT 3 1864019607586 434 4847745180015593853
HIT 3 1876904509474 437 4659022897724164700
HIT 3 1881199476770 438 5467287235543069157
HIT 3 1898379345954 442 6717624434569049486
HIT 3 1997163593762 465 5747173787396708478
HIT 3 2048703201314 477 4721183921144509890
HIT 3 2065883070498 481 5287424015151616043
HIT 3 2074473005090 483 6671141824262049298
HIT 3 2095947841570 488 5782072389739489403
HIT 3 2121717645346 494 5486093424517158666
HIT 3 257701904418 60 4722034597980576887
HIT 3 261996871714 61 6093239455871873660
HIT 3 1455997845538 339 5060414350595523924
HIT 3 1460292812834 340 5318654652693657529
HIT 3 1962803986466 457 6854870776952574998
HIT 3 266291970082 62 5857071031846431053
HIT 3 1589141897250 370 5299718392779536662
HIT 3 1451703402530 338 5422236810428728154
HIT 3 1589142356002 370 6471600696142060648
HIT 3 1589142618146 370 5961550894655964641
HIT 3 1589142683682 370 5166717058716366737
HIT 3 1451703926818 338 5494177934409369089
HIT 3 1451704057890 338 4850656354188397174
HIT 3 1589143011362 370 6837252058398505056
HIT 3 1958510264354 456 6818230502225477066
HIT 3 1958510460962 456 5395196583962899855
HIT 3 1451704385570 338 5988569913578083776
HIT 3 1589143404578 370 6359087277466917139
HIT 3 1451704582178 338 5255139864487334289
HIT 3 1589143535650 370 6191347049476495524
HIT 3 1451704844322 338 6385061273793174801
HIT 3 1958510985250 456 5204169747358730914
HIT 3 1958511050786 456 5441306359087309262
HIT 3 1589144059938 370 6003336240805758518
HIT 3 1451705172002 338 5176707931978600419
HIT 3 1589144125474 370 5257443700867878669
HIT 3 1451705237538 338 6460724881530783455
HIT 3 1958511378466 456 6596741144111120935
HIT 3 1597731635236 372 5241348083751041490
HIT 3 1958508888100 456 4681541565625440807
HIT 3 1589141766180 370 5312333172717231582
HIT 3 1451702878244 338 5213662279197229297
HIT 3 1958511575074 456 5214982434703929000
HIT 3 1958511640610 456 5737785770616688523
HIT 3 1451705630754 338 6530334204290159773
HIT 3 1451705696290 338 6056584282736909292
HIT 3 1451705827362 338 5435184689193094294
HIT 3 1589144977442 370 6818237508779346274
HIT 3 1451706089506 338 4895419909188041714
HIT 3 1958512230434 456 4781631115147447105
HIT 3 1451706220578 338 6475976385923277244
HIT 3 1958512492578 456 5451053589691848454
HIT 3 1451706613794 338 6524498774119968848
HIT 3 1451706679330 338 4887555039443955872
HIT 3 1958512951330 456 5587659916772034208
HIT 3 1451706941474 338 6740040388229822512
HIT 3 1958513147938 456 4977855364750471739
HIT 3 1451707203618 338 6588385805863058675
HIT 3 1958513475618 456 5476722630325833861
HIT 3 1589146353698 370 5616139760835819236
HIT 3 1958514196514 456 6475203484710927133
HIT 3 1451708252194 338 5665787741329394656
HIT 3 1589147861026 370 5822540953859416692
HIT 3 1589147926562 370 4805796172623794721
HIT 3 1958515245090 456 5147943635962413123
HIT 3 1451709169698 338 5775412863378067407
HIT 3 1958515376162 456 6841563244714582767
HIT 3 1958515834914 456 5243354973996504176
HIT 3 1589148712994 370 4885857802936965302
HIT 3 1451709890594 338 5392309840760874710
HIT 3 1451709956130 338 6561477359247277766
HIT 3 1958516424738 456 6268025295170666806
HIT 3 1451710349346 338 5467348461238867774
HIT 3 1589149892642 370 5362082501291798444
HIT 3 1451711004706 338 4932930348147597794
HIT 3 1589149958178 370 5926770034957565243
HIT 3 1451711397922 338 5502416483939223864
HIT 3 1589150351394 370 4706333277997066224
HIT 3 1451711463458 338 5151237958892389493
HIT 3 1451711594530 338 5848430189183793807
HIT 3 1958517800994 456 5957027351728853235
HIT 3 1451711856674 338 6300252005485281757
HIT 3 1958517997602 456 6789051185522645195
HIT 3 1451712118818 338 6285909913567664869
HIT 3 1958518325282 456 4989957772978046776
HIT 3 1451712249890 338 4772239139984031213
HIT 3 1958518587426 456 4966804490242096519
HIT 3 1451712774178 338 5112357408050121096
HIT 3 1958518915106 456 4652130786155983875
HIT 3 1451712970786 338 4940861885647800237
HIT 3 1958519177250 456 5444038566103310803
HIT 3 1958519308322 456 5881992066609887195
HIT 3 1589152383010 370 6065262172020904222
HIT 3 1589152448546 370 6326332774803259025
HIT 3 1451714019362 338 5338265251085801074
HIT 3 1958520225826 456 5367589881711413536
HIT 3 1451714215970 338 4949055434987111074
HIT 3 1451714281506 338 5639079106524781575
HIT 3 1589153497122 370 5250071807458488936
HIT 3 1958521012258 456 5378432806983022261
HIT 3 1451714936866 338 5817022550384010907
HIT 3 1589153890338 370 5478679170407500161
HIT 3 1589160050723 370 6627579796231062857
HIT 3 1949937303587 454 6326748891562565553
HIT 3 1589160116259 370 5342642355438349403
HIT 3 1958527303715 456 6872964762814961529
HIT 3 1958521208866 456 5704421304826791308
HIT 3 1597752148003 372 4687281540483617194
HIT 3 1451715264546 338 5853669910090139061
HIT 3 1451715985442 338 5726741874981101303
HIT 3 1451716050978 338 5346238816004715157
HIT 3 1589155004450 370 5308351483232297547
HIT 3 1589155463202 370 5165856359021944269
HIT 3 1958522847266 456 6577011428014666979
HIT 3 1451716771874 338 6308055633953669678
HIT 3 1451716902946 338 5163396688526559149
HIT 3 1958523174946 456 5426220215789870110
HIT 3 1589156118562 370 5171046790951277012
HIT 3 1589156249634 370 5370342221981429217
HIT 3 1589156446242 370 5685362654799596821
HIT 3 1958523830306 456 6179041523798719452
HIT 3 1451717820450 338 5626368547063070410
HIT 3 1958523961378 456 6779002329218323014
HIT 3 1958524092450 456 5899718492430455850
HIT 3 1589157167138 370 6525692426289069337
HIT 3 1589157494818 370 6745046273976266178
HIT 3 1451718672418 338 5207945277001907692
HIT 3 1958524878882 456 6352566492288484265
HIT 3 1451718803490 338 5070901750989915382
HIT 3 1589157756962 370 6325446207221792348
HIT 3 1589157822498 370 6504952320453554510
HIT 3 1589157888034 370 5319077112908926705
HIT 3 1451719000098 338 6623854492841630990
HIT 3 1958525141026 456 6286263541597955438
HIT 3 1589158674466 370 4671960521130474974
HIT 3 1451719786530 338 6262635683326752469
HIT 3 1589158805538 370 6682705807697211509
HIT 3 1958526255138 456 5958595058256581861
HIT 3 1589159133218 370 6904400833122487639
HIT 3 1958526386210 456 5129126158392702598
HIT 3 1589159329826 370 5720820310942992652
HIT 3 1589159460898 370 5199136958020010203
HIT 3 1958526648354 456 6866563270282223524
HIT 3 1589159657506 370 5088847837540623395
HIT 3 1962822074402 457 4631282425459770407
HIT 3 1967117041698 458 6912679296707535171
HIT 3 1468900966434 342 6852098278018364565
HIT 3 1511850639394 352 4732535564623078854
HIT 3 1559095279650 363 5227997293370954491
HIT 3 1619224821794 377 6582256457173975195
HIT 3 1632109723682 380 6184735026714935672
HIT 3 1649289592866 384 5468513128234933068
HIT 3 1662174494754 387 5519233678864174010
HIT 3 1670764429346 389 4753881719260424445
HIT 3 1773843644450 413 4932520917001188796
HIT 3 1795318480930 418 4612868592794044462
HIT 3 1825383252002 425 6594936397854350032
HIT 3 1855448023074 432 5113808256618793408
HIT 3 1885512794146 439 5581793535261142147
HIT 3 1928462467106 449 4672935003442302153
HIT 3 1949937303586 454 4771364153465722419
HIT 3 1980002074658 461 5130547021854272566
HIT 3 2057311485986 479 6406985756077361260
HIT 3 2100261158946 489 4882462749737954691
HIT 3 2147505799202 500 6201335925123571763
HIT 3 2151800766498 501 5655039050380948116
HIT 3 1589160116258 370 5762035871646156127
HIT 3 1589160181794 370 5246533290647511770
HIT 3 1962822336546 457 5240543347432483924
HIT 3 1468901163042 342 5018712797409739746
HIT 3 1589160312866 370 4995811872336422816
HIT 3 1589160378402 370 5351110424373099268
HIT 3 1958527893538 456 4924394182256295614
HIT 3 1958528942114 456 6103190260782319166
HIT 3 1580571951138 368 5230883920897591822
HIT 3 1958529073186 456 5132882346185487433
HIT 3 1589161951266 370 5230883920897591822
HIT 3 1967119138850 458 5966595549494067308
HIT 3 1662176591906 387 4772345839257514094
HIT 3 1679356461090 391 6494926395083457194
HIT 3 1718011166754 400 5800888594112789541
HIT 3 1748075937826 407 4815346625645295300
HIT 3 1786730643490 416 6267224607045719506
HIT 3 1799615545378 419 6703825647825910495
HIT 3 1894104825890 441 5795427525980676732
HIT 3 1924169596962 448 6671231891285567419
HIT 3 1941349466146 452 4740645938991195633
HIT 3 2035838746658 474 6537782404636515279
HIT 3 2074493452322 483 6020903142741423758
HIT 3 2130328027170 496 6354807953440604567
HIT 3 2164687765538 504 5089189276522933658
HIT 3 1967119400994 458 5318654652693657529
HIT 3 1606342213666 374 5359360687044187049
HIT 3 1958529859618 456 6357644159967688065
HIT 3 1958530514978 456 6069059865414317855
HIT 3 1451702747174 338 5762449930509269822
HIT 3 1589141700646 370 5834302350933046211
HIT 3 1958527107108 456 5952463642983732890
HIT 3 1589160050724 370 5191002414761909911
HIT 3 1958527238180 456 5589337547025781283
HIT 3 1958532218914 456 5772760867435285700
HIT 3 1958532284450 456 6471344317202412216
HIT 3 1958532874274 456 5442789157732495101
HIT 3 1958533791778 456 6658077763123780843
HIT 3 1958534578210 456 5153496029649831436
HIT 3 1958534840354 456 5358360410626555539
HIT 3 1967124840482 458 5358360410626555539
HIT 3 1992894709794 464 5317104597906654423
HIT 3 2035844382754 474 6113934836863020567
HIT 3 2070204121122 482 5544575735317201316
HIT 3 2095973924898 488 6465265801399593056
HIT 3 2113153794082 492 5510526579859580628
HIT 3 2130333663266 496 6172622133247252343
HIT 3 2194758172706 511 6862698729387331114
HIT 3 1967124971554 458 6459531621448589443
HIT 3 1958508888103 456 6441829880758301008
HIT 3 1958527238183 456 6698625680083889633
HIT 3 1958508888109 456 6104012250843994298
HIT 3 1589141700656 370 4855959726559312101
HIT 3 1958508888112 456 6011911969480441894
HIT 3 1958527238190 456 4716020865155077586
HIT 3 1589160050735 370 6496027910624642110
HIT 3 1589141700659 370 6880199077895787998
HIT 3 1451702747186 338 5945545747079911996
HIT 3 1958529335344 456 6534385184007671301
HIT 3 1589141700664 370 4650217469084531505
HIT 3 1958527238197 456 6122623406305991094
HIT 3 1451702747193 338 6355719695152442178
HIT 3 1589141831737 370 4650217469084531505
HIT 3 1589160050743 370 6597430294673761107
HIT 3 1958527107128 456 5884311542999283744
HIT 3 1593455018040 371 5849718706186884426
HIT 3 1967117172792 458 5547309106279877778
HIT 3 1460311097400 340 6355719695152442178
HIT 3 1451702878266 338 5192537055389292613
HIT 3 1958509019194 456 6160805297924882447
HIT 3 1451702943802 338 5103797271856008032
HIT 3 1589142159418 370 5347533825836212399
HIT 3 1958509477946 456 5748108561403452068
HIT 3 1455997845563 339 6532892776934617752
HIT 3 1589141831739 370 6440757323371165445
HIT 3 1451703009339 338 5192537055389292613
HIT 3 1958509150267 456 6160805297924882447
HIT 3 1451703533626 338 6347479168879636228
HIT 3 1451703599162 338 6084885121100893338
HIT 3 1589142880314 370 5706290462051953356
HIT 3 1958510264378 456 6366577885586599957
HIT 3 1589143601210 370 5975857014760057541
HIT 3 1958529335352 456 6755944794617723060
HIT 3 1958529400888 456 6146007640140646815
HIT 3 1589143863354 370 6700935331628512638
HIT 3 1958511050810 456 6313641066499794213
HIT 3 1451705106490 338 5023488693494953762
HIT 3 1589144191034 370 5046051180460247794
HIT 3 1958511444026 456 5073097704250767505
HIT 3 1958511771706 456 5314701548823167404
HIT 3 1451705892922 338 5133045920420960592
HIT 3 1589145043002 370 4771862946125119618
HIT 3 1451706220602 338 6461347226315909849
HIT 3 1958512361530 456 6587231493514027315
HIT 3 1589145305146 370 5618843554602656068
HIT 3 1451706744890 338 6840150789582274699
HIT 3 1589145829434 370 6473292585919285715
HIT 3 1589145894970 370 5293173959465725160
HIT 3 1958513082426 456 6042795005893664185
HIT 3 1589145960506 370 5539405032929308758
HIT 3 1451707072570 338 4669018029251572235
HIT 3 1451707138106 338 6423936075317987080
HIT 3 1589146091578 370 4897583169648088667
HIT 3 1958513541178 456 6017892031494282156
HIT 3 1958513606714 456 6739488054082072823
HIT 3 1958513999930 456 6084704507492379234
HIT 3 1451707924538 338 6377502978948464010
HIT 3 1451708055610 338 6061769160245257347
HIT 3 1451708121146 338 6412993776956889469
HIT 3 1958514393146 456 5501113918664308528
HIT 3 1589147271226 370 6539395255185425494
HIT 3 1958514458682 456 6787752048260723373
HIT 3 1451708645434 338 6790883662802721143
HIT 3 1589147992122 370 5747307219528460052
HIT 3 1958516097082 456 6146298222522508901
HIT 3 1451710480442 338 6141862871135777077
HIT 3 1958516621370 456 6433111939652526943
HIT 3 1589149499450 370 6829851135034357812
HIT 3 1451710611514 338 6732933544731666445
HIT 3 1958516752442 456 5318337241745073271
HIT 3 1958516883514 456 5284981419484225758
HIT 3 1451710873658 338 6085199725359902977
HIT 3 1958517276730 456 5930888565866340403
HIT 3 1958517473338 456 6239643894279421761
HIT 3 1451712315450 338 6173129478412694642
HIT 3 1958518456378 456 6315552542480611302
HIT 3 1451712577594 338 5177209996941552495
HIT 3 1958518718522 456 6055254691563538201
HIT 3 1958518915130 456 6178652044199596109
HIT 3 1958519046202 456 4975416853247081048
HIT 3 1589152186426 370 5647858951498400974
HIT 3 1589152251962 370 5805040942555420154
HIT 3 1958519439418 456 4791542561574045236
HIT 3 1451713495098 338 5126806951443723843
HIT 3 1589152710714 370 5026213557409300851
HIT 3 1589153103930 370 6467889278825825910
HIT 3 1451714674746 338 6638762687543262061
HIT 3 1589153759290 370 5835469396919734090
HIT 3 1589153955898 370 5737226584488365906
HIT 3 1958521602106 456 4810605549938205486
HIT 3 1589155004474 370 5343013836198316347
HIT 3 1451716116538 338 5635680875887387242
HIT 3 1958522323002 456 6731000160216208451
HIT 3 1958522519610 456 6266495094852220555
HIT 3 1589155594298 370 5721784969652755060
HIT 3 1589155725370 370 4820355625755204760
HIT 3 1451717034042 338 5701105813801191886
HIT 3 1451703009341 338 4781696959525097514
HIT 3 1589141962813 370 6111417067816755790
HIT 3 1589156249658 370 5449425568844690873
HIT 3 1451717361722 338 5079511860357313348
HIT 3 1451717427258 338 6521241017289875298
HIT 3 1589156446266 370 4710800609231224146
HIT 3 1451717689402 338 5623867063297809900
HIT 3 1589156642874 370 5062196873792357738
HIT 3 1958523895866 456 5604587153400165266
HIT 3 1451717820474 338 6564460482686369709
HIT 3 1958524223546 456 6466783034806414197
HIT 3 1589157363770 370 4698290522453647243
HIT 3 1451718541370 338 5093798552901222035
HIT 3 1589157756986 370 5536246608680973548
HIT 3 1958525141050 456 6415335243997516498
HIT 3 1589158019130 370 6218140260553608163
HIT 3 1958525403194 456 4882298835920576817
HIT 3 1451719589946 338 4830024127199060102
HIT 3 1589158608954 370 6268627759163339772
HIT 3 1451720376378 338 4956144092624941100
HIT 3 1958526713914 456 5571602495799592317
HIT 3 1451720704058 338 4983243052763909713
HIT 3 1451720835130 338 5833446704665992695
HIT 3 1589159854138 370 4771574516088504772
HIT 3 1958527041594 456 5718471473263394075
HIT 3 1589159919674 370 4764251968975529488
HIT 3 1464605999162 341 6532892776934617752
HIT 3 1473195933754 343 6343404803186486702
HIT 3 1490375802938 347 6750832265217158237
HIT 3 1507555672122 351 6587145760343070682
HIT 3 1576275148858 367 5683830448957111131
HIT 3 1597749985338 372 6910199940880826372
HIT 3 1602044952634 373 5292298066455358106
HIT 3 1632109723706 380 6251114697691733584
HIT 3 1700829200442 396 6867839231872679301
HIT 3 1773843644474 413 6148233230065665420
HIT 3 1791023513658 417 6839386195968702302
HIT 3 1838268153914 428 5788692001113748730
HIT 3 1902692663354 443 5614827296362582967
HIT 3 1941347369018 452 5440621784059029205
HIT 3 1971412140090 459 6703581013347912869
HIT 3 1975707107386 460 6064409544680732791
HIT 3 2001476911162 466 6109259200264263510
HIT 3 2053016518714 478 5002713781328511707
HIT 3 2074491355194 483 5347283757050739201
HIT 3 2117441028154 493 6214613851816677992
HIT 3 2177570570298 507 5907039780319742050
HIT 3 1464606064698 341 6343404803186486702
HIT 3 1580570181690 368 4735214644237681629
HIT 3 1580570247226 368 4820460626368775199
HIT 3 1967117303866 458 5241348083751041490
HIT 3 1958527696954 456 5129966122733329313
HIT 3 1589161033786 370 5587536035206651133
HIT 3 1958528548922 456 4780481087888866189
HIT 3 1958528679994 456 5116906265210131067
HIT 3 1589161558074 370 4665808427020489634
HIT 3 1589162016826 370 6291739375992794804
HIT 3 1597752016954 372 6291739375992794804
HIT 3 1722306134074 401 5128812766508462778
HIT 3 1730896068666 403 4809487991530297950
HIT 3 1752370905146 408 6554324147473410252
HIT 3 1756665872442 409 6271321044705091898
HIT 3 1803910512698 420 6724416690144619305
HIT 3 1838270251066 428 5078519246103622531
HIT 3 1846860185658 430 6859162609660764238
HIT 3 1872629989434 436 6072830381671411359
HIT 3 1876924956730 437 5727274083433700612
HIT 3 1902694760506 443 5849127543995348328
HIT 3 1932759531578 450 6823210636183400243
HIT 3 1958529335354 456 6142797014448887523
HIT 3 1992889073722 464 6563905203898620396
HIT 3 2095968288826 488 6227632847143457070
HIT 3 2130328027194 496 6868632753303985126
HIT 3 2186162602042 509 6153874486934928853
HIT 3 2194752536634 511 5862604176633549323
HIT 3 1597752148026 372 6440757323371165445
HIT 3 1958530121786 456 5849923615211358233
HIT 3 1958530318394 456 6276582448009035350
HIT 3 1460311097403 340 5103797271856008032
HIT 3 1589160181819 370 5231879194684461315
HIT 3 1958530842682 456 5356488012550748512
HIT 3 1958531104826 456 6190425134160799590
HIT 3 1958531170362 456 5969270279261007340
HIT 3 1958531301434 456 5135419329508845364
HIT 3 1958531825722 456 6218845553555307389
HIT 3 1958531956794 456 4619552913648997611
HIT 3 1958532874298 456 4890665989439718923
HIT 3 1958533201978 456 5132023046695643322
HIT 3 1958533464122 456 6172554006947781702
HIT 3 1958533857338 456 5317583866496539820
HIT 3 1958533988410 456 4752486670420393523
HIT 3 1958534250554 456 5986856469279377686
HIT 3 1958534316090 456 6018388867993165240
HIT 3 1958534381626 456 6267427649522138699
HIT 3 1958534447162 456 6748599163813780204
HIT 3 1980009807930 461 6377775649996141301
HIT 3 1984304775226 462 4757664590723770996
HIT 3 2022959480890 471 6701915951405956225
HIT 3 2087383990330 486 5684870224869101225
HIT 3 2095973924922 488 6866094231565236695
HIT 3 2104563859514 490 6514833462704733082
HIT 3 2121743728698 494 6772958561588881242
HIT 3 2138923597882 498 5417834807371156989
HIT 3 2168988368954 505 6671778800472787698
HIT 3 2190463205434 510 6594713636312254061
HIT 3 2194758172730 511 6751643321632829059
HIT 3 1971419938874 459 6377775649996141301
HIT 3 1958527107132 456 6731280548785838437
HIT 3 1460311097404 340 4781696959525097514
HIT 3 1589160116284 370 5578746586041402388
HIT 3 1958527303740 456 6582375582384976241
HIT 3 1597752148028 372 6111417067816755790
HIT 3 1958529400892 456 5058163045549259745
HIT 3 1589160050749 370 5118148148609017669
HIT 3 1958529335362 456 5836709800463609618
HIT 3 1589160050757 370 4891856385576936450
HIT 3 1958527238214 456 5727683095963108915
HIT 3 1958529335366 456 6541825507002226144
HIT 3 1589160050761 370 5367121530089324443
HIT 3 1958529335369 456 6139882580019890792
HIT 3 1958527238218 456 4860401098794663375
HIT 3 1958529335373 456 6237383408500788275
HIT 3 1589160050766 370 5437516653220749938
HIT 3 1958529335374 456 6130242911528810123
HIT 3 1589160050768 370 5811351432701630571
HIT 3 1958527238225 456 5751752353550060907
HIT 3 1958529335378 456 4776677187257712782
HIT 3 1958527238228 456 6400346920243309814
HIT 3 1958527238234 456 5667970811054289571
HIT 3 1958529335391 456 5365649907809365473
HIT 3 1589160050785 370 5254887252634850093
HIT 3 1958527238240 456 6136849125449289802
HIT 3 1589160050786 370 4918943215844185156
HIT 3 1958527238245 456 6857866308282184807
HIT 3 1958529335398 456 6278921722898576836
HIT 3 1589160050792 370 6307680727608385508
HIT 3 1958529335400 456 4687962952800779936
HIT 3 1958529335403 456 6175373341187023516
HIT 3 1589160050797 370 5708878409627109457
HIT 3 1958527238256 456 6469538189538985739
HIT 3 1958527238259 456 6380297851670271688
HIT 3 1958527238261 456 6211305530231742156
HIT 3 1958529335413 456 5022850145085188982
HIT 3 1589160050809 370 5298340634412534368
HIT 3 1958527238265 456 5897004581232707207
HIT 3 1589160050813 370 5040210811801229876
HIT 3 1958529335421 456 5871478460406683987
HIT 3 1589160050816 370 6588179511750645118
HIT 3 1589160050818 370 5428434509683651058
HIT 3 1958529335426 456 6079059350310102172
HIT 3 1958529335427 456 6422866207078542563
HIT 3 1589160050822 370 6679606099395766271
HIT 3 1958529335433 456 6587142740495862486
HIT 3 1958529335436 456 5472916676612122253
HIT 3 1589160050829 370 6740639485905043142
HIT 3 1958527238285 456 4675389654247619626
HIT 3 1589160050832 370 5723720493203893283
HIT 3 1958527238290 456 5541496302998153288
HIT 3 1958527238294 456 4953169229637867156
HIT 3 1958529335447 456 5479077064657457512
HIT 3 1958529335449 456 6535297757730321654
HIT 3 1589160050844 370 5372133113090381507
HIT 3 1958529335454 456 4864381685556792786
HIT 3 1589160050847 370 5772587566185076947
HIT 3 1958527238308 456 6636073689971440129
HIT 3 1958529335460 456 4707508858938109128
HIT 3 1958529335461 456 4702828125408748973
HIT 3 1958529335463 456 6399867962243913493
HIT 3 1958527238315 456 5772542395219685079
HIT 3 1958529335477 456 6793214140719261763
HIT 3 1958529335478 456 5560222325876575526
HIT 3 1958527238331 456 5106256817759395992
HIT 3 1589160050876 370 6344420982251064652
HIT 3 1958527238332 456 5313002057830665792
HIT 3 1589160050888 370 5423294167278553793
HIT 3 1958527238344 456 6001236327871087586
HIT 3 1589160050890 370 5858354638356183401
HIT 3 1589160050893 370 5359752318656094899
HIT 3 1589160050894 370 5160118313338237022
HIT 3 1589160050896 370 5296374210663223637
HIT 3 1589160050900 370 6085204692676755146
HIT 3 1958529335508 456 4729327655341997597
HIT 3 1958529335514 456 4755497339220315830
HIT 3 1589160050910 370 6809058720609362446
HIT 3 1589160050909 370 6430659638863413417
HIT 3 1589160050911 370 6430383903525067590
HIT 3 1589160050912 370 5158088188033819524
HIT 3 1958529335523 456 6572216709394850480
HIT 3 1589160050919 370 6317035418837390231
HIT 3 1589160050920 370 5973048524382370427
HIT 3 1589160050921 370 6829487364052436734
HIT 3 1958527238378 456 6476284336114275213
HIT 3 1958527238382 456 6835796570991011049
HIT 3 1589160050927 370 6009104692002116639
HIT 3 1958529335538 456 4759276106434397700
HIT 3 1589160050932 370 5886838725250001734
HIT 3 1958529335544 456 6446441478894406562
HIT 3 1589160050938 370 6514263640095112766
HIT 3 1958527238394 456 6684252363837524339
HIT 3 1958529335546 456 4822898480024232297
HIT 3 1589160050942 370 6663096683087169199
HIT 3 1958527238400 456 6199607490706239262
HIT 3 1958527238399 456 6512376614054353076
HIT 3 1958527238404 456 5845811782446894171
HIT 3 1958527238405 456 5535664844186029111
HIT 3 1958529335556 456 5356497934304718971
HIT 3 1589160050951 370 5399524703944119273
HIT 3 1958529335562 456 4665494759121511158
HIT 3 1958527238414 456 5226916707263331579
HIT 3 1958529335564 456 4997977963859038313
HIT 3 1589160050957 370 4685824723282967609
HIT 3 1958527238424 456 6213089618434634692
HIT 3 1958529335577 456 4705777880555500154
HIT 3 1958527238434 456 6464731412312333776
HIT 3 1958527238435 456 5374985921124772853
HIT 3 1589160050980 370 5833374911878659298
HIT 3 1958527238436 456 6826685250290597427
HIT 3 1958529335595 456 5645971396828973819
HIT 3 1958527238444 456 5702529502148831389
HIT 3 1958527238454 456 5857811848175567621
HIT 3 1589160051010 370 5862051385783167359
HIT 3 1958527238467 456 6310603942791628304
HIT 3 1958529335625 456 5625661617479229343
HIT 3 1958527238476 456 6180991731226640285
HIT 3 1958529335626 456 5800876415088177699
HIT 3 1958529335628 456 5712347199370351263
HIT 3 1958527566162 456 6762572614208820699
HIT 3 1589160509778 370 5510437061279857015
HIT 3 1589160575314 370 5163107185506082406
HIT 3 1589160968530 370 5020616378760478459
HIT 3 1589161034066 370 5845216222459726538
HIT 3 1589161099602 370 5308850462077363539
HIT 3 1958528483666 456 6427926232550794642
HIT 3 1580571951442 368 5333775012099447112
HIT 3 1589161951570 370 5333775012099447112
HIT 3 1962824171858 457 4891177031329012694
HIT 3 1602047050066 373 6357120240465851740
HIT 3 1644996723026 383 6128745240293833255
HIT 3 1662176592210 387 5421541988583366079
HIT 3 1696536330578 395 5231012074019344923
HIT 3 1705126265170 397 5526524292367897148
HIT 3 1726601101650 402 5372983812713836455
HIT 3 1730896068946 403 5928113406631509514
HIT 3 1735191036242 404 4895621982261499771
HIT 3 1748075938130 407 6082897983284821216
HIT 3 1765255807314 411 6228088836292727691
HIT 3 1769550774610 412 5083278211387127512
HIT 3 1821090382162 424 5609493982133973617
HIT 3 1842565218642 429 5240219401995652747
HIT 3 1894104826194 441 5340442453553135486
HIT 3 1898399793490 442 5757603359413017417
HIT 3 1919874629970 447 6837156779547768253
HIT 3 1924169597266 448 6420331593743274510
HIT 3 1962824302930 457 4859808028827994248
HIT 3 1971414237522 459 6762440872156354504
HIT 3 1980004172114 461 6014413351751113303
HIT 3 2061608550738 480 5995622913540509643
HIT 3 2074493452626 483 5084910043890325277
HIT 3 2108853190994 491 6370222141671981885
HIT 3 2113148158290 492 6645976598826925225
HIT 3 1967119401298 458 5213662279197229297
HIT 3 1958529728850 456 5699563302632904545
HIT 3 1958529859922 456 5424916609855646831
HIT 3 1958530122066 456 5866781752113630167
HIT 3 1958530187602 456 5322934298737431006
HIT 3 1958530384210 456 4715723995008979208
HIT 3 1958530646354 456 4634391891178635642
HIT 3 1949939401040 454 6799013927170021563
HIT 3 1958531170642 456 5469577860625187971
HIT 3 1958531498322 456 5086291532032275636
HIT 3 1958531563858 456 6277559526082116666
HIT 3 1958532153682 456 6601150290519964372
HIT 3 1958532874578 456 6501467197687715540
HIT 3 1958533333330 456 6484368417723717571
HIT 3 1958533398866 456 5424398521796162897
HIT 3 1958533529938 456 6546304705716033180
HIT 3 1958533595474 456 4858410105905782013
HIT 3 1958534250834 456 6314881771534916290
HIT 3 1958534447442 456 5797338071072445154
HIT 3 1984304775506 462 6331517177812781761
HIT 3 2035844383058 474 6454154842948109937
HIT 3 2040139350354 475 5193851752320629926
HIT 3 2078794056018 484 6009251559692875521
HIT 3 2126038696274 495 5516841674311848522
HIT 3 2190463205714 510 6820002306477608927
HIT 3 1975715037522 460 6476426730514994668
HIT 3 1958529335636 456 4926310774867120831
HIT 3 1593455149395 371 6357120240465851740
HIT 3 1967117304147 458 6476426730514994668
HIT 3 1958527435091 456 6762572614208820699
HIT 3 1958529335635 456 5949156002206386600
HIT 3 1958529335644 456 5411053287461968214
HIT 3 1958529335649 456 6586120584229971696
HIT 3 1958529335661 456 6595050542520592390
HIT 3 1958529466738 456 5800373627282171654
HIT 3 1958529859954 456 6843642548242903365
HIT 3 1958530449778 456 6464324733295865818
HIT 3 1958530777458 456 5691189247105981358
HIT 3 1958531367282 456 5948590222024678565
HIT 3 1958532678002 456 4877447604170968225
HIT 3 1958534119794 456 6314635087216041118
HIT 3 1958534185330 456 6246840780630417859
HIT 3 1958534316402 456 5958447472627491676
HIT 3 1958534709618 456 6511859719546890022
HIT 3 2005779612018 467 5735465186462674419
HIT 3 2065909154162 481 6560574456446045281
HIT 3 1958529466739 456 5448082803524851568
HIT 3 1958529597811 456 5800373627282171654
HIT 3 2190463205746 510 4710602731343661201
HIT 3 1967124971890 458 5448082803524851568
DONE data/p_c0.txt sz=3 range=[0,512) n=22108160 zero=0 40.4s
