DONE data/p_lam.txt sz=1 range=[0,512) n=512 zero=0 0.6s
HIT 2 30408852 464 17774363126480298
HIT 2 30343481 463 1330734390101876808
HIT 2 32702931 499 377566550054499859
HIT 2 32702928 499 1273962168466114252
DONE data/p_lam.txt sz=2 range=[0,512) n=130560 zero=0 3.5s
HIT 3 1344334462979 313 1737419097061563883
HIT 3 2143198380034 499 485932743445540114
HIT 3 1627813117955 379 2147993878147536560
HIT 3 2143209193475 499 1583749294519784255
HIT 3 2143209193473 499 151669364399416652
HIT 3 1344334462981 313 1511211589370038648
HIT 3 1627813117957 379 1991543848310058892
HIT 3 2143219154948 499 1978293237191153499
HIT 3 2143213518854 499 997444158932405557
HIT 3 1627802304521 379 634580640221805322
HIT 3 1997169491978 465 2268697386710781260
HIT 3 1997180305416 465 1146334372399681898
HIT 3 1997180305418 465 2096180390418912992
HIT 3 2143209193482 499 48520380789533784
HIT 3 1997184630792 465 1996110149096213819
HIT 3 1997184630795 465 1115645246512062675
HIT 3 1344334462988 313 653527414519694418
HIT 3 1997169491980 465 1669089296257297941
HIT 3 1627813117965 379 1262337574203146360
HIT 3 2143209193485 499 1708555468817618530
HIT 3 1627813117966 379 196803390318246006
HIT 3 2143209193486 499 423621345500225059
HIT 3 2143213518863 499 13846247812707606
HIT 3 1627802304530 379 1381727203824655724
HIT 3 1627813117968 379 1782525428705746153
HIT 3 1997180305426 465 2120097595697342300
HIT 3 1997180305427 465 870431010149984183
HIT 3 2143209193491 499 352589727826770714
HIT 3 2143219154962 499 1463549332827163207
HIT 3 1627802304534 379 805666933605978315
HIT 3 1997180305430 465 1283689990446117503
HIT 3 2143209193493 499 762827509769617522
HIT 3 2143198380058 499 673821913704105287
HIT 3 1997184630808 465 521990939047750208
HIT 3 2143219154971 499 1402702579655758106
HIT 3 2143219154970 499 354373055292342401
HIT 3 1344334463006 313 2191905589449943652
HIT 3 1997180305436 465 643227330125262546
HIT 3 1627813117981 379 1444878187841278032
HIT 3 1997184630813 465 573706609856824877
HIT 3 2143213518877 499 1179030091117314541
HIT 3 1627802304545 379 2282675888439366579
HIT 3 2143198380066 499 953738519797810940
HIT 3 2143209193504 499 138451730603485362
HIT 3 1627813117986 379 576362400493085229
HIT 3 2143209193506 499 866176320291777326
HIT 3 1997184630816 465 1954581407635835742
HIT 3 1997184630818 465 113796779599995493
HIT 3 1997169492006 465 1189488478999209994
HIT 3 1627802304551 379 2175154059833803719
HIT 3 1997180305446 465 492692302225983079
HIT 3 1997184630821 465 244206344549541467
HIT 3 2143213518885 499 1367296976965742153
HIT 3 1997169492011 465 1816206497472883958
HIT 3 1997169492012 465 1277523980247152615
HIT 3 1997184630826 465 1726334633741744547
HIT 3 2143209193516 499 196542915933860406
HIT 3 2143213518892 499 2241586080415927143
HIT 3 2143219154988 499 2094493300829162625
HIT 3 2143219154989 499 28180372095240242
HIT 3 1627813118000 379 1467088738605615436
HIT 3 2143209193519 499 1094699346174942441
HIT 3 1344334463026 313 201961563525436120
HIT 3 1627802304562 379 1704661750787785937
HIT 3 1627813118001 379 1602307178132785822
HIT 3 1997184630833 465 905592642850688649
HIT 3 2143213518897 499 265625532328794130
HIT 3 2143213518898 499 926533789203960594
HIT 3 2143219154994 499 1523145402004630808
HIT 3 2143198380085 499 1746348420124169424
HIT 3 1997180305459 465 577396811278494256
HIT 3 2143219154996 499 1093174221160541033
HIT 3 2143198380088 499 275533641339435745
HIT 3 2143209193526 499 616350783539184138
HIT 3 1997184630840 465 755602236560934250
HIT 3 1997169492025 465 1707211028031798731
HIT 3 2143213518903 499 1919281191738074464
HIT 3 2143219154999 499 831734689082884836
HIT 3 1627813118010 379 2301806412972102445
HIT 3 1997169492028 465 475069648390463351
HIT 3 1997184630841 465 1042829541817689597
HIT 3 2143209193532 499 1083095841709607071
HIT 3 2143213518908 499 2164649631115748615
HIT 3 2143219155004 499 720962784094125627
HIT 3 1997180305470 465 1910260155703752887
HIT 3 2143209193533 499 304152108349144819
HIT 3 1997184630846 465 1957249440882378876
HIT 3 1344334463039 313 1798214302421041447
HIT 3 2143213518909 499 84888330555941739
HIT 3 1997169492033 465 1865294560598914621
HIT 3 1997180305471 465 1900790362671803039
HIT 3 2143209193535 499 1368009247893209983
HIT 3 1627802304578 379 1524786235775960630
HIT 3 1997184630848 465 2260171577274073706
HIT 3 1344334463044 313 1387226401799916945
HIT 3 1997180305475 465 388839481769127198
HIT 3 1997169492037 465 2230236459979732994
HIT 3 1627802304583 379 296156597830209687
HIT 3 1627813118021 379 1510599626333547100
HIT 3 2143213518917 499 1957268247347217622
HIT 3 1627802304585 379 1245084874053417293
HIT 3 2143198380105 499 230503523346587923
HIT 3 2143219155016 499 2156508938968069737
HIT 3 1997180305481 465 121882126809894809
HIT 3 1997184630857 465 200394987421339712
HIT 3 1997169492045 465 2167463599300887120
HIT 3 2143198380109 499 32904261552555798
HIT 3 2143198380110 499 1857983754284519920
HIT 3 1627813118029 379 2264804201955567055
HIT 3 1627813118030 379 1950720557027150244
HIT 3 1627813118031 379 2233555566297825328
HIT 3 1997180305487 465 650933018262815922
HIT 3 1997180305490 465 1445509892219635049
HIT 3 1997184630866 465 1745383144122742771
HIT 3 1344334463063 313 1612750308582336784
HIT 3 2143219155029 499 1357134302171559895
HIT 3 2143219155030 499 1463153241373819
HIT 3 1997184630871 465 1911584927103006296
HIT 3 2143209193560 499 1459677395356195852
HIT 3 1997184630872 465 854638527086038863
HIT 3 1344334463068 313 1825713680171193981
HIT 3 1627802304605 379 2051985390953540484
HIT 3 1627802304607 379 269297034785499196
HIT 3 2143198380127 499 376815657284140888
HIT 3 2143219155036 499 2112180645246996292
HIT 3 1997184630878 465 1173514239287011788
HIT 3 2143213518942 499 1119111322908760245
HIT 3 1997180305503 465 1236000109208139444
HIT 3 1627813118049 379 2001241118891531202
HIT 3 2143219155040 499 1206752074009183619
HIT 3 2143219155043 499 774345903300054451
HIT 3 2143219155045 499 1199538482426378688
HIT 3 1344334463081 313 1318288089574423974
HIT 3 2143209193576 499 1569519641993772785
HIT 3 2143198380138 499 905965056245461970
HIT 3 2143198380140 499 1510540296471911601
HIT 3 1997169492077 465 178917069796854656
HIT 3 1627813118059 379 835123177804876134
HIT 3 2143213518954 499 2029900185333657001
HIT 3 2143219155050 499 136254558437000723
HIT 3 2143198380142 499 1357633965167825929
HIT 3 1627802304625 379 816321480893951605
HIT 3 1997169492081 465 626144367875828577
HIT 3 2143198380145 499 2049288845398935096
HIT 3 1344334463091 313 914309176147254450
HIT 3 1997184630898 465 610279559513819227
HIT 3 2143219155058 499 179051958147267081
HIT 3 1627802304632 379 153886668469057682
HIT 3 1627802304635 379 1739006086436391374
HIT 3 1627813118074 379 724200398948323998
HIT 3 1997184630907 465 775394908765434874
HIT 3 1997169492094 465 1477667111941606467
HIT 3 1344334463103 313 1487549653218624153
HIT 3 1627813118076 379 707473003529321255
HIT 3 1997180305532 465 372833338687831694
HIT 3 1344334463106 313 708039859434019762
HIT 3 2143209193601 499 500038891614523358
HIT 3 1627802304644 379 234277588620358208
HIT 3 2143198380165 499 2016884996677017698
HIT 3 1627813118083 379 996429909127720059
HIT 3 1627802304647 379 1431854996328665307
HIT 3 1627813118085 379 370847828702496020
HIT 3 2143209193606 499 2103854186036886606
HIT 3 1344334463113 313 1067002592319700178
HIT 3 1627802304649 379 1509077262806984712
HIT 3 2143198380169 499 721941086065324772
HIT 3 1344334463114 313 1801216318220555277
HIT 3 1997169492107 465 389290376034242824
HIT 3 2143213518984 499 1345726951727659659
HIT 3 1997180305545 465 1154349131209160684
HIT 3 1627802304652 379 1588782375986328331
HIT 3 2143213518986 499 468209695186719206
HIT 3 2143219155082 499 1642723139362517511
HIT 3 2143219155087 499 651922204155113762
HIT 3 2143213518992 499 2090462875133244097
HIT 3 1344334921876 313 2200944910408920041
HIT 3 1997170016404 465 1222411897967933382
HIT 3 1344335315092 313 1735285314586606520
HIT 3 1344335446164 313 1630733725159707959
HIT 3 1344335511700 313 958767162529317487
HIT 3 1997170606228 465 1868646050276879290
HIT 3 2143199494292 499 433526170472601740
HIT 3 1344335642772 313 666456446351176341
HIT 3 1627803549844 379 1096470944174941021
HIT 3 1627803680916 379 2294201786893029036
HIT 3 1344336167060 313 1402705554336687756
HIT 3 1344336232596 313 987936916503701058
HIT 3 1627804074132 379 1485160327466242129
HIT 3 1997171261588 465 59778275087323257
HIT 3 1997171589268 465 520233066906295005
HIT 3 1627804467348 379 410166503075186003
HIT 3 1627804598420 379 805981036564382833
HIT 3 1997171982484 465 1686130739295692959
HIT 3 1997172113556 465 2110686534709734066
HIT 3 1992874655893 464 17774363126480298
HIT 3 1627805188244 379 141430424973363390
HIT 3 1627805581460 379 1507612654843449089
HIT 3 1997172834452 465 1832701355042515912
HIT 3 1344337870996 313 1729355782182128640
HIT 3 1997173096596 465 758154597151690323
HIT 3 1997173227668 465 2166013009564116122
HIT 3 2143202181268 499 1237013635439486229
HIT 3 2143202246804 499 16945286683934716
HIT 3 1344338526356 313 61126151477087752
HIT 3 1344338657428 313 1284113828129812377
HIT 3 2143202771092 499 1028313102763946613
HIT 3 1344338985108 313 1713614102846114196
HIT 3 1627807023252 379 600723291387504816
HIT 3 1997174210708 465 1404498083916676520
HIT 3 1997174276244 465 681750932551807918
HIT 3 2143203164308 499 381405232412876563
HIT 3 2143209128082 499 1159274970661466455
HIT 3 1619223183506 377 299039479739045476
HIT 3 1623518150802 378 488223479918403813
HIT 3 2143209193618 499 416858778020549410
HIT 3 1627813249170 379 866569554927886087
HIT 3 1627807219860 379 862981434464571163
HIT 3 1627807350932 379 811774231793947895
HIT 3 2143204016276 499 2017900366081929201
HIT 3 1344340164756 313 1721761513011703864
HIT 3 2143204671636 499 1928958041294216550
HIT 3 1627808661652 379 320674789282647100
HIT 3 2143204933780 499 2281570117570548422
HIT 3 1344341082260 313 2217415640298694183
HIT 3 1627808989332 379 556956267715518333
HIT 3 1627809054868 379 1157883055134304587
HIT 3 1997176307860 465 2239215602306963627
HIT 3 2143205392532 499 1098394921954242853
HIT 3 2143213518994 499 402540728096235734
HIT 3 2143213650066 499 1580585648812170875
HIT 3 1344341672084 313 921839189543792162
HIT 3 1627809513620 379 1315579255488203295
HIT 3 1627809644692 379 1137332398826899044
HIT 3 1997176897684 465 324870516801025956
HIT 3 1627809775764 379 448088137518356317
HIT 3 2143205851284 499 1385845176481436093
HIT 3 1997177028756 465 2087361657796050843
HIT 3 1344342130836 313 1474527902554907015
HIT 3 1997177159828 465 699198541063707909
HIT 3 1344342327444 313 449895148407153594
HIT 3 2143206310036 499 2261810856276308998
HIT 3 1627810300052 379 1318229242914858154
HIT 3 1344342524052 313 106814182694255166
HIT 3 1627810365588 379 1825723250939595376
HIT 3 1344342851732 313 1672088411343096421
HIT 3 1627810693268 379 2175072446749768924
HIT 3 2143206768788 499 488470797378787360
HIT 3 1627810955412 379 566859034968128688
HIT 3 2143207030932 499 120264659449814950
HIT 3 2143207096468 499 234395313642806187
HIT 3 1997178273940 465 244375304737578254
HIT 3 2143207162004 499 1060374018505883723
HIT 3 1344343310484 313 266394037954493094
HIT 3 1344343376020 313 1622655570609023448
HIT 3 1997178405012 465 2146020796150668973
HIT 3 1997178536084 465 35734049538976805
HIT 3 2143207555220 499 1641854908962627193
HIT 3 1344343769236 313 1574556893155844406
HIT 3 1627811741844 379 1356033981477788806
HIT 3 1627812069524 379 399879972525654859
HIT 3 1344344293524 313 1476815490706141158
HIT 3 1627812331668 379 737126671588000192
HIT 3 2143208603796 499 1933314290140586281
HIT 3 1344344752276 313 222414863798433619
HIT 3 1627812659348 379 1456668930165942871
HIT 3 1997179846804 465 1082742245297702408
HIT 3 2138924187794 498 1156239475643500724
HIT 3 1988590239892 463 422175072110544498
HIT 3 1623518085268 378 1210296604769475000
HIT 3 1992885272724 464 724515928081176319
HIT 3 2005770174612 467 1521993573466165141
HIT 3 1391589916820 324 1867549515895524128
HIT 3 1404474818708 327 461536135750572292
HIT 3 1498964099220 349 2006420358914396597
HIT 3 1503259066516 350 1030281567221522518
HIT 3 1507554033812 351 607519810594760474
HIT 3 1546208739476 360 1250428823205580636
HIT 3 1567683575956 365 1518892228262186462
HIT 3 1593453379732 371 722662423818078432
HIT 3 1606338281620 374 1370463914863492128
HIT 3 1679352725652 391 1206370947572876410
HIT 3 1692237627540 394 958890849021522916
HIT 3 1718007431316 400 5307276315638283
HIT 3 1773842006164 413 1457718081978671883
HIT 3 1782431940756 415 793405812224581778
HIT 3 1786726908052 416 1598522623123101658
HIT 3 1816791679124 423 1810060808923540019
HIT 3 1821086646420 424 953895204903436429
HIT 3 1846856450196 430 2292806438270049029
HIT 3 1962820567188 457 1634447853652452498
HIT 3 1980000436372 461 227034903939289394
HIT 3 2010065207444 468 337785670169607206
HIT 3 2027245076628 472 1217139247957466172
HIT 3 2053014880404 478 537487914702115693
HIT 3 2151799128212 501 1789027732190150633
HIT 3 2177568931988 507 1246998688477383674
HIT 3 2186158866580 509 996362535591287445
HIT 3 1636403183764 381 870329848521310521
HIT 3 2005770371220 467 1736813385633467681
HIT 3 1627813511316 379 344619716615503966
HIT 3 1627813576852 379 1361427741976701539
HIT 3 2143209717908 499 200963641815717060
HIT 3 1627813970068 379 1545886096060349792
HIT 3 1627814035604 379 1740327511538284228
HIT 3 1997181419668 465 1171287118654245766
HIT 3 2143210438804 499 2056981792737575326
HIT 3 2143210635412 499 1919038838149550850
HIT 3 1997181878420 465 145236002801794499
HIT 3 1997182402708 465 1733011066184477572
HIT 3 1997182861460 465 30410547433020552
HIT 3 1627815870612 379 591011234079809507
HIT 3 1627816198292 379 185588044113130740
HIT 3 1627816263828 379 1603656655141552020
HIT 3 1997183844500 465 2006547474130250603
HIT 3 1627816788116 379 302290992071148789
HIT 3 2143212929172 499 1855546665534767962
HIT 3 1997184368788 465 804364624090557761
HIT 3 2138918420628 498 390297596388823998
HIT 3 1992889598100 464 1808678030724364114
HIT 3 1683652018324 392 2177582116096370386
HIT 3 1748076527764 407 1274466721450617093
HIT 3 1756666462356 409 838786072168114757
HIT 3 1791026200724 417 81250668385833399
HIT 3 1838270840980 428 1275426341358916483
HIT 3 1846860775572 430 840551463939491141
HIT 3 1859745677460 433 1615188335004380972
HIT 3 1872630579348 436 1463173531003674209
HIT 3 1919875219604 447 1510911350014687106
HIT 3 1945645023380 453 1691769711650966541
HIT 3 2035839336596 474 1413268009499836459
HIT 3 2113148747924 492 2018919674164606856
HIT 3 2134623584404 497 1578224675002493947
HIT 3 2138918551700 498 1430274423424789357
HIT 3 2168983322772 505 169859444608528184
HIT 3 1997184696468 465 911767167986572529
HIT 3 1997184762004 465 2261968019705053306
HIT 3 2151803584660 501 1736813385633467681
HIT 3 1997184827540 465 2273945931093543955
HIT 3 2143213781140 499 1368446531582543616
HIT 3 2143213846676 499 1380092421699054917
HIT 3 1997186334868 465 1685080171758071909
HIT 3 2143215354004 499 633002913652754100
HIT 3 1997186597012 465 8419170908418978
HIT 3 1997186728084 465 1581030835272442615
HIT 3 1997187514516 465 744446044716792813
HIT 3 2143216402580 499 2005418164325823846
HIT 3 1997187711124 465 541375100135804316
HIT 3 2143216992404 499 1919095187002382400
HIT 3 2143217123476 499 946369832093519419
HIT 3 2143217385620 499 640932284099232370
HIT 3 1997188563092 465 1274761554602373902
HIT 3 2143217451156 499 1706588213156401702
HIT 3 1997188890772 465 435992306762872724
HIT 3 1997189152916 465 1683796644120277714
HIT 3 2143218106516 499 343443908852177793
HIT 3 2143218303124 499 1012433255397656610
HIT 3 1997189480596 465 1276151193653067868
HIT 3 2005780005012 467 2275772626798005644
HIT 3 1997190135956 465 2275772626798005644
HIT 3 2001485234324 466 17774363126480298
HIT 3 2048729874580 477 843408489941186401
HIT 3 2108859416724 491 292434366345405586
HIT 3 2143219155092 499 1217028793933647869
HIT 3 2151809089684 501 1673668268942152894
HIT 3 2168988958868 505 1033257732443723392
HIT 3 2194758762644 511 561102342999745007
HIT 3 2151809220756 501 870329848521310521
HIT 3 2143219351700 499 606068546785756412
HIT 3 2143219679380 499 1021942261273017981
HIT 3 2143220138132 499 1027133062499401335
HIT 3 2143220203668 499 1988959492516847681
HIT 3 2143220465812 499 185146759690692851
HIT 3 2151799128213 501 2131633597764090192
HIT 3 2143213518997 499 1528423700212159784
HIT 3 1997180174486 465 441834753904337580
HIT 3 1636403052694 381 904456001641542432
HIT 3 2143213453462 499 456265618248324527
HIT 3 2134623584406 497 1742772293250761915
HIT 3 2143219155094 499 2003405197826775328
HIT 3 2143219155095 499 1036247109170364051
HIT 3 2143213519001 499 215817098166796875
HIT 3 2143209193626 499 1716142714081788803
HIT 3 1997180305563 465 988980973456913143
HIT 3 2143213519003 499 554761634216203204
HIT 3 2143213519004 499 1276900472849457777
HIT 3 1997184630941 465 2136254399342258630
HIT 3 1997180305566 465 1135534582713193072
HIT 3 1627813118111 379 1957780130337958849
HIT 3 1997180305567 465 858973606665236002
HIT 3 1627813118113 379 2044250343885087707
HIT 3 2143209193633 499 175937446209186935
HIT 3 2143209193634 499 1479042245856125446
HIT 3 1997180305571 465 1461838064177823955
HIT 3 1997180305572 465 325536367559181816
HIT 3 2143219155110 499 1156373918073601329
HIT 3 2143219155114 499 283664773665137002
HIT 3 2143209193644 499 418740497085422821
HIT 3 1997184630957 465 39259104424955330
HIT 3 2143213519022 499 890995364294036397
HIT 3 1627813118128 379 2267113738077344341
HIT 3 2143209193648 499 2260054539773648323
HIT 3 1627813118129 379 673443110868275692
HIT 3 1627813118130 379 681744071420417402
HIT 3 1997180305586 465 425463657162087132
HIT 3 2143209193651 499 1516625242980325731
HIT 3 2143219155124 499 1935130606764952859
HIT 3 1627813118135 379 609218407068879528
HIT 3 2143213519033 499 353326013238955347
HIT 3 2143219155130 499 270888825939277804
HIT 3 2143219155132 499 1340316549982899528
HIT 3 1997180305598 465 595626515380893236
HIT 3 1997184630975 465 1974893092760886983
HIT 3 1627813118147 379 1327533461260175445
HIT 3 1997180305607 465 135861903790717935
HIT 3 2143209193671 499 1436133578263291848
HIT 3 1997184630986 465 1287643120172451887
HIT 3 2143213519050 499 6759260125998665
HIT 3 2143219155145 499 1297305396657445573
HIT 3 1997180305611 465 1149539133498573888
HIT 3 1997180305614 465 1505585734601853734
HIT 3 2143219155149 499 1989666580850021374
HIT 3 2143213519054 499 1527158225894525852
HIT 3 2143219155150 499 1825678509767813131
HIT 3 1627813118160 379 2070626811449438364
HIT 3 1997180305616 465 1060859435422662918
HIT 3 2143213519057 499 210469172307063501
HIT 3 2143209193683 499 160832928182106317
HIT 3 1627813118162 379 1362845725081865532
HIT 3 2143209193687 499 2044208622204691444
HIT 3 2143219155158 499 1197884330186509860
HIT 3 2143209193688 499 1058734491831010795
HIT 3 2143213519065 499 71955090694895101
HIT 3 1627813118170 379 2063648870078608571
HIT 3 1627813118172 379 1484291943884707306
HIT 3 2143213519071 499 608290322008267238
HIT 3 1627813118180 379 387308944887634816
HIT 3 1627813118183 379 630322543115731650
HIT 3 1997180305639 465 991167552647968169
HIT 3 2143219155172 499 951978118316157306
HIT 3 1997184631015 465 1603197500609732713
HIT 3 1997180305640 465 1884896057208664330
HIT 3 1997184631019 465 201086190539937058
HIT 3 2143219155183 499 1368545743013936288
HIT 3 2143219155182 499 1716448187230619319
HIT 3 2143219155184 499 2281434762751552899
HIT 3 1997184631026 465 1121687112368249662
HIT 3 1997184631027 465 937371610109240861
HIT 3 1997180305652 465 1078970007096964929
HIT 3 2143219155186 499 1495120449019104080
HIT 3 1997180305654 465 1372054560130933160
HIT 3 1997184631029 465 327540726930784572
HIT 3 2143219155189 499 2195762694447946485
HIT 3 2143213519095 499 1772128127763650250
HIT 3 1997184631032 465 163922504499681700
HIT 3 2143213519097 499 416837892599259732
HIT 3 2143219155194 499 410521748005907545
HIT 3 1627813118205 379 2246177085008306295
HIT 3 1997180305662 465 1521395225796134923
HIT 3 2143213519102 499 1571865367224626925
HIT 3 2143209193728 499 535849252032192924
HIT 3 1627813118212 379 1442337925721128592
HIT 3 2143209193732 499 317325321432796091
HIT 3 2143213519108 499 1663019466281212205
HIT 3 1627813118213 379 990474881072987828
HIT 3 1997184631046 465 34337114726439795
HIT 3 2143213519110 499 1043526266312446237
HIT 3 2143219155207 499 2058869889701536066
HIT 3 1997180305673 465 713324760660165260
HIT 3 2143213519116 499 2231106755573703371
HIT 3 1627813118221 379 246360250208095208
HIT 3 2143209193742 499 863391721405453103
HIT 3 2143209193743 499 1731981746734419381
HIT 3 1627813118224 379 847870667481008269
HIT 3 1997180305684 465 639080484114537043
HIT 3 2143209193748 499 116199462024884416
HIT 3 2143209193749 499 80803111079578877
HIT 3 1627813118232 379 1088336077824601805
HIT 3 1997180305688 465 1812351388598883503
HIT 3 2143213519127 499 1599362313041446372
HIT 3 1997184631064 465 236151518328669295
HIT 3 2143209193753 499 1545778955079823446
HIT 3 2143213519133 499 896916717279060502
HIT 3 2143209193760 499 304326445478688920
HIT 3 1997184631071 465 301118932203698548
HIT 3 1997180305698 465 880163207348871872
HIT 3 1997184631076 465 704183695187572502
HIT 3 1627813118246 379 814472405151342062
HIT 3 2143213519142 499 1544026830699726534
HIT 3 2143209193767 499 1824464387055896529
HIT 3 2143213519141 499 1345734764003682042
HIT 3 2143219155240 499 494301693947391528
HIT 3 1997184631081 465 1073413556397321118
HIT 3 2143213519145 499 13948526498427691
HIT 3 1997184631083 465 1313074954606976766
HIT 3 1627813118252 379 1227853915078189695
HIT 3 1627813118255 379 1712786391638268559
HIT 3 2143209193775 499 1145401400734455578
HIT 3 1997184631086 465 727742187434746794
HIT 3 2143219155246 499 246162180286897003
HIT 3 1997180305713 465 408960011148613152
HIT 3 2143219155248 499 597508460322541524
HIT 3 1997180436790 465 973459798060594921
HIT 3 2143219155249 499 1843080522024393184
HIT 3 1997180305719 465 973459798060594921
HIT 3 1627813183800 379 391469298953241472
HIT 3 2143209259320 499 978478237399136131
HIT 3 1988590502200 463 1330734390101876808
HIT 3 1627813314873 379 391469298953241472
HIT 3 2143209390393 499 978478237399136131
HIT 3 1997180567865 465 1126482345222635532
HIT 3 2143209521465 499 2047945495381488557
HIT 3 1997180698937 465 1151811085264098526
HIT 3 1627813642553 379 877632884832968471
HIT 3 2143209718073 499 935398919828628029
HIT 3 2143209914681 499 817179266165854530
HIT 3 1997181157689 465 1329193162340085423
HIT 3 2143210242361 499 1268401033997729957
HIT 3 1997181419833 465 2028626287030007615
HIT 3 1627814297913 379 2691214295423705
HIT 3 1627814494521 379 978917978524148900
HIT 3 2143213650232 499 1526124558618608212
HIT 3 1997181878585 465 1914525377995133802
HIT 3 2143210897721 499 1219603865068642400
HIT 3 2143210963257 499 376505060394856221
HIT 3 1997182140729 465 992214962525580637
HIT 3 1997182206265 465 213106468682212384
HIT 3 1627815084345 379 1393676892338433642
HIT 3 1997182468409 465 1196228731123665363
HIT 3 1627815412025 379 2192842685173110341
HIT 3 1997182599481 465 1009384507864460110
HIT 3 1627815608633 379 519074415623432822
HIT 3 1627816526137 379 1748018716269683046
HIT 3 1627816657209 379 1603006518308766204
HIT 3 1997183975737 465 1576197085047616522
HIT 3 2143212863801 499 249037306663501858
HIT 3 2143212994873 499 1792751652217102109
HIT 3 2143213322553 499 553090104573559866
HIT 3 2005774434617 467 1790559887181130246
HIT 3 2143213388089 499 1571781610971128542
HIT 3 2151803322681 501 1172069693730994140
HIT 3 1644997312825 383 1655389146029324789
HIT 3 1692241953081 394 478561880472015478
HIT 3 1773846331705 413 1358469948334722282
HIT 3 1803911102777 420 736857099073253029
HIT 3 1821090971961 424 597697946062966728
HIT 3 1885515481401 439 1799306287589432317
HIT 3 1898400383289 442 647720618076071028
HIT 3 1975709794617 460 1303072839849219356
HIT 3 2053019205945 478 2040295583053345728
HIT 3 2065904107833 481 2198417547078045312
HIT 3 2078789009721 484 1801455756335011381
HIT 3 2113148748089 492 1552234465172310892
HIT 3 2138918551865 498 788809300031266111
HIT 3 2147508486457 500 123016325042687860
HIT 3 2156098421049 502 1976199940768544214
HIT 3 2134623715641 497 1745070570157457125
HIT 3 2143213650233 499 1576543068320409708
HIT 3 1997185024313 465 799634870257966187
HIT 3 2143213977913 499 1822217580837170107
HIT 3 1997185220921 465 296344365541192628
HIT 3 2143214174521 499 111088790438889720
HIT 3 2143214567737 499 1010515496504173313
HIT 3 2143215026489 499 1659274884601139463
HIT 3 2143215419705 499 747517938962816608
HIT 3 2143215812921 499 789738301319402519
HIT 3 1997187252537 465 1506821756906032839
HIT 3 2143216271673 499 2020901062100895135
HIT 3 2143216402745 499 578154212926578538
HIT 3 1997187580217 465 1156375064828917435
HIT 3 2143216664889 499 878995557524934652
HIT 3 1997187907897 465 1406145382896814651
HIT 3 2143216992569 499 1757066445719871814
HIT 3 1997188235577 465 1599176588507618169
HIT 3 2143217189177 499 1307025243817718583
HIT 3 1997188366649 465 416320314523578391
HIT 3 2143217320249 499 430395992938142329
HIT 3 2143217647929 499 475893551111919676
HIT 3 1997189087545 465 2024255395464512721
HIT 3 1997189153081 465 1256605100597229646
HIT 3 1997189415225 465 1218744300883871516
HIT 3 1997190070585 465 1330734390101876808
HIT 3 2134629155129 497 1755700654852965962
HIT 3 2018665103673 470 1246901536191692814
HIT 3 2027255038265 472 1692549242065529030
HIT 3 2057319809337 479 2229981610244329700
HIT 3 2087384580409 486 617970000848885154
HIT 3 2104564449593 490 2035924081375067871
HIT 3 2130334253369 496 1738287336933040515
HIT 3 2173283926329 506 1891734125967078181
HIT 3 2134629351737 497 308527203838397602
HIT 3 2151809220921 501 904456001641542432
HIT 3 2134629220663 497 524874515478110746
HIT 3 2143213388091 499 2108330233853287683
HIT 3 2143219286328 499 451182122973790274
HIT 3 2143219810617 499 506285902528466458
HIT 3 2143220531513 499 1274485662060596579
HIT 3 2143220728121 499 1497838442220704086
HIT 3 2143220924729 499 505333517394695817
HIT 3 2143220990265 499 860544449485273884
HIT 3 2160401252665 503 1547870752490496629
HIT 3 2143213519164 499 2161135610405574458
HIT 3 2143219155261 499 166823228718125023
HIT 3 2143213519173 499 961761815040241348
HIT 3 2143219155271 499 429401976256098518
HIT 3 1997184631115 465 546588831445754652
HIT 3 2143213519181 499 392190548821972923
HIT 3 2143213519182 499 148224358445400812
HIT 3 2143219155279 499 335653672213271262
HIT 3 2143219155283 499 1604047452671631326
HIT 3 2143219155284 499 1604405569459927993
HIT 3 1997184631126 465 1906274312623893168
HIT 3 2143213519198 499 1910538728382033417
HIT 3 1997184631136 465 1917292603768355890
HIT 3 1997184631139 465 587483916694475250
HIT 3 2143219155298 499 537356351680657411
HIT 3 2143213519210 499 211111198633441316
HIT 3 2143213519211 499 1303209917061776796
HIT 3 2143219155304 499 1286958784112192155
HIT 3 2143219155310 499 564344791356133182
HIT 3 2143219155311 499 1256253621280986407
HIT 3 2143213519218 499 513017406715853290
HIT 3 1997184762232 465 609893488453399455
HIT 3 1997184631161 465 609893488453399455
HIT 3 2143213977979 499 1480794913703149141
HIT 3 1997185286523 465 2298667333084069926
HIT 3 1997185483131 465 1047351142182164030
HIT 3 2143214633339 499 1773863351013641751
HIT 3 2143214961019 499 1595246096413481329
HIT 3 2143215419771 499 344506980526343397
HIT 3 1997186662779 465 897282591451520823
HIT 3 2143215550843 499 2085696791975542650
HIT 3 1997187055995 465 1184608982544490644
HIT 3 1997187318139 465 291045217176201186
HIT 3 2143216206203 499 2233535143062970484
HIT 3 1997187383675 465 698775099368065355
HIT 3 2143216337275 499 1400143350376289164
HIT 3 2143216468347 499 342377306611437207
HIT 3 1997188235643 465 792853270360327712
HIT 3 1997188432251 465 1830593358538825712
HIT 3 2143218106747 499 2091912629045480071
HIT 3 1997189611899 465 1075656580788604387
HIT 3 1997189939579 465 336918957438947113
HIT 3 1988600070523 463 336918957438947113
HIT 3 2070204711291 482 779060491502482147
HIT 3 2100269482363 489 211396096827244325
HIT 3 2151809089915 501 584540939479048993
HIT 3 2160399024507 503 1623155083835284118
HIT 3 2143219417467 499 1719638688550500060
HIT 3 2143219679611 499 1403629567425828633
HIT 3 2143219745147 499 1099789608635584229
HIT 3 2143220072827 499 925565997621835339
HIT 3 2143221055867 499 2292491862653081048
HIT 3 2134631186811 497 2292491862653081048
HIT 3 2147516285307 500 1640384140892381742
HIT 3 2156106285435 502 1640384140892381742
HIT 3 2160401252731 503 1315262468634848439
HIT 3 2168991187323 505 1101922621124673592
HIT 3 2134629220733 497 752061652278719361
HIT 3 2143219155324 499 1976712848165250828
HIT 3 2143219155330 499 869906959363025086
HIT 3 2143219155346 499 2014712141606062747
HIT 3 2143219155352 499 375113838773726214
HIT 3 2143219155347 499 120913431553431099
HIT 3 2143219155351 499 953935849761047134
HIT 3 2143219155356 499 1840612452812655092
HIT 3 2143219155357 499 143035742913707253
HIT 3 2143219155387 499 551638172473843240
HIT 3 2143219155390 499 740542783245762977
HIT 3 2143219155392 499 1131567504579108005
HIT 3 2143219155395 499 78254473650799436
HIT 3 2143219155403 499 2178784755379296280
HIT 3 2143219286478 499 376367991950531194
HIT 3 2143219155407 499 376367991950531194
HIT 3 2143219220944 499 1882565442945658517
HIT 3 2151811252688 501 1273962168466114252
HIT 3 2143219220945 499 1273962168466114252
HIT 3 2143219352017 499 1882565442945658517
HIT 3 2143219745233 499 1635704163296711880
HIT 3 2143220662737 499 843499243098678642
HIT 3 2143220859345 499 1673591016799653233
HIT 3 2151811121617 501 1449080158552411290
HIT 3 2143221252561 499 1449080158552411290
HIT 3 2177581122001 507 383782570653393444
HIT 3 2151811252691 501 377566550054499859
HIT 3 2143219417554 499 377566550054499859
DONE data/p_lam.txt sz=3 range=[0,512) n=22108160 zero=0 45.9s
