113551757703762955623868107748638831428413073935589222929562154558307455502602 63539790628378915805844057221098031195261084737695240684788832297127811542663
31917591553801470078828036568057743875467637605644620066197178005619323650152 83364444556352143115103874010002344754157095926378075484791050960431190202517
79253590490517273881924478683593769936237917021652539301899167892695750533326 33942927667139415359393035654466414946856745297234918176456775060113227164167
86991662897117220199709144785628511804404356297422524682734042819327007679809 113205985325046169308886927261134964372060430014259884296196241289200201570753
114559468709640420595641962120426396292950109454965734535312146723121627413263 109875943793597708076382025629214998406443273398272283009356226646329631060588
47728469767444901424366991278528873808494306196328502069004812207134127449799 78515046017738968510140122687818032412472712539730529524761585917963186655740
85493019580071421237261030595561404457652556624342041247576519769287756493517 28479438647874936655895223249762521000973542728239780597406207097595783226695
18563082192965773500892482503251898905386888129629829321211909928956126654057 87346627313144796813302003960518170181272653562303983137656490270927953081400
58661618171374025800139244061641062412692444483201724977758285937122595111899 80658735141615934405971815812525337979678967440241115506251894967386848751715
11295986064862712469546372195970179149590341939070016387370250733094718379259 52847044031307828580224084792104905356152048208878749360510116351983609376051
88004366427700535945994290952955927170590357402787135363624061983913390190744 30412388810224966776933149154326248551521550689153516349030975747207989634407
71075300863335983102615366883394024853649840723627516108423423970248572961659 98646916675903265357901671827144286342259727839011128911046735164062626048003
66397456929784210469220260202548975211284569857806108871708241182502909308443 57377597592751659759412417898824916303146586151320820847200077241826129176078
95274719631668691730639073802334921847679534073037757915558690855933669422558 48748645111994779796457329544666073025064861243560626507230347906462281694901
12850709506477638951935321874503644190707287108824549328843144721241019837151 76229697325645846477570857965658306468540887050337317649319810656176881121694
105754814406528739166365205508392097376235623019487149774302717860248461963741 98170788758795346572818316478939796964424772178771651119214907972677622185529
47270816043972958908058024667458704490109363804231015778963032618600384826385 7102308501861403098197658061150682849762028178109400523550212894311474353987
5220569862949630107827703853315539347897179088918718737432259175586637285771 104647714509747311688125659606331199478365603064125374369613172540326985829654
93365764151717473459316828566608650814932576610665447832051503360695755793611 34313808168822181059261235243793776360985373205045921675059903127707340678594
73280435298934173877461846431536498446401409272300951039795023003471966099911 71716056182582061253374076477003328374830041371295639341471849866483165432939
70609056257806991683922589730659490075492061883154789161948280747175933470694 58045044978899340817847597276352155192400667017241908213150795574827722540257
73928092274771458471818630229490365835059532272670089073033280871132189944615 27565442905279500446800121366822704090250008357966153697195820136913784264423
12361923573117913253549613639103936960098903651142168301180902268880463411754 1466679204802150637538552628362328269235972679163167974379913850446518581343
73696090821403438605222121859115867767919348534078578715334007151290382857672 55479314623296408630428457507377077287364138019156583143067606490534698857913
103400682625062627467456936949940142811547485570208560197067661726217607413981 61916060671807363902095245708219704238722070563004772247169888374981159933146
9295798750450686349832744222054784161691255304901394521589437193540421054167 12726325077716845444441094369723825027670830950694793541193064069669589774554
58468049423076179929582631727971197935207726566965168489926492371612310802227 47192319376059048693361518079845973124488124804089433575655783851312342146061
75787439752004493949679754556552503408500035634513950868145820303992355880105 27110833341257748472666520136968851146204483477793374059752812270133923321487
10985282063766272456025069424466774499402856962202258590921266505854111585288 110995088889495007602752110255883626034159561703033641860839752279251966489720
8658515909739507197175223012631106257608143322947147926165700362443392491968 99499051697126292220313692084825185758303043999614092659801058979534890612826
106085642923011980544347424154488481037708122923735827673930933891170241872496 83402452194468573397363940551713549185545791698450237820669167630691290181511
10567439444995312305889924733790201723046363276532469178706926947216259251328 30795450892028078680836722790584100273932041298620593745973412779109743623857
65612753842321856530131174865315127757697558292469795255204651778735788441172 112173284356423712995032295589951682182127312988137450547438214337916060273497
91496439031149290785809580047232754398507117642992177255759730415150476217662 14661048814242718708669182084711731394591763406300194729028261170439836826629
30607139557386177394321883757357130619726841980091330921905371456298830386868 11116169535859946453362001303257601557363929145158609620583946592742773166695
34346443372257802456792839581256812391796463081117623822453371659502886171155 95720691889514489051902046349875605186884001403083786334120593970584486120419
100891844024368153574862037562099812177651740902219218108618325800666047134523 79019987135071092847904938908854707619240602864352273114182800647127537099400
68244160581948645663419247647428619235121528084935785031055682382568135905175 50517644721666741578450991032622834525936226901171145596367068704722503162164
9034321408139097298636662002232122304801111158663857244395997241553431613252 100424334187664242334404244067731741064631808121879263482047780713946239007423
5184582440487192426396914940091468666226816712428645132081588766331339638565 43879487099337778318088180464614025472009913020159213578429686372571914952277
41137796884759187246768420348057960734554486374718555767321995699618336199050 34475262002785366769864259367571480327585012252118786131182924177837894076245
33629474007939626933034671614337020241583321680168354477359692026058298909217 23191819465431004816273791633963823378455446612802982552790910530078029778765
114039548127988458706048390344962619162460201050919891729256018782847109756151 84600472003470212946373510822113287628700021496610435771868539310787856763998
86432135350634734461310571574969966936951067930875495710332013003068860779612 110098654571622040667754366218584659138873603053231587402868095419690045354133
24375571466993544159944928838005084448077601912970295804866114067604751544185 35894051103101622909274604769152724953078435139387672606168516027706895537333
991044070252953361584345900307822869667971689841228928079175653888374040688 35999070430188250204435229838436614069087634777099908581638722610409079723874
37406944384764526425951044813801451449511660206032564546718019496693971622975 95808679150345064320215331058523565539511784356187325502107592208490426427038
113372818579012202222467233874232306305916607500314912371375215857949395814477 85637464133070942461190304794072585264661350021994364187419427316182085871593
94098023762563736238502211484693883665520888589771270777612283302390495778285 37842986699451938112480843543622301027585743903733491255707664876434626606811
44503570055394074786248666268678708754222584097995012713331232780634396531688 12720410691973853061420038384031942482513825195042334732092619492916147455455
13627887915953695049115984100696258015481264541949710464505796861870565570551 16146510950881706286874418301081182210821750205697008373484439293675580376339
21836779667276191007365180115355073500434214485150479851044266238858451711995 33558944681642248999832363174056166003736528515364251625451291309915240410249
59141635192853812092581277652129956675670667726057269573884303795116601658808 91343974066352638835541655853174363247864254858780341930116558208571699868786
1813070843589032633179820298787560570465970259536762569021778147600049990269 51458590259064223736587594375962885544696736652987706932505176571848604054608
299726657877830335610278854748154028574329017387676237851896491455486794225 63699051302892660114593307382686001560770766989528176824301163057298312415337
32293107463902621485394868550664852642659769750841636635503668958574163514151 84308776394419437635835747394260023512884345895324084936070713138507820413238
47954504819295195976902320535486022366000517665169363257221880326781114774783 115237420841065913523610662426730653113276633516073070563292000777583348433399
21945552196303713583770941209552823107927663788970711744717795693478608168672 103023310549641807123407247199555609139131888447490846364820641565579269130739
111096649980594808432584620551178096944269834666573146172717597883548650215790 109283316540935447508217288724470560281509892635793804210298427828985943415270
76511899616032704211618136580029709053851483739794154441388217233182016820585 7405682073573052558488117770786947889767275821622502365491893305140321956866
16546772116769239243697852857494646510705034605180169285435261523072045656701 88279663487991618285794518324740151091787935463233745021959156070436515462796
56732814806226869177738493277903381347182745987534984458067939006989356806495 54037184493234684190184836189933700777954539025669464974048257668848846205160
138413241796868890339689501511625224020047072352768858976744449410283330656 6585592480005590788719698131050567940898920455316002727882232245973745759656
35056407511833071417788450072424372848135682968021995605222351279624661323673 76580802565593851040475802426377849612475357801024321302043742870103427778297
97470951785922644244141794130946568221406144529641173905877134041358348971321 7614451075797620636156173051557834989233158927676337939785823669351629185790
113040075921516123056046946360030159375749048474048524677720344544860972724550 63051605822654657414792456928772323625267221057983178282227064228723018730300
107382892411322436192306255883134981658495954925990609797055120350695699016777 105235358707349505512656613271122736046536253289409586961355039569652770152617
113450964203230744678189196384765322714674653482279245633960591453450176023146 111460900332049495781463817160201426612525027714893365216198800311725711542939
113873779681199982545975947259826430000948044620782383715185905556522839986227 84634416337633484859742528396047619287656437218659509640721624975386825872685
6696369225139919806517981308769039352686460878780187452069956279112111706628 110499220490346636174822706257579537482035774581186463315836022134813311833492
57848768350202574284608731995753957885319564310226393579706055674395683147228 61689585283847038828848960560458687940693707608096780743319108988408028613095
23819021198510979951748160308387217123072330568664741970499985973829651389480 42840241697629246970506928791571215876688989880821816508147258596396148157109
74827296770690019021129559232391214669987630818205258240061700698442151081542 102273845416012919493463153860677479294013395943308831784683517698613646235880
75928562533677450124242097345319508686153487108937855686820216296699315619433 37841415183514949237467304684128824427406379377151921996714091976892367869714
48208143042402511778502484699019852756921398340402482088919816553116388455091 86733498351990996743709593520008869036126260347434598554858599481231901165868
6363328709846761234416367519075527695958861541072604789624342224829285683545 90031713476573959004583314144132154987373382765222405177861203279390220421497
40823711494852193849788204263690697736138633708386322760123887135000564477289 11428190130097871212051287697304217469000282743701989134660634230333241404378
106973778017863365550299425804108869599956892059985710184258404437025568816398 111348921347744555606028527311149637855147401562290410631775396298002465931030
33971845018679816081821803910372089243542867579554373013292361549454268992892 106520178807658859629659487435831294445928483059797349814199970909546416295223
114129360753097469075695227819357719255607686552744868157518017604450381690544 27361177071161042207072423788350871756626080187722390426821660609891468722876
48729713213768341249771019338768413370360379094411400922254938096896038625487 30440856588312212972416251522114645929458254549743280344503215535683723015834
64812990881016390132465475866736044575885193903331307306461400975663705148998 59889862372075851589085325436676433598464673854715521511637442628008806082513
65335276801958435893347309095542112895237261263435699491258318295339658538264 62537348970139896123781871590257363664697622620348945043073968637205547677964
59354979678778472336157912941342530823049056412535090044593688848720001006962 103118888198110926915546153756016964858646269970654743740218353761580874837213
99612898427893482460466509529752388506166458958659496651430303357692870528062 78698694786925242514082359633705654847526621687707003877507970121189901268326
70892395500530136122852450259410802740788787802365355711895611080553490010489 81234550570266547059413259786032328474847345333272187792278034983797525499468
39340823580309901001117660451781573132657664904369730153681308691835993033405 85177028762932730703292877780864623103867106296441659942633830880012629469402
47687639743835633004267710846202476866283678143188634568474873419206889232191 33379857724617557721622378950436368836499222296579477581010345718906561747381
25627789529616825328239926610314235391346083507263991424819286337841669428019 4083254593782768233256317792356092664358523180216485350892562179284134947875
27117608516915654144247985037390071585630751970944496396721831614176220934956 73334695385851495431826438421539088364913454665772601264009124814610561220922
62617868786272067118099415131446667216012364790682663397080763413016096360813 71520434301978319519503372000581573284153435867390442514597368839586451566626
93705298799333135363399533229799181417651500382179728341663312991635278774890 53897537822973826032997199947274000141620087698240338437978442527156099943565
34890061578048996812665473357972520834900974733883806469407812339106884513395 4095023542754399455605153766340083255352179735966791742901868170343994343225
100172339583657449958464139612842987263242834926420164300295404312925853409594 114934231688751645664725243086205718922955704313663471236497472396768646040125
94602265719553106993157795233327988759972121260109534091953133222554949442708 11431335515031117283045815388407427794957526287051276397464429130266182894847
14718341491704390725578455401093035233904794150521654594707146910459303269380 72953814295673896894463281760959413082216035247624441650682491637918720938195
91015006506021630327449764107333666473834761973101736889373207896808908675211 44406327231135220701401717864745654374328508704911803046177567191049019630008
94325357260870760949466358345557111563542398640915224846626534522689777100998 111074992914806506414669891028728860557500931737898594913035622413298546291469
115481247850788815314524489724914455760066783854453133624268251638906872051405 91353259176872720674728686102676784655537522674022252778691748378023753299324
62275775319350136679095073981155839552350528064306683512931766157934754732657 100633572784616595669621546548956941850850289062669743528426353115000321675716
110299979321082687565717416563787669128825542720538251613587952019786076893631 98253081871620879776644051362085550443062543368626904186936405947888091097669
112179907540274298245310720745330143162442621383073037493426457160817603318705 113392342183885085382967981285564600927843523898557904808106907089736113958895
1892665035305011377956605462397600363804745833509319337519957334497230946639 24095155545605991490289168671416381668717136146769234996798577409629672546672
11728456918988732019152042276451282174898183980451893657620496623530895753082 52128234130711488945697139005555315748869083879548778224590038604806815734410
71964363946954169438359012217478642867170463105924216079717488270684767317280 52339391317775342614463348647471045546563861690263131176278848962542365524005
69600266685290745554380078822836564824892087617248293000890761590485571098902 83974742563967188993068181262746143169233921153214673267966032476459644544516
74718045277775316557164830257426242595342513726781715133091128682556411392780 11774983972350179761714793078837291194826676404382367350840200420967342170333
113568263652690541625402409620566683892330706816653434619105890279400774770663 101988913318953179009538093349795396122174647197389061108273590423118135873266
21865956848842868919967844406703491338741122821592996819404221597227998642167 69624220313674055259098550191422502016547030736766674905397482857714175522646
94833521054475222005326908593264244512644440110783972395285398157474551640482 43099243695070681885761161343235334023726653744011730276750213871852719881160
23580723987791537325076776580220478975451161238650067520442278734978215004224 34593403861248910973366198378778677784169900690775405609849606620975801676555
16209745759930414235776050254222247587733731367613100521266661738959447285898 50884492427251413387930975498719759606887995250333100852193364067382607591682
78327080629922448800869952527956252620748394554994746744627886336553870633909 107138415328433654486227903459933660612148016483134125452510142728767906876833
68689952137984977072852785376374639953165242738433940673532797859577523433287 40547591109779927183097659443514453617936887350429241089166899492047998706900
16216652987535315296635530775664195902850025166594499624962916775448292944158 31692971557890862645302706287902811051383067364550627328515652481985609841850
72556678492759497302936196115184135023464633792271539043387567805250617594045 31637425881268988061691006612387563754514564254302840737101574109747185981044
3840773443716882709686310873008333277593524857181712132596181649308593429187 31248360273371365223401540490215020296273550628339442718591800509023328668607
16843993246212347902439170385771499168180704641196017653597833006241728823492 840655744101089485591851945946363474977569476791103716774858553387615992961
106239972589252561931495113047168756374713722182634182253692946312031384913923 73932215378033387239403392746482018147622652371197791764210616750722291321011
91575034057911585366464242615304579918317893671730143474823926888141553745065 111884542744956881994446676375209079331852286181698804709662466648403212869275
78296118228721520089130826891807431242399111394210975483475744019337191076156 49150220531378374074452700993302551399918619291111331119117268728665099366712
51057793338854118970305933355179363546090633836219360014085426844939016190444 90318732654684992768789791579378107920094224885207688432726266068307623850299
44264035769889225745486018760294642056473436950755586737551023827033346626933 81025613902805518515252931616765502459648071825526757614269902187468915423689
41186474551284982347027158785738749720714680412210942108302224064739057757835 96863618607355249948216848137818293459539451388118007668539482480687727808000
90563939146283636881153623282985181349924630462912106222409699500587580091222 63922401785759035915498154160110122214734811899963839111012626819011772698792
97717323651284309828275282434402502411162114142838063969393823722097141675552 49381126479787336237352071378104607467680480425269056186023217121104512979935
100266861103652393978058931228024166185493553180011818895120266922088436587382 81740482245659760925943599570607621015013711999659146396223382156508434660721
46123061114162665765068216657751817678071552614902302647671352317994465841114 68690876921502835719198656951481371551307458016703948979838718285482909235289
70162951353472850820921475972292284963454240035663812871253253227897304910909 79766112267851299851335174883370547819484508298201962101684320980026027516207
29386090237793229666877620789487559710843509464036989647550231124440761050022 43970586332742317480687196974266390529396030717968339557584724105852920280360
14763796529537611160563067211040249527913448029560869798043898680405049162023 57821486192703780215905507480364847531666259133991865046113364871674980435718
97169995191178920931032826218146222969106772552834439221425280032965084493993 63700298320188054014410671394115222003508780007440498806551017572646171478358
54913838675852154533495933069758929951307447295545420750505903759988570561933 3016521314748247318022951204549652576528582484039249569779040706342398380834
5885253352090047095354306442046355323644791833004974714240404919257922157492 85548256332751364260654251789645582931951713151884379778515463390796117382618
97268888633618758586896149535147988829623822035113479453125535361579386864211 75127674854216682977376312454579376626130755962962911132170740464378141260604
56827996855963808399129898533215834369455161507610474523785246956111213467001 52890524524021178978900412586013585156562747569635347985934805370817392696286
74711848076304807165503763715192951528545247865701192659628542698412829327315 35627595315163370161830312355468724788734214640397738480892562440368703661174
47164224483710646165952824139960477609339014471308919924260941848687593547778 16830102653058442509130539202590350972105457823981930112396050960865784171019
17814475239687561340181327710720227437645740406695664136392239681084013090233 25170317873359626080899166713666660076207920472695665568217001489539191152280
66996928119641372826648308247550427422906299087192448064103313956594269480404 18926219630190574629358728497097422854339345101099298141657295192247013921662
111250390356737355379262750154298390459416503992001869016915348945560520465031 47607226982751889331069831405765458989352641703405415137451735549497345030743
74048646084280370767658863152904680174237091449115457120170768449000699391979 23461325071784641680846585940492176689279915590938109168127599145336438472351
77380056992683752886112509438533247063886309089655253875552777510850014748414 82771863390788558682881596655627986649952397020151582099766194785434679147899
92407584121567115370438373012136877557870898936110527701037810473174420494964 15250936077653127064296395194313281679095742011641990367529767816912730684347
92711110525417847080586928870114664346560538663911217914338133405697207674315 7154329513277112845611630490335362453996272403117951760663822538671485925265
16118561463354237465198417009278288403609208185996653841594911947906741924966 43751575792349977856486577095842709661347390496331982246337815634742114056205
52877574663436582734312132647549961760448518899071626689331224430161162855192 105432026087656914493146547956128463348565809293012147852630820804679648822533
10444725297733183258818506807059840695607715910949329515640909416716166128313 84386014803545238698558975883577091024747288601221652330538416977700349780185
20160828332399903111631339233934526014719954001685265633092713458688818406552 2311989403050378232587802125034495463372842644128043903580733215668292749584
43344183999503070046543023060753777173533189338289357981342804999909114148578 63886992358868001208678245667000149546382042140989610911477517049354331017608
86737751155490942323440513414916811902928353443633056354260606829998521055210 64478589254114904023982781007642453353805336092545579825395611544209591523547
32838542750363584667793800768193305308416193204753728605091778253293724335120 53028696711581358432441736178714411014880474415890854764848546892355706103930
98473089636609747963313138357699154938900020736588117134107117058748471237184 31213083631185082976780394012230403613851496890748252651113256611797260802299
31506412502858773323937631028649662566185936616782992411766383790854353351819 55555044315594783641819673340692693247042047029635584390420255859889751154198
109574691341523363046773608799921887572239612078305498185994809911770062872516 16834938960049550113517522597764275013038662203125363978485426399941602710843
43844829376234744402783115797651047677705093698478778678774829018368383958053 100222126189808725233207892564909583036750723107847060383731548595194715164987
44094021563770019872707065653623324596550826426966943865581210066759747211727 115536222128422558635212646027048221223183823293660706043742561084261154342220
7719006731088075338225836835330667847723539419403071386558613054649597908472 65651289348931618877220410825009801992522553410467910469846390911785863059987
7548208804717618616331147437284998634182258877990080755626830111578335080465 65469294016356883520651629756762694922028826839918250206843487573456159953254
95979804817918600936471662877399802660750326164475395867076419332107810460937 86449985350916243853549369446256998399679782663713388969617872579826210092793
23034965185412967156903884356199227502813983227242218306372657457854867673674 89380707600261025156663073378868924205818479659180987651673067776425751599094
105279855934455349197137484430968978754472487504441652531543263642797570640259 99369207404079524352808156216768813740382065881067694631116987281654412320134
79974224867593243900766011576955731110606931760645502922612218390111943497906 52986389329488222171393020751324124875864687060248644092474950579949924900580
46327134547463772679237244126461532113124353370979986983777907395355863677905 33667507598338583737483810242669984248299596080750388873549216921735430358987
22135932698155016571579060835354942007437277474783816153232016023605794929728 7153938004729514953484752424827231958472216483034202126285079035173679229703
95889957010695586043368094106229528017654115239242660479710769210172225688936 17886681699951928875373364853146258306038902706697225867779068782428971552179
22818662133761027354236749106375558772702789027414793985025472007550698483788 72108425555496334869310340612714971203162562972452701384969033992543617518999
52097188301092310836250569542773489236618005969822097025004163802447520982861 30384956662819575624257923990725363483662143497985020814130046993137124518428
98700191693956993373906957818640493447141655907001795714511902975561292517364 86186035857043854678122498690095681730392001167906814917084327409590768795147
83878427187495271029248615476052012192781861117871225268867224346389836185972 42920820924891372108589047648297389500405917780302935261395084627097110353291
9640902777340074096416787796399725757857876017410842715576480837009445378590 10583001679719674998730843396105936029672746583659914003061188319132721151847
19324451284182992276316111637776677764303408680929007754405405675536656705021 108902665883287067772586145273127803609734455472195466896738215646119929189208
34644442296921654217133799968530287494903907094032024511698074421110371301434 39120561409378301553029726758065898755901042877952475935655419194243464061220
49959559351020270802418479207518607239954609370426923211753293920676854130455 49375457738364202197631573427639742508873978749969391531825023523987408481893
59649985509638619840609256232260719713173573705769654030274412293161765297331 79448602394036448366862044983417406184407201964755268960219674525078582209947
107354380502990399294538959511423288627914876743176551883567813481213587295245 13048103974394297819989840490833516883111073400082399849408507053278496145220
88772171699727954815570735580213820897319306244616862414299069923269251495872 100030441910351772213382773341578677118494514403716656205677269171651116163585
25054645376693991295775444937417806791049247219966103072063074630304266668636 56217633518865121844168379979857504319142898679971448110363988872107453195010
102259984481543690470933986385514151897585841994519729128933346129124908168384 58177445440808032703291251174356843056745489764152473802746346059347441431504
60682068518072299717583133930982112780910550691829664580197949741778321535282 47160521940381088748418931196858517288060393734260046040090919903263073453811
3418229643098424454758340900475911328562833771720669440990886491769197844394 79025423856371145746880894154918860152802203364100771945365283761091009206250
83021113128379333511449964142985444118384267305950435095687957550050917072213 31956054466094972284010382814968084910634312226814007231700017521900771909236
102916376675962343403266424081707636763523391552585736339155764309530833691691 97110705625580293718447493914665316116383874474637932747661409453352651258690
87584716531793357005386865673811783025734593394159925538193338350617197684236 105183735222930849146795894487904614979233104426902900589787807916743762224789
45369502566541534061340477893796872692193686941850630561483399366679788234617 36508883392760270250766708382472111108139382108330802969722202928549134540783
27337576416206415628014068498857508323680855320993660744420287111184386896375 8665109836124415299419496614622968221678510721119252580454140574909932397949
95665486565782668018929095794159487225146539957882737357281254074406323836998 97843274350658969459461354755310005976297370308934166536133173268060749669294
18246551519533003259837508683544041767530141924855767638359774362857295264914 24528976425575495761922560237014159516526858189420413037415379177605727447537
24171863174863262845688739365465162544686295808383832704829660885364031931722 95595775843321769258084137246489815903658808161407899483402452019809099470641
112385315733949074803196385944484257125079153849669826453351275961472382262525 10752371909034020461462856923798292637103331125902798127906694173966303277329
105949972024307892041752817124269868164964451637921751228412243838754320876378 105100546870807124162782813546920561587295192473767928846064935979486780443126
36694078708031835057780750825431037711905686323802691452041792414892787103083 80986285322143220167851622991771140957004463579264142882327690493375788915267
6262100466547426954649230122180953095651314674988995554913960712481112659201 31122274626807849952560883108616849359172801539635671553432676805850179662943
87627831550135561188279802314042106962389198930885844649153407361092634498356 75252414949035169209861377566271802862155171514703932453490974720978433969307
43315500068244781173444345757526854659252099398070214985343312764181974661876 68794100804330001876749849541889150955081344644704222690612958562450305971988
91030500734707259940973429695109908076689172003042310936760668360487248638178 11965961688011948937679428723063735152554839669695300325874985962699205152289
22854922517444993777874594004151297015224497426111374274035568509750302889174 45187008798273638673963373057284063744510397427173119439449452609664323565635
17520176439825847394068522330516535848104452994591742322055626203731309635468 80885186842812912545039705365685022361626672487170025375479642703056812401368
13737414386773513330643690202714554857666727416989498967115989512185980284918 84217747031086287521895335398269434493020804737058122551829404757393939057790
93290097106343321933412675506864726653296045862716922082519502756196252869201 35071403906945940406797782705808376850833646680808784057766522941616393011496
77107903103328141949130056315248674033819533371493982799740599341680250373096 98850592106829466974794356471273656666610015778280156782682948175470751715399
28579429459323348606259683945406214816261460091255293770443154052766552349037 6270316746040351560666860130434944882069086727742419665607397720457472119496
6959980693176624876195328921254925460818674464580640715078457216677555604234 62082718499850604677225811789426818523955755199993885758679952625230331449415
22931030503075936177845655474089206075732338969501345344259244147397202869111 26474739804532308224771357816463674238441769105466894354927262646939276072895
36659344809484878611071733801031094152814069237356026211837918465825290381183 46157855773132573150176457240913303168510752308479425479157431145267387185132
643505307158798623239371163990127395374644968994159267218991790962924249090 51156687907365062092924535666742464385865266502176499580188246699842816676917
23904100592730910665062445490046662483067425038533718579098481772530857544283 55271085775389043001704633440143048429583752210367987269912137307128078080835
90497638234942883903555166010803506245952859346502551530682764228739362294308 55817125593833474211629552254420533685323730069928610283067463265518487059220
2188012819575172412744412816753097192675765410635772309878084697791063348111 51410045835371461310824776285084294514098773866388131580944780907397836150771
43198450635184425304530921907708049391183108801112419818985790529144661004829 39984642294436793912639247720038389715841118172172704668996399153611786399325
102694768411280005830997359267138502953185772514643327625055721582208641829650 96589222018108597767496042629873551743705876478539076650233118569552699851003
98523497235331019878520681474521246978892654267668164606286823800501550646855 112629004850501473271896869221273821881251428083588738210138188774972686937786
755315599887030501654661093105116684080621785748684041677334980641708802161 9982896073558159037950798099843441156968027932515689628800060278400039111322
30867871917483942350511859787068856600153992066149737629133570379830904273568 83612200600326604445787659945346614272905742280931757810780591889178121211369
66762837137443667555365882011029463995191133454838814137951563824778194264851 98158191273698587750647962659019367313918490871990654164347628858903044905465
32426861867446160204788574463359330460769172389644492612455310934658572125853 42762856891808880694436779785011495232326737730429709755482633206535790059882
107358592292566186450408555277456815050108143472931437150834239091253213908551 80356835988140623146040715505580937109114961577570039452068987336039265829510
70785326446011722414231511328006650671783348677587409821901898310667344412879 213242499846244163545270292094932274442093776750659491047457294852106781358
61138369239274786798752361051272085582857752458767412979593704033054719349892 89107187811763041576324452818650168211984324284657186369053845889051619808539
30129192625134292613674147722863285516276259835432157921297217245956658110491 56319842022046307719854075188581422042992774458702603780489311638343212602614
15370043608349998137649112042054584917640791996507178667785608019201490804102 53753266534753640107934764369423286411467912608117386649127166166731848627929
36342052550326729192252759150482682768272282680945876069868118636931449170532 34243100099328539481437333264782522209986932013467744404098273181417428114959
49125907545707362390193454075982962476761289359529502205420049052441001487252 94021999798379845472227131585085636195553220923957335455734966392256109169872
13625300887622086354770098439354110471742591711086683318512555973379526498472 1528713195364897159045790063320151463326079777352688508673917452630611814211
79770310036565912296031369699386089800280621214616446833583838862753539798545 21764554074108655379148357398002462610471535377568490105620010604843241928836
19616363380355947883572541791629586417536006874788168131045881439074175175088 98461664567994439098894428202146779263445242018083230196393377847201119845515
26055749465465593359561416314087038244520822293644149588455745370832096775558 9571263874033295419784954023243944962713780120005482408328900225306246244404
89039884090730071540654476718489149307851876106556784212124581047124949561378 11219463030520960654036487345639166348590489930232242302607560387633741366483
34835826439356778435600691611136837469726558169321648946831310937265851178980 18715341062430890069806472334701147171889305721897108250742634069919807776706
46642356729208791340270992166197904839589765810040343142682865988102765220077 74255728276974765625963455763324580348602376528366035367807400789995017321202
28154042214511337180549925328150355201158367966317009088429364679876477394615 85515867744130316836533025615290375492261521831872337446333816362228425683857
11419315391410719300248980746935497071081013054193314225683047051839855456550 110047622729851983215862618059928500262505760196780363812056439286366139433126
27856243226991518316803297219551019443394034950415789878660019882176794374952 87210555473875856184974654958690195836138506973744772555404937097024301249381
34245701589368168645506048508333463338025196658518520127336995842909754645821 38650544106709907331970219287332006152019208342416237988087955953130642349768
8690536368032805450295087115489273276751860787815803028152950689735811180617 90869011836074395668516748373299182619600750080789451884656121618314668320072
21299121135601816370273721395384826969828803988939359647639842736196391173729 51479932389100509353464217646169849943996308595659653818183868207781652736639
14223542171813820353473187157340762827424597579285369090387282153225797861622 4531249068709477613185164105669741036354237152756954144434674493737552368539
88183488139038301953864437920679926097768923873989993915526793856446145919912 76360124612295240410767513427975140419273333584225795358093906006510640705997
31337029536625695076758732241624856741384167393027535703449813673789991363748 46627485950212907058168072836908414926383623099518288282804862293171231510381
62756618116953751749166280535696985087234944095319566668982850148764740156570 69654027941714320032930391559851476918429782940868376612371937250000873862577
72553101694537406264774265492090860145868364830744846636182544218479900264745 3631791273691647636070997969157226736325042135591139427861030607723136282170
92386499797521836952159037164936386744033563501348713298550000771985132919226 74504237566476325545469167798509457207444124379683638647802736098052111096531
33834201512911359515272917702367682526875035065568913349263421041742547861354 81256238363421868235002485691360572484796208482132027521492733257574433336603
109571127530985390404246603385282905009655643091671911132311900625226066660798 1480790935445212817672797357393403275318154593203360961105998277370156844112
79533293587858235043103885710941164525973375696219956541655787235216760182245 47484538145148452501562856882146752977480721460696958753248837931491751787989
39737932645720767670440255412682888589375101622830913547260052735488650399532 3279853660381249678576013458140606022945544660329627970111141106965495483926
106200715137344246951768269870083324216711786732373576205386801847164249036065 54397468499972750028589968179447851043247568611718816433986316052768836467081
96368770856088622550165977697666447312937181401314445850704574571669902628483 63200412866961718775322688571825711389595543468437435500577775593255895844496
23544078939909006645424253122653677914060801621709507259338828858025225210424 106059860132460151544637849443994655066187488914769091198877864898148233574045
76945304632001424467687167397976945171858289562406070389419795479726548131134 49246958342145376930717778851834057490687844500498738530284406531007238969128
10697973160220547280516054610911046416504326809199058814961630096806393970362 93523088239823942735290649474748068561539102095282254094762877228186914085118
23838555652690531564057549099232815406300804421556692604046930127167127891128 33199362949957288807215688096931089305226788278772630641730471428027733519494
10660563219065466426291830921218099633477916798470380904353002417278942680837 4935482932408778866422615920625008348375673008235297359865814484465350466949
91439572164808663473486551180106667620545571150293523449591082212787407508492 84117795792314180729754884707149707195721098876288917022327163924129214541136
91760961857051913691603469774577483719233759206375295256129286861033545347245 94412995605621438115846166926280511544401566298447658326636027519843286097151
33799999131658046915068662726778849100217187772786428882216269837409974841485 12882515058087810447814752977683607502012742357576600515560813854821152108717
38733448344488142019002177568049274528089754063260369572446829107324081225254 101405065381753723800619104680472507467073147505263524088899024360898275760204
