DONE data/p_2p256.txt sz=1 range=[0,512) n=512 zero=0 0.0s
HIT 2 9240633 141 6345680386616419225
HIT 2 15532089 237 9387654661946630674
HIT 2 18219065 278 4629035181175404616
HIT 2 31064121 474 14426346514388337117
HIT 2 15532173 237 2557286531386016196
HIT 2 18219149 278 9835173109990837362
HIT 2 31064205 474 599353090366264576
HIT 2 18219245 278 4738878844329917251
HIT 2 31064301 474 6626051454222423880
HIT 2 31064342 474 13459772940942707458
DONE data/p_2p256.txt sz=2 range=[0,512) n=130560 zero=0 0.1s
HIT 3 605594255416 141 6345680386616419225
HIT 3 1017911115832 237 9387654661946630674
HIT 3 1194004774968 278 4629035181175404616
HIT 3 2035818364984 474 14426346514388337117
HIT 3 1017916489783 237 7971989327778798988
HIT 3 1194010148919 278 9584104616086912088
HIT 3 2035823738935 474 4240121411560486730
HIT 3 1017916489784 237 12861615576028367279
HIT 3 1194010148920 278 14699923080178900530
HIT 3 2035823738936 474 7049526066979234499
HIT 3 1194016440375 278 17652528212199604856
HIT 3 2035830030391 474 10030324208243241972
HIT 3 2035832717367 474 17293215784016323803
HIT 3 1194016440376 278 17204557055822864927
HIT 3 2035830030392 474 13673826919524106412
HIT 3 2035832717368 474 6741633344811730271
HIT 3 1017916358713 237 14841177543076472578
HIT 3 1194010017849 278 2115371389108424497
HIT 3 2035823607865 474 18122099370756148408
HIT 3 614189498425 143 6345680386616419225
HIT 3 1017916424249 237 5682044654633604203
HIT 3 1194010083385 278 16880248396480141122
HIT 3 2035823673401 474 11627346916915612127
HIT 3 1009326555193 235 7876137595920736494
HIT 3 1013621522489 236 1511351681899650846
HIT 3 1017916489785 237 648496976235413766
HIT 3 1026506424377 239 12859351243745258045
HIT 3 1185420214329 276 15030971283953904273
HIT 3 1194010148921 278 13672814399446928538
HIT 3 1198305116217 279 1720421590641104767
HIT 3 1202600083513 280 2121076246906881608
HIT 3 2027233804345 472 16624503017312763436
HIT 3 2035823738937 474 13873918987867157915
HIT 3 2040118706233 475 12062956650866771159
HIT 3 2044413673529 476 16025471778931240614
HIT 3 1017916620857 237 14809267788407943646
HIT 3 1194010279993 278 7923050230728520884
HIT 3 2035823870009 474 9637425780747758080
HIT 3 1017916489787 237 5590548144619413845
HIT 3 1194010148923 278 16405520317141680600
HIT 3 2035823738939 474 4593090833386074044
HIT 3 1194016440379 278 13089493391978695938
HIT 3 2035830030395 474 4233057213258251260
HIT 3 1194016309305 278 14554070665865241745
HIT 3 2035829899321 474 3453821392829780104
HIT 3 1026512650297 239 9387654661946630674
HIT 3 1194016374841 278 3004668134322370858
HIT 3 2035829964857 474 16672292466520245703
HIT 3 1185426505785 276 9290700570484107426
HIT 3 1194016440377 278 4548413924278380345
HIT 3 1198311407673 279 15970587723302994145
HIT 3 1202606374969 280 16523704209348607681
HIT 3 2027240095801 472 5053805841855949120
HIT 3 2035830030393 474 5006035541440260249
HIT 3 2040124997689 475 14638787720690933802
HIT 3 2044419964985 476 5747966370823873969
HIT 3 1194016571449 278 4986559570047966437
HIT 3 2035830161465 474 9155463384996680404
HIT 3 2035832717371 474 2590158083698356548
HIT 3 2035832586297 474 8085647360678718552
HIT 3 2027242782777 472 12951041291864970526
HIT 3 2035832717369 474 5439863456293104787
HIT 3 2040127684665 475 5772325106256410737
HIT 3 2044422651961 476 4899955155564370480
HIT 3 1202609127481 280 4629035181175404616
HIT 3 2035832782905 474 7443179790649264134
HIT 3 2035832848441 474 9941805447723278114
HIT 3 2044435562553 476 14426346514388337117
HIT 3 1017916620940 237 2557286531386016196
HIT 3 1194010280076 278 9835173109990837362
HIT 3 2035823870092 474 599353090366264576
HIT 3 1194016440459 278 12640807518418121081
HIT 3 2035830030475 474 4230661113787517445
HIT 3 2035832717451 474 10582324990428018178
HIT 3 1194016440460 278 14319217447617535925
HIT 3 2035830030476 474 17114668128922567982
HIT 3 1194016440463 278 14306834243504792190
HIT 3 2035830030479 474 9767431744149301732
HIT 3 2035832717452 474 2333984659756558456
HIT 3 2035832717455 474 18092873489710479212
HIT 3 1194016309389 278 4254520020344053892
HIT 3 2035829899405 474 16335348063909427723
HIT 3 1026512650381 239 2557286531386016196
HIT 3 1194016374925 278 12145958138393659666
HIT 3 2035829964941 474 7039926277061137246
HIT 3 1185426505869 276 885034508197911715
HIT 3 1194016440461 278 10113165509316639883
HIT 3 1198311407757 279 16903590065099287566
HIT 3 1202606375053 280 8952263784560613599
HIT 3 2027240095885 472 12722365805033979287
HIT 3 2035830030477 474 16201402420013492070
HIT 3 2040124997773 475 2010415473831470251
HIT 3 2044419965069 476 474770906021547693
HIT 3 1194016571533 278 959517761136783623
HIT 3 2035830161549 474 2668642859579740727
HIT 3 2035832586381 474 11855216371440007028
HIT 3 2027242782861 472 4864049979168435579
HIT 3 2035832717453 474 18376576476193377034
HIT 3 2040127684749 475 11375815121908625893
HIT 3 2044422652045 476 17405972100893256848
HIT 3 1202609127565 280 9835173109990837362
HIT 3 2035832782989 474 14787483748631983344
HIT 3 2035832848525 474 4271525499266435283
HIT 3 2044435562637 476 599353090366264576
HIT 3 2035832717547 474 11174041508648772692
HIT 3 1194016571628 278 4738878844329917251
HIT 3 2035830161644 474 6626051454222423880
HIT 3 2035832717551 474 5969490860183777475
HIT 3 2035832586477 474 11516156749849165853
HIT 3 2027242782957 472 995680182929725671
HIT 3 2035832717549 474 7930271083733230102
HIT 3 2040127684845 475 18442898325932405224
HIT 3 2044422652141 476 9547576793151525237
HIT 3 1202609127661 280 4738878844329917251
HIT 3 2035832783085 474 13896170197114643462
HIT 3 2035832848621 474 14832209078778811440
HIT 3 2035832717548 474 1167904472880662019
HIT 3 2044435562733 476 6626051454222423880
HIT 3 2044435562774 476 13459772940942707458
HIT 3 2035832848663 474 13459772940942707458
DONE data/p_2p256.txt sz=3 range=[0,512) n=22108160 zero=0 3.1s
