DONE data/p_a55.txt sz=1 range=[0,512) n=512 zero=0 0.0s
HIT 2 7143440 109 18085104110460362196
HIT 2 7733264 118 10274636505525447107
HIT 2 10878992 166 14469706853079344946
HIT 2 27721744 423 636102409134385323
HIT 2 7733357 118 14759371706743653340
HIT 2 10879085 166 5924163289582765380
HIT 2 27721837 423 8854953652164557701
HIT 2 10879094 166 11831764427992587049
HIT 2 27721846 423 16934520275386274562
HIT 2 27721894 423 16744992213674370017
DONE data/p_a55.txt sz=2 range=[0,512) n=130560 zero=0 0.0s
HIT 3 506813284366 118 18282029423199884502
HIT 3 712971714574 166 11215699058142009743
HIT 3 1816778309646 423 17026235552667462923
HIT 3 712972304398 166 17570704782679149058
HIT 3 1816778899470 423 15560408431232440079
HIT 3 1816782045198 423 13408291453215730123
HIT 3 468152614929 109 18085104110460362196
HIT 3 506807320593 118 10274636505525447107
HIT 3 712965750801 166 14469706853079344946
HIT 3 1816772345873 423 636102409134385323
HIT 3 506813153296 118 11944140500512958593
HIT 3 712971583504 166 12732275131901676464
HIT 3 1816778178576 423 7814674759015392569
HIT 3 476748447760 111 18085104110460362196
HIT 3 506813218832 118 12192057170858668138
HIT 3 712971649040 166 8606954514260935350
HIT 3 1816778244112 423 7384730908297932543
HIT 3 498223349776 116 9467366765137441762
HIT 3 506813284368 118 949399234137733464
HIT 3 511108251664 119 14004708109289780979
HIT 3 515403218960 120 18164919102300971553
HIT 3 704381779984 164 17011052823013664708
HIT 3 712971714576 166 16085649289704966662
HIT 3 717266681872 167 7480968744006682304
HIT 3 721561649168 168 9611395298728833514
HIT 3 1808188375056 421 5766111244008204466
HIT 3 1812483342352 422 10458856784608327192
HIT 3 1816778309648 423 17368410979664519145
HIT 3 1825368244240 425 4151809335075107048
HIT 3 506813415440 118 9309814078024074705
HIT 3 712971845648 166 3542254557884462810
HIT 3 1816778440720 423 12357009317056170015
HIT 3 506813284370 118 4399542862730702112
HIT 3 712972173328 166 9027652680665800468
HIT 3 712971714578 166 8245864382864259069
HIT 3 1816778309650 423 4815931683185738577
HIT 3 1816778768400 423 12649072602650537174
HIT 3 704382369808 164 7209239736749172
HIT 3 712972304400 166 12409922618658333818
HIT 3 717267271696 167 12695047378923663568
HIT 3 721562238992 168 11133085551047530240
HIT 3 1808188964880 421 317596833058043962
HIT 3 1812483932176 422 3235876084709766360
HIT 3 1816778899472 423 15429172204195274237
HIT 3 1825368834064 425 9155630076628568267
HIT 3 515403874320 120 10274636505525447107
HIT 3 712972369936 166 5921195263708479922
HIT 3 1816778965008 423 16736179004929808713
HIT 3 712972435472 166 16933966906774085473
HIT 3 712972304402 166 5881883405782475121
HIT 3 1816779030544 423 6617579658092952228
HIT 3 1816778899474 423 8065603175786423747
HIT 3 1816782045202 423 11140464432354363428
HIT 3 1816781914128 423 11429012869170548403
HIT 3 1808192110608 421 4822106593941104773
HIT 3 1812487077904 422 16119860656055973799
HIT 3 1816782045200 423 15641646288776409288
HIT 3 1825371979792 425 10153453803642246818
HIT 3 721565450256 168 14469706853079344946
HIT 3 1816782110736 423 4285008276561184022
HIT 3 1816782176272 423 4626334733989555122
HIT 3 506813284369 118 8962647421819785798
HIT 3 712971714577 166 4786531020300532805
HIT 3 1816778309649 423 11984906290350512612
HIT 3 712972304401 166 17783352158918236687
HIT 3 1816778899473 423 8151119838827387276
HIT 3 1816782045201 423 8313432777668683124
HIT 3 1825388757008 425 636102409134385323
HIT 3 712972304491 166 15247671388720725149
HIT 3 1816778899563 423 9376598288342465274
HIT 3 1816782045291 423 16529172458204431672
HIT 3 506813415532 118 14759371706743653340
HIT 3 712971845740 166 5924163289582765380
HIT 3 1816778440812 423 8854953652164557701
HIT 3 712972304492 166 3585432075665732497
HIT 3 1816778899564 423 16098236765766012948
HIT 3 712972173421 166 8433869966932661539
HIT 3 1816778768493 423 1409735991548359910
HIT 3 704382369901 164 10966360141853263333
HIT 3 712972304493 166 1342499750693291897
HIT 3 717267271789 167 3501310456905405656
HIT 3 721562239085 168 15226405562869908601
HIT 3 1808188964973 421 1972109336461721081
HIT 3 1812483932269 422 15680747370387999697
HIT 3 1816778899565 423 13691181640481652404
HIT 3 1825368834157 425 13110319698116714958
HIT 3 515403874413 120 14759371706743653340
HIT 3 712972370029 166 475587986932037823
HIT 3 1816778965101 423 16589847232208206435
HIT 3 712972435565 166 1250060818354539545
HIT 3 1816779030637 423 6805318567262593038
HIT 3 1816782045292 423 3002665013908349112
HIT 3 1816781914221 423 4022751675611533886
HIT 3 1808192110701 421 4282215248377752583
HIT 3 1812487077997 422 2431573365431909630
HIT 3 1816782045293 423 15700617469089273612
HIT 3 1825371979885 425 1375493867970263719
HIT 3 721565450349 168 5924163289582765380
HIT 3 1816782110829 423 2387845252865970041
HIT 3 1816782176365 423 6848565491176303043
HIT 3 712972304495 166 15544203870035899359
HIT 3 1816778899567 423 11790915209179891044
HIT 3 1816782045295 423 4478652824485813828
HIT 3 1825388757101 425 8854953652164557701
HIT 3 1816782045300 423 11195549750323507160
HIT 3 712972435575 166 11831764427992587049
HIT 3 1816779030647 423 16934520275386274562
HIT 3 1816782045303 423 8667192559893140957
HIT 3 1816781914230 423 4032775671976764399
HIT 3 1808192110710 421 13013101614025721028
HIT 3 1812487078006 422 5108977079402205645
HIT 3 1816782045302 423 12308264155074653599
HIT 3 1825371979894 425 11321517790589971291
HIT 3 721565450358 168 11831764427992587049
HIT 3 1816782110838 423 7532910991332859171
HIT 3 1816782176374 423 12520921315204967831
HIT 3 1816782045304 423 9543286985821857336
HIT 3 1825388757110 425 16934520275386274562
HIT 3 1816782176423 423 16744992213674370017
HIT 3 1825388757158 425 16744992213674370017
DONE data/p_a55.txt sz=3 range=[0,512) n=22108160 zero=0 2.9s
