DONE data/p_a01.txt sz=1 range=[0,512) n=512 zero=0 0.0s
HIT 2 8781911 134 4474732124262933791
HIT 2 12779607 195 12803332895288753697
HIT 2 14483543 221 11112941526478255174
HIT 2 15007831 229 2214632862376344808
HIT 2 12779654 195 4133659867894178619
HIT 2 14483590 221 6562194030458681714
HIT 2 15007878 229 2290911358669205185
HIT 2 14483651 221 3562183021368925590
HIT 2 15007939 229 12031270851413799365
HIT 2 15007965 229 1103461649926475849
DONE data/p_a01.txt sz=2 range=[0,512) n=130560 zero=0 0.0s
HIT 3 575531450454 134 4474732124262933791
HIT 3 837524455510 195 12803332895288753697
HIT 3 949193605206 221 11112941526478255174
HIT 3 983553343574 229 2214632862376344808
HIT 3 837527404629 195 17667266075066789271
HIT 3 949196554325 221 18028883578442643429
HIT 3 983556292693 229 17907336954730615862
HIT 3 837527404630 195 606754945889327732
HIT 3 949196554326 221 16266026765225507234
HIT 3 983556292694 229 14459016022692542751
HIT 3 949200552021 221 8313950921468161171
HIT 3 983560290389 229 13421971179744443109
HIT 3 983561994325 229 4790315342785038597
HIT 3 837527273559 195 6070901103727372100
HIT 3 949196423255 221 7852966886848858634
HIT 3 983556161623 229 13793974536904728022
HIT 3 828937470039 193 13645789953517713391
HIT 3 833232437335 194 17021676640338462401
HIT 3 837527404631 195 17445187469151391341
HIT 3 846117339223 197 12866782396224842669
HIT 3 940606619735 219 7397145009844574156
HIT 3 944901587031 220 1600066602940536398
HIT 3 949196554327 221 17806657334718262423
HIT 3 957786488919 223 5149420031707016777
HIT 3 974966358103 227 7785946343074983373
HIT 3 979261325399 228 4116207206944694807
HIT 3 983556292695 229 16948669106373830484
HIT 3 992146227287 231 2040591136372365836
HIT 3 584124399703 136 4474732124262933791
HIT 3 837527470167 195 12528021271285744331
HIT 3 949196619863 221 4224741020458023980
HIT 3 983556358231 229 10439537909678593019
HIT 3 837527535703 195 1509466110326055898
HIT 3 949196685399 221 4180869873087083975
HIT 3 983556423767 229 4785818742730621904
HIT 3 949200552022 221 9126593122387937357
HIT 3 983560290390 229 12039421136332982081
HIT 3 983561994326 229 11905323492292319987
HIT 3 949200420951 221 6982501930845509595
HIT 3 983560159319 229 2197745050077711196
HIT 3 846121271383 197 12803332895288753697
HIT 3 949200486487 221 3996725429349212212
HIT 3 983560224855 229 7579972015942798367
HIT 3 940610617431 219 9984187296308171425
HIT 3 944905584727 220 2471156326296638294
HIT 3 949200552023 221 15148033363473300219
HIT 3 957790486615 223 8123195245872937047
HIT 3 974970355799 227 5742414499918387821
HIT 3 979265323095 228 16838894603573847910
HIT 3 983560290391 229 16523553275245348872
HIT 3 992150224983 231 13929920606020535665
HIT 3 949200683095 221 8363604377019460544
HIT 3 983560421463 229 6443615235935291057
HIT 3 983561863255 229 14996121570442407979
HIT 3 957792125015 223 11112941526478255174
HIT 3 983561928791 229 869222779745188052
HIT 3 974972059735 227 16392994348558509750
HIT 3 979267027031 228 1698827858302206856
HIT 3 983561994327 229 17953185736220920828
HIT 3 992151928919 231 257212928518517733
HIT 3 983562125399 229 5306300940416806843
HIT 3 992152387671 231 2214632862376344808
HIT 3 837527404633 195 8985506189742895468
HIT 3 949196554329 221 2304948979514822880
HIT 3 983556292697 229 8452278034479449243
HIT 3 949200552025 221 188964422909698714
HIT 3 983560290393 229 17672128268489977135
HIT 3 983561994329 229 10397095072939759483
HIT 3 949200552068 221 17068343388525174554
HIT 3 983560290436 229 5802909934713803959
HIT 3 983561994372 229 14440091983015394768
HIT 3 949200420998 221 5897766482551436152
HIT 3 983560159366 229 15455294808952597947
HIT 3 846121271430 197 4133659867894178619
HIT 3 949200486534 221 476255771218909436
HIT 3 983560224902 229 5737278892678341437
HIT 3 940610617478 219 7798077885141064033
HIT 3 944905584774 220 16000320844457851740
HIT 3 949200552070 221 15919109151602951178
HIT 3 957790486662 223 17335228759862233885
HIT 3 974970355846 227 7346397806731813918
HIT 3 979265323142 228 16140865285825504474
HIT 3 983560290438 229 8052090746822962981
HIT 3 992150225030 231 3505254964715440999
HIT 3 949200683142 221 4822012987655890082
HIT 3 983560421510 229 8180639673386794699
HIT 3 983561863302 229 14965381432638986737
HIT 3 957792125062 223 6562194030458681714
HIT 3 983561928838 229 9485748365761451294
HIT 3 974972059782 227 13898222649365841784
HIT 3 979267027078 228 8361800793713233595
HIT 3 983561994374 229 6138063164414366707
HIT 3 992151928966 231 16767720231480723269
HIT 3 837527535751 195 4133659867894178619
HIT 3 949196685447 221 6562194030458681714
HIT 3 983556423815 229 2290911358669205185
HIT 3 983562125446 229 4303366396990305706
HIT 3 992152387718 231 2290911358669205185
HIT 3 949200552072 221 11568966225457724161
HIT 3 983560290440 229 9382602702472368952
HIT 3 983561994376 229 16987080535266920472
HIT 3 949200552071 221 5937499568769637227
HIT 3 983560290439 229 16357004991033496520
HIT 3 983561994375 229 3355946039175035959
HIT 3 949200683202 221 3562183021368925590
HIT 3 983560421570 229 12031270851413799365
HIT 3 983561994433 229 11368917579344816547
HIT 3 983561994434 229 553226524840341486
HIT 3 983561863363 229 5260155059261923657
HIT 3 957792125123 223 3562183021368925590
HIT 3 983561928899 229 6792841109488722764
HIT 3 974972059843 227 14926980432270661855
HIT 3 979267027139 228 12090436546458006057
HIT 3 983561994435 229 18033540996092787634
HIT 3 992151929027 231 18383874479993236553
HIT 3 983562125507 229 1640257969538197164
HIT 3 992152387779 231 12031270851413799365
HIT 3 983561994437 229 3935364148570459160
HIT 3 992152387805 231 1103461649926475849
HIT 3 983562125532 229 1103461649926475849
DONE data/p_a01.txt sz=3 range=[0,512) n=22108160 zero=0 3.0s
