DONE data/p_c0.txt sz=1 range=[0,512) n=512 zero=0 0.0s
HIT 2 3801122 58 4722034597980576887
HIT 2 22151202 338 1116345277794906142
HIT 2 24248354 370 9907128754655115313
HIT 2 29884450 456 6459531621448589443
HIT 2 22151226 338 7419539603963673261
HIT 2 24248378 370 6440757323371165445
HIT 2 29884474 456 9045214924114211453
HIT 2 24248658 370 16551412887873772478
HIT 2 29884754 456 11805612633151504304
HIT 2 29884786 456 5448082803524851568
DONE data/p_c0.txt sz=2 range=[0,512) n=130560 zero=0 0.0s
HIT 3 1451702747168 338 8013499767549792013
HIT 3 1589141700640 370 10157510640235497894
HIT 3 1958508888096 456 886922224767724979
HIT 3 1451702616098 338 3872644976040109411
HIT 3 1589141569570 370 1959605662683446767
HIT 3 1958508757026 456 4301930727056838843
HIT 3 1443112812578 336 15804408496617362548
HIT 3 1451702747170 338 4406477051456808325
HIT 3 1455997714466 339 8184257234531811082
HIT 3 1460292681762 340 9596138082684668763
HIT 3 1580551766050 368 14869961134560193041
HIT 3 1589141700642 370 12972624508249421614
HIT 3 1593436667938 371 2826051548806530450
HIT 3 1597731635234 372 9563027350180778726
HIT 3 1949918953506 454 10025360875711440802
HIT 3 1958508888098 456 13582858048551490047
HIT 3 1962803855394 457 9297590915994744783
HIT 3 1967098822690 458 9273772925714037496
HIT 3 257701904418 60 4722034597980576887
HIT 3 1451702812706 338 17531791030616254857
HIT 3 1589141766178 370 3894511255430638816
HIT 3 1958508953634 456 9010648094583222852
HIT 3 1451702878242 338 10185646871950630189
HIT 3 1589141831714 370 17792328408801722769
HIT 3 1958509019170 456 16095528432035416091
HIT 3 249110462499 58 4722034597980576887
HIT 3 1451701305379 338 1116345277794906142
HIT 3 1589140258851 370 9907128754655115313
HIT 3 1958507446307 456 6459531621448589443
HIT 3 1451702747171 338 529404422425427221
HIT 3 1589141700643 370 4069952158194992117
HIT 3 1958508888099 456 230736591431983369
HIT 3 1451702747172 338 13135827094100508433
HIT 3 1589141700644 370 15441046700222822823
HIT 3 1958508888100 456 4681541565625440807
HIT 3 1589160050720 370 10204741627853975018
HIT 3 1958527238176 456 18195977837786978515
HIT 3 1589159919650 370 588252978947507679
HIT 3 1958527107106 456 17385241326688215515
HIT 3 1580570116130 368 3704054722907668658
HIT 3 1589160050722 370 10407305753923364363
HIT 3 1593455018018 371 10568845675283759453
HIT 3 1597749985314 372 13919243933523071992
HIT 3 1949937303586 454 4771364153465722419
HIT 3 1958527238178 456 8355238827524581461
HIT 3 1962822205474 457 7155951531969071659
HIT 3 1967117172770 458 8369333966786732550
HIT 3 1460311097378 340 1116345277794906142
HIT 3 1589160116258 370 5762035871646156127
HIT 3 1958527303714 456 2505118830326942509
HIT 3 1589160181794 370 5246533290647511770
HIT 3 1958527369250 456 11946978632623395125
HIT 3 1958529335328 456 14849650096941336865
HIT 3 1958529204258 456 1144092646040104028
HIT 3 1949939400738 454 15391332642107942909
HIT 3 1958529335330 456 3449940787462846103
HIT 3 1962824302626 457 8218855444004428137
HIT 3 1967119269922 458 2048497960812860375
HIT 3 1597752148002 372 9907128754655115313
HIT 3 1958529400866 456 18016011385648273950
HIT 3 1958529466402 456 7845683940344819589
HIT 3 1967124971554 458 6459531621448589443
HIT 3 1589160050723 370 6627579796231062857
HIT 3 1958527238179 456 12472159540993173377
HIT 3 1958529335331 456 1514335624149363926
HIT 3 1589160050724 370 5191002414761909911
HIT 3 1958527238180 456 5589337547025781283
HIT 3 1958529335332 456 14361867037987302152
HIT 3 1589160050744 370 3514043685054984735
HIT 3 1958527238200 456 17074362998318810329
HIT 3 1958529335352 456 6755944794617723060
HIT 3 1451702878267 338 7419539603963673261
HIT 3 1589141831739 370 6440757323371165445
HIT 3 1958509019195 456 9045214924114211453
HIT 3 1589159919674 370 4764251968975529488
HIT 3 1958527107130 456 10660403978059988289
HIT 3 1580570116154 368 3003643326919040059
HIT 3 1589160050746 370 11583499484743070846
HIT 3 1593455018042 371 2999125145830680326
HIT 3 1597749985338 372 6910199940880826372
HIT 3 1949937303610 454 1890997767314456919
HIT 3 1958527238202 456 715531988537042116
HIT 3 1962822205498 457 2008970424909332656
HIT 3 1967117172794 458 10667259737533993790
HIT 3 1460311097402 340 7419539603963673261
HIT 3 1589160116282 370 4033553687874477335
HIT 3 1958527303738 456 10492603345175953813
HIT 3 1589160181818 370 15916258281277549837
HIT 3 1958527369274 456 1482296219407453859
HIT 3 1958529204282 456 701969545773342343
HIT 3 1949939400762 454 10488638949752253632
HIT 3 1958529335354 456 6142797014448887523
HIT 3 1962824302650 457 17188433633873895548
HIT 3 1967119269946 458 16839726624394924707
HIT 3 1597752148026 372 6440757323371165445
HIT 3 1958529400890 456 14249388159996565247
HIT 3 1958529466426 456 14419807821481780674
HIT 3 1589160050747 370 4346729578689708586
HIT 3 1958527238203 456 3042479384626374528
HIT 3 1958529335355 456 15491880819050864339
HIT 3 1967124971578 458 9045214924114211453
HIT 3 1589160050748 370 18372516333964346780
HIT 3 1958527238204 456 10408617759675076601
HIT 3 1958529335356 456 67990983060659365
HIT 3 1958529335632 456 17310207928014894811
HIT 3 1589160182099 370 16551412887873772478
HIT 3 1958527369555 456 11805612633151504304
HIT 3 1958529335635 456 5949156002206386600
HIT 3 1958529335636 456 4926310774867120831
HIT 3 1958529204562 456 13020457388774600131
HIT 3 1949939401042 454 8214355303199347846
HIT 3 1958529335634 456 15107832077282177905
HIT 3 1962824302930 457 4859808028827994248
HIT 3 1967119270226 458 18076182361742979012
HIT 3 1597752148306 372 16551412887873772478
HIT 3 1958529401170 456 10878804904077318048
HIT 3 1958529466706 456 18416105515543931782
HIT 3 1967124971858 458 11805612633151504304
HIT 3 1958529466739 456 5448082803524851568
HIT 3 1967124971890 458 5448082803524851568
DONE data/p_c0.txt sz=3 range=[0,512) n=22108160 zero=0 2.5s
