DONE data/p_d1e76.txt sz=1 range=[0,512) n=512 zero=0 0.0s
HIT 2 10289305 157 14937064922775731721
HIT 2 12058777 184 2102179214215859935
HIT 2 27328665 417 3644816368135229908
HIT 2 29687961 453 5556597716449390111
HIT 2 12058781 184 15530323807601625464
HIT 2 27328669 417 4552592580400090075
HIT 2 29687965 453 2640311622366468876
HIT 2 27328696 417 17098443793987638949
HIT 2 29687992 453 3590428544585675334
HIT 2 29688225 453 16077859660460854767
DONE data/p_d1e76.txt sz=2 range=[0,512) n=130560 zero=0 0.0s
HIT 3 790284271767 184 982269452078960716
HIT 3 1791011651735 417 15135251215383909523
HIT 3 1945630474391 453 14828058648194379845
HIT 3 1791013421207 417 297464824452677075
HIT 3 1945632243863 453 13720948840328651491
HIT 3 682909892760 159 14937064922775731721
HIT 3 790284075160 184 12009592636161234536
HIT 3 1791011455128 417 3498810554749243108
HIT 3 1945630277784 453 2082627981080335588
HIT 3 674320023704 157 14937064922775731721
HIT 3 790284140696 184 2102179214215859935
HIT 3 1791011520664 417 3644816368135229908
HIT 3 1945630343320 453 5556597716449390111
HIT 3 790284271768 184 13138328260905137984
HIT 3 1791011651736 417 13737034623517697667
HIT 3 1945630474392 453 8360111893333251269
HIT 3 790284402840 184 1678009840484626078
HIT 3 1791011782808 417 2168533478250454708
HIT 3 1945630605464 453 15937827674562868711
HIT 3 790284140697 184 13138328260905137984
HIT 3 1791011520665 417 13737034623517697667
HIT 3 1945630343321 453 8360111893333251269
HIT 3 682910023833 159 14937064922775731721
HIT 3 790284206233 184 12009592636161234536
HIT 3 1791011586201 417 3498810554749243108
HIT 3 1945630408857 453 2082627981080335588
HIT 3 781694337177 182 7924041380210354212
HIT 3 790284271769 184 3241451679952654150
HIT 3 794579239065 185 7942138784673864016
HIT 3 798874206361 186 6426492089227198081
HIT 3 1782421717145 415 9653388454062297151
HIT 3 1786716684441 416 16907767665403003943
HIT 3 1791011651737 417 9212112090860701930
HIT 3 1799601586329 419 5385138740562256481
HIT 3 1937040539801 451 1796982389758943065
HIT 3 1941335507097 452 10682626570527131837
HIT 3 1945630474393 453 14429333415145234430
HIT 3 1954220408985 455 4535661797646465440
HIT 3 790284402841 184 13192304028968523220
HIT 3 1791011782809 417 7778622400248682563
HIT 3 1945630605465 453 3219335976554885210
HIT 3 1791013290137 417 400585268744562330
HIT 3 1945632112793 453 4269535673574196900
HIT 3 1782423486617 415 7146738653832095238
HIT 3 1786718453913 416 8010586390843435932
HIT 3 1791013421209 417 15919880316994606278
HIT 3 1799603355801 419 6481256783116347539
HIT 3 1937042309273 451 15825777049420406527
HIT 3 1941337276569 452 14262617098147253850
HIT 3 1945632243865 453 7731491886191755937
HIT 3 1954222178457 455 8453912639915865541
HIT 3 798876041369 186 2102179214215859935
HIT 3 1791013486745 417 2601361378534625503
HIT 3 1945632309401 453 5515812136119199275
HIT 3 1791013552281 417 5335780218195603901
HIT 3 1945632374937 453 15660508287734603216
HIT 3 1791013421208 417 10035854766052054524
HIT 3 1945632243864 453 12185457553378527792
HIT 3 790284402842 184 14362727766216105886
HIT 3 1791011782810 417 14726942401983656376
HIT 3 1945630605466 453 14377909593031400862
HIT 3 1791013421210 417 9937777329228872137
HIT 3 1945632243866 453 1046115274907001494
HIT 3 1945647513751 453 6134228185120164690
HIT 3 790284271771 184 14362727766216105886
HIT 3 1791011651739 417 14726942401983656376
HIT 3 1945630474395 453 14377909593031400862
HIT 3 1945647382681 453 5114837203382622111
HIT 3 1799618560153 419 3644816368135229908
HIT 3 1945647448217 453 17190490203328099083
HIT 3 1937057579161 451 7465705157816062316
HIT 3 1941352546457 452 8596929779214709185
HIT 3 1945647513753 453 16198550698171465465
HIT 3 1954237448345 455 9756537835346731417
HIT 3 1945647644825 453 9710925798521030991
HIT 3 1954239742105 455 5556597716449390111
HIT 3 790284402844 184 15530323807601625464
HIT 3 1791011782812 417 4552592580400090075
HIT 3 1945630605468 453 2640311622366468876
HIT 3 1945647513752 453 5437762338805391123
HIT 3 1791013421211 417 7876393228036346133
HIT 3 1945632243867 453 136745536945135542
HIT 3 1791013421212 417 9694734761244521816
HIT 3 1945632243868 453 3895279532733812507
HIT 3 1791013290141 417 5895167039088938697
HIT 3 1945632112797 453 1388685148326867363
HIT 3 1782423486621 415 6584906852136745293
HIT 3 1786718453917 416 4521769649061885637
HIT 3 1791013421213 417 3747577353581054075
HIT 3 1799603355805 419 18045038970316967332
HIT 3 1937042309277 451 18398915627574137783
HIT 3 1941337276573 452 5225491407055736657
HIT 3 1945632243869 453 3247517675511249909
HIT 3 1954222178461 455 10332408832978546039
HIT 3 798876041373 186 15530323807601625464
HIT 3 1791013486749 417 3982856584104773649
HIT 3 1945632309405 453 14559531135787476696
HIT 3 1791013552285 417 4125014546128184633
HIT 3 1945632374941 453 13557242370587393454
HIT 3 1945647513754 453 2510804466030907966
HIT 3 1945647513756 453 17534264398344913691
HIT 3 1945647513755 453 14119975502532316728
HIT 3 1945647382685 453 409767939863515652
HIT 3 1799618560157 419 4552592580400090075
HIT 3 1945647448221 453 4766370192014103909
HIT 3 1937057579165 451 3022015184195766706
HIT 3 1941352546461 452 5334567240693721127
HIT 3 1945647513757 453 6281438137149918820
HIT 3 1954237448349 455 106456777725786679
HIT 3 1945647644829 453 16000220056871860556
HIT 3 1954239742109 455 2640311622366468876
HIT 3 1791013421215 417 8342568218086021926
HIT 3 1945632243871 453 172397985334483275
HIT 3 1945647513759 453 11340999633475106109
HIT 3 1791013552313 417 17098443793987638949
HIT 3 1945632374969 453 3590428544585675334
HIT 3 1945647513782 453 2660765920790458462
HIT 3 1945647382712 453 243530017380268709
HIT 3 1799618560184 419 17098443793987638949
HIT 3 1945647448248 453 18013897212114533500
HIT 3 1937057579192 451 4110255829132694399
HIT 3 1941352546488 452 6008259399773852337
HIT 3 1945647513784 453 2692540382106537439
HIT 3 1954237448376 455 11550663967584282868
HIT 3 1945647644856 453 13447375831334705482
HIT 3 1954239742136 455 3590428544585675334
HIT 3 1945647513785 453 13817586202684957439
HIT 3 1945647513786 453 3566749980391102683
HIT 3 1945647645088 453 16077859660460854767
HIT 3 1954239742369 455 16077859660460854767
DONE data/p_d1e76.txt sz=3 range=[0,512) n=22108160 zero=0 2.6s
