DONE data/p_inv3.txt sz=1 range=[0,512) n=512 zero=0 0.0s
HIT 2 1769476 27 7672852784550454206
HIT 2 5373956 82 5882462696607583716
HIT 2 23330820 356 14063149097891902990
HIT 2 28311556 432 4020333542159602596
HIT 2 5373979 82 13119913483513968759
HIT 2 23330843 356 4302488312443280620
HIT 2 28311579 432 7666545345819014630
HIT 2 23330898 356 7504012115350011725
HIT 2 28311634 432 13002785950885153273
HIT 2 28311908 432 7839761506534694239
DONE data/p_inv3.txt sz=2 range=[0,512) n=130560 zero=0 0.0s
HIT 3 352189087746 82 2080612418716905587
HIT 3 1529010126850 356 1384906527842445855
HIT 3 1855427641346 432 5638888088924266827
HIT 3 1529013731330 356 12405178581041218085
HIT 3 1855431245826 432 8290880835210138572
HIT 3 115964510213 27 7672852784550454206
HIT 3 352187711493 82 5882462696607583716
HIT 3 1529008750597 356 14063149097891902990
HIT 3 1855426265093 432 4020333542159602596
HIT 3 352189087749 82 2180350327472016719
HIT 3 352188956676 82 14948084271045661667
HIT 3 1529009995780 356 16006002263974785680
HIT 3 1855427510276 432 11471396049902651265
HIT 3 124555755524 29 7672852784550454206
HIT 3 352189022212 82 1380348336911142117
HIT 3 1529010061316 356 2164819535858728256
HIT 3 1855427575812 432 6610305389926272592
HIT 3 343599153156 80 16265430639025789536
HIT 3 352189087748 82 14995242290092965802
HIT 3 356484055044 83 1977887450745925690
HIT 3 360779022340 84 10560917865346284046
HIT 3 1520420192260 354 11466977660956131930
HIT 3 1529010126852 356 13344196023670928883
HIT 3 1533305094148 357 68666116008132803
HIT 3 1537600061444 358 7314431061416692577
HIT 3 1846837706756 430 14610944084999522432
HIT 3 1855427641348 432 1052413721776274050
HIT 3 1859722608644 433 6109574712019142028
HIT 3 1864017575940 434 666230337909350632
HIT 3 352189218820 82 11297671463418290641
HIT 3 1529010257924 356 4257032184686842788
HIT 3 1855427772420 432 13295711948608724535
HIT 3 1855449202690 432 15858056399537787823
HIT 3 1529010126853 356 18343876148409143212
HIT 3 1855427641349 432 8272688740257590192
HIT 3 1529013731333 356 12831375139957503269
HIT 3 1855431245829 432 16271151009678503985
HIT 3 352189087750 82 12705367395817657997
HIT 3 1529010126854 356 17681477413784279422
HIT 3 1855427641350 432 5772009045439380368
HIT 3 1529013600260 356 15284567381384638756
HIT 3 1855431114756 432 17762586845783665749
HIT 3 1520423796740 354 5676218718483217438
HIT 3 1529013731332 356 9569306282955824615
HIT 3 1533308698628 357 5916569524856320450
HIT 3 1537603665924 358 1114472290566421825
HIT 3 1846841311236 430 13965161809731240991
HIT 3 1855431245828 432 8491249979850362575
HIT 3 1859726213124 433 4427782156888564749
HIT 3 1864021180420 434 4115122045325773605
HIT 3 360782692356 84 5882462696607583716
HIT 3 1529013796868 356 16361705169018918020
HIT 3 1855431311364 432 4764981706033401980
HIT 3 1529013862404 356 13300004581054858759
HIT 3 1855431376900 432 3004531700618055461
HIT 3 1529013731334 356 3651636949068873221
HIT 3 1855431245830 432 8352527657702240544
HIT 3 1855449202693 432 10562075106972121700
HIT 3 1855449071620 432 6478384338450156657
HIT 3 1846859268100 430 4319079982909119347
HIT 3 1855449202692 432 975127789506376746
HIT 3 1859744169988 433 7768194536415767392
HIT 3 1864039137284 434 10283135957964633433
HIT 3 1537621688324 358 14063149097891902990
HIT 3 1855449268228 432 577544178060663690
HIT 3 1855449333764 432 7186174273151224944
HIT 3 1864044183556 434 4020333542159602596
HIT 3 1855449202694 432 413246317044648589
HIT 3 1529013731353 356 12491412636249400404
HIT 3 1855431245849 432 15107907821220347768
HIT 3 352189218842 82 13119913483513968759
HIT 3 1529010257946 356 4302488312443280620
HIT 3 1855427772442 432 7666545345819014630
HIT 3 1529013731354 356 18429641496952302136
HIT 3 1855431245850 432 15897060323930235615
HIT 3 1855449202713 432 3490516823422542638
HIT 3 1529013600283 356 10922754007126099502
HIT 3 1855431114779 432 13421464812382026434
HIT 3 1520423796763 354 14146600319028276163
HIT 3 1529013731355 356 8287454097152343927
HIT 3 1533308698651 357 4051006637287039346
HIT 3 1537603665947 358 9201758845438833480
HIT 3 1846841311259 430 5296601034129294290
HIT 3 1855431245851 432 12022809262339611449
HIT 3 1859726213147 433 7252846705099454989
HIT 3 1864021180443 434 3754666346063141445
HIT 3 360782692379 84 13119913483513968759
HIT 3 1529013796891 356 7250580578590939039
HIT 3 1855431311387 432 7469752330453794082
HIT 3 1529013862427 356 7768054320904163241
HIT 3 1855431376923 432 15996004502583919490
HIT 3 1855449202714 432 7525821155198315046
HIT 3 1855449071643 432 9882180818110905828
HIT 3 1846859268123 430 4865837894654704493
HIT 3 1855449202715 432 10796202419516549654
HIT 3 1859744170011 433 13858546415700546835
HIT 3 1864039137307 434 13902582366827544119
HIT 3 1537621688347 358 4302488312443280620
HIT 3 1855449268251 432 7011009126386713861
HIT 3 1855449333787 432 13319475326873097024
HIT 3 1864044183579 434 7666545345819014630
HIT 3 1529013731357 356 6657810574773272439
HIT 3 1855431245853 432 44875946158930438
HIT 3 1855449202717 432 2176038869692208989
HIT 3 1529013862483 356 7504012115350011725
HIT 3 1855431376979 432 13002785950885153273
HIT 3 1855449202768 432 9633358981350085692
HIT 3 1855449071698 432 16806996412173033852
HIT 3 1846859268178 430 11026725462779813758
HIT 3 1855449202770 432 2794387158291602742
HIT 3 1859744170066 433 16822884340494430631
HIT 3 1864039137362 434 16717833561285769938
HIT 3 1537621688402 358 7504012115350011725
HIT 3 1855449268306 432 15180589962459992802
HIT 3 1855449333842 432 10127072386539861937
HIT 3 1864044183634 434 13002785950885153273
HIT 3 1855449202771 432 18324694086878894130
HIT 3 1855449202772 432 2214884761288287275
HIT 3 1855449334117 432 7839761506534694239
HIT 3 1864044183908 434 7839761506534694239
DONE data/p_inv3.txt sz=3 range=[0,512) n=22108160 zero=0 2.5s
