DONE data/p_lam.txt sz=1 range=[0,512) n=512 zero=0 0.0s
HIT 2 20512916 313 12374736472790133611
HIT 2 24838292 379 9318697386230245870
HIT 2 30474388 465 4538255201752391837
HIT 2 32702612 499 17372352577873880262
HIT 2 24838457 379 2485563313997825685
HIT 2 30474553 465 16720451832819098235
HIT 2 32702777 499 10563076562262911580
HIT 2 30474619 465 15015722776099390639
HIT 2 32702843 499 16693762546033799886
HIT 2 32702929 499 3549476874350922991
DONE data/p_lam.txt sz=2 range=[0,512) n=130560 zero=0 0.0s
HIT 3 1627813118098 379 17315310438682660268
HIT 3 1997180305554 465 7334583178515541546
HIT 3 2143209193618 499 416858778020549410
HIT 3 1997184630930 465 15486790488001473987
HIT 3 2143213518994 499 402540728096235734
HIT 3 2143219155090 499 16612729270001203583
HIT 3 1344334594197 313 12374736472790133611
HIT 3 1627802435733 379 9318697386230245870
HIT 3 1997169623189 465 4538255201752391837
HIT 3 2143198511253 499 17372352577873880262
HIT 3 1627812987028 379 13705297598150628766
HIT 3 1997180174484 465 15081224351952195812
HIT 3 2143209062548 499 14105248234522709051
HIT 3 1352935145620 315 12374736472790133611
HIT 3 1627813052564 379 15652418652693749507
HIT 3 1997180240020 465 15296559688027720529
HIT 3 2143209128084 499 10277577808644109856
HIT 3 1619223183508 377 18196550360214229221
HIT 3 1623518150804 378 16838741527261181029
HIT 3 1627813118100 379 17479713888769239046
HIT 3 1636403052692 381 4572383481773996397
HIT 3 1988590370964 463 3088277198036786810
HIT 3 1992885338260 464 16972409367740583423
HIT 3 1997180305556 465 8970314006081062812
HIT 3 2005770240148 467 11386408391769682182
HIT 3 2134619259028 497 8160251654395293109
HIT 3 2138914226324 498 5333182474264727141
HIT 3 2143209193620 499 11083008992316862829
HIT 3 2151799128212 501 1789027732190150633
HIT 3 1627813249172 379 3663376533047279275
HIT 3 1997180436628 465 4264630787570454475
HIT 3 2143209324692 499 3988869296417115452
HIT 3 1997184499860 465 16858944069655152429
HIT 3 2143213387924 499 13997160243324029922
HIT 3 1636407312532 381 9318697386230245870
HIT 3 1997184565396 465 6098741993604746463
HIT 3 2143213453460 499 14249821885110685098
HIT 3 1988594696340 463 7703103802562466478
HIT 3 1992889663636 464 13417921535595062955
HIT 3 1997184630932 465 15905398050435716333
HIT 3 2005774565524 467 11980233441828912473
HIT 3 2134623584404 497 1578224675002493947
HIT 3 2138918551700 498 1430274423424789357
HIT 3 2143213518996 499 8545445508660621570
HIT 3 2151803453588 501 15413216863532617167
HIT 3 1997184762004 465 2261968019705053306
HIT 3 2143213650068 499 13665406663867552080
HIT 3 2143219024020 499 12736689640102051855
HIT 3 2005780136084 467 4538255201752391837
HIT 3 2143219089556 499 15199659528978188154
HIT 3 2134629220500 497 17294714270333396948
HIT 3 2138924187796 498 8067138362625326186
HIT 3 2143219155092 499 1217028793933647869
HIT 3 2151809089684 501 1673668268942152894
HIT 3 2143219286164 499 6909248620579369195
HIT 3 2151811252372 501 17372352577873880262
HIT 3 1627813118102 379 4213545360312468699
HIT 3 1997180305558 465 14293309673151165071
HIT 3 2143209193622 499 13153676515668730761
HIT 3 1627813118101 379 15021153550255706401
HIT 3 1997180305557 465 7072709725210253301
HIT 3 2143209193621 499 11144117221693864613
HIT 3 1997184630934 465 10293187320054439317
HIT 3 2143213518998 499 12078438944089758606
HIT 3 2143219155094 499 2003405197826775328
HIT 3 1997184630933 465 3789196084421793924
HIT 3 2143213518997 499 1528423700212159784
HIT 3 2143219155093 499 3669577214604376577
HIT 3 1997184631095 465 7389228400315029227
HIT 3 2143213519159 499 4049857152676844737
HIT 3 2143219155255 499 18259313200458179316
HIT 3 1627813249336 379 2485563313997825685
HIT 3 1997180436792 465 16720451832819098235
HIT 3 2143209324856 499 10563076562262911580
HIT 3 1997184631096 465 15001928818961751390
HIT 3 2143213519160 499 9883882714036284349
HIT 3 2143219155256 499 16115112457187444327
HIT 3 1997184500025 465 11803540889472196457
HIT 3 2143213388089 499 1571781610971128542
HIT 3 1636407312697 381 2485563313997825685
HIT 3 1997184565561 465 14885741916001700955
HIT 3 2143213453625 499 8482353366600042128
HIT 3 1988594696505 463 2317940894435445499
HIT 3 1992889663801 464 4030335173322659812
HIT 3 1997184631097 465 18113903595038264703
HIT 3 2005774565689 467 11511130330227462838
HIT 3 2134623584569 497 15319826223703520104
HIT 3 2138918551865 498 788809300031266111
HIT 3 2143213519161 499 5886268889650416970
HIT 3 2151803453753 501 18063534911602494884
HIT 3 1997184762169 465 3154972689055272175
HIT 3 2143213650233 499 1576543068320409708
HIT 3 2143219024185 499 8839002635347259979
HIT 3 2005780136249 467 16720451832819098235
HIT 3 2143219089721 499 6796246889984572611
HIT 3 2134629220665 497 8043845963563262137
HIT 3 2138924187961 498 9175413793776220895
HIT 3 2143219155257 499 14540107491383680061
HIT 3 2151809089849 501 3560149392695336525
HIT 3 2143219286329 499 6197703880804577498
HIT 3 2151811252537 501 10563076562262911580
HIT 3 1997184631099 465 4473905878641455145
HIT 3 2143213519163 499 18157359656907351991
HIT 3 2143219155259 499 3700370240785748101
HIT 3 1997184762234 465 15015722776099390639
HIT 3 2143213650298 499 16693762546033799886
HIT 3 2143219155322 499 5967145323225412359
HIT 3 2143219024251 499 11532890163788585434
HIT 3 2005780136315 467 15015722776099390639
HIT 3 2143219089787 499 17071318428748678107
HIT 3 2134629220731 497 9450827749418312186
HIT 3 2138924188027 498 14588973252196044268
HIT 3 2143219155323 499 16980741782646825967
HIT 3 2151809089915 501 584540939479048993
HIT 3 2143219286395 499 10701157365847109583
HIT 3 2151811252603 501 16693762546033799886
HIT 3 2143219155325 499 2329425107045145015
HIT 3 2143219155321 499 12005423352389916609
HIT 3 2143219286480 499 3549476874350922991
HIT 3 2151811252689 501 3549476874350922991
DONE data/p_lam.txt sz=3 range=[0,512) n=22108160 zero=0 3.0s
