DONE data/p_ones.txt sz=1 range=[0,512) n=512 zero=0 0.0s
HIT 2 5177403 79 135571452200982007
HIT 2 5636155 86 2101056633317979165
HIT 2 15401019 235 716365503620312054
HIT 2 24379451 372 10103537773102944735
HIT 2 5636175 86 3953068085892347845
HIT 2 15401039 235 16957215989298803863
HIT 2 24379471 372 12799486990697645636
HIT 2 15401046 235 15867546500792459279
HIT 2 24379478 372 9916594022305017636
HIT 2 24379627 372 11383902130262251383
DONE data/p_ones.txt sz=2 range=[0,512) n=130560 zero=0 0.0s
HIT 3 339306414138 79 135571452200982007
HIT 3 369371185210 86 2101056633317979165
HIT 3 1009321312314 235 716365503620312054
HIT 3 1597731831866 372 10103537773102944735
HIT 3 369372233787 86 8133237936296721058
HIT 3 369372364858 86 13871137247878421792
HIT 3 1009322360891 235 5103533591655105373
HIT 3 1597732880443 372 18422337479855133860
HIT 3 1009322491962 235 13032017251770686814
HIT 3 347897462843 81 135571452200982007
HIT 3 1597733011514 372 15308044689288377662
HIT 3 369372299323 86 15711209599186627200
HIT 3 1009322426427 235 12423299859297401572
HIT 3 1009322950714 235 4640572009324911463
HIT 3 369372364857 86 13071431428223732507
HIT 3 1597733470266 372 15608796135547695948
HIT 3 1009322491961 235 16149666063558007338
HIT 3 1597733011513 372 3462916041838559186
HIT 3 1597732945979 372 17130019932309719467
HIT 3 360782430267 84 10714004111126744635
HIT 3 369372364859 86 13872450050457271291
HIT 3 373667332155 87 5714571274108147232
HIT 3 377962299451 88 6325819552203680963
HIT 3 1000732557371 233 13613993394155128090
HIT 3 1005027524667 234 10341302561486662030
HIT 3 1009322491963 235 15686928672946200810
HIT 3 1017912426555 237 17145451841735507177
HIT 3 1589143076923 370 2992782076207701786
HIT 3 1597733011515 372 11118266813618808001
HIT 3 1602027978811 373 4583592324435591784
HIT 3 1606322946107 374 8375556567287689244
HIT 3 369372495931 86 16973656727682590758
HIT 3 1009322623035 235 8435412852192055599
HIT 3 1597733142587 372 12192344597578461709
HIT 3 1009322819643 235 10500910981320357479
HIT 3 1597733339195 372 16921834692789926562
HIT 3 1000733016123 233 16315704370041163341
HIT 3 1005027983419 234 8501488394337624089
HIT 3 1009322950715 235 14051424463100241625
HIT 3 1017912885307 237 4265870879554611308
HIT 3 1589143535675 370 14909954474545954531
HIT 3 1597733470267 372 6932557739799073859
HIT 3 1602028437563 373 2610493920690019417
HIT 3 1606323404859 374 8316912429525963128
HIT 3 377962823739 88 2101056633317979165
HIT 3 1009323016251 235 4698558056193750720
HIT 3 1597733535803 372 14103976289397026013
HIT 3 1009322950713 235 7086774557009821643
HIT 3 1597733470265 372 12741774493284140201
HIT 3 1009323081787 235 13869461665139715522
HIT 3 1597733601339 372 2396560375989548947
HIT 3 1597743235130 372 16170007174177751155
HIT 3 1597743235129 372 8805367821881434836
HIT 3 1597743104059 372 4179332178190571582
HIT 3 1017922584635 237 716365503620312054
HIT 3 1597743169595 372 14577866088760787096
HIT 3 1589153300539 370 17500321681985477240
HIT 3 1597743235131 372 3192678035181738310
HIT 3 1602038202427 373 4120757636237870440
HIT 3 1606333169723 374 14841047472001562756
HIT 3 1597743366203 372 10872827216248638114
HIT 3 1606342213691 374 10103537773102944735
HIT 3 369372364861 86 13228748314395900225
HIT 3 1009322491965 235 588608408382125100
HIT 3 1597733011517 372 7930502141820548986
HIT 3 1009322950717 235 8959658272162624610
HIT 3 1597733470269 372 18104451374488905784
HIT 3 1597743235133 372 13896558891869174176
HIT 3 1009322950733 235 11672880308294574304
HIT 3 1597733470285 372 11468113770261131027
HIT 3 369372495950 86 3953068085892347845
HIT 3 1009322623054 235 16957215989298803863
HIT 3 1597733142606 372 12799486990697645636
HIT 3 1009322950734 235 6653211535191003707
HIT 3 1597733470286 372 13681887418750716792
HIT 3 1597743235149 372 11749060088644351868
HIT 3 1009322819663 235 15596779061036632891
HIT 3 1597733339215 372 12894163108709443174
HIT 3 1000733016143 233 7967018239904661413
HIT 3 1005027983439 234 860543221157116034
HIT 3 1009322950735 235 16859792197111452349
HIT 3 1017912885327 237 15686722683261582563
HIT 3 1589143535695 370 15455766354643178778
HIT 3 1597733470287 372 13637904627392318051
HIT 3 1602028437583 373 4352806391713082128
HIT 3 1606323404879 374 14103905296961066508
HIT 3 377962823759 88 3953068085892347845
HIT 3 1009323016271 235 7350644916861957042
HIT 3 1597733535823 372 1331024157051107409
HIT 3 1009323081807 235 268622886972462453
HIT 3 1597733601359 372 3243803039161171063
HIT 3 1009322950737 235 9878493042845765775
HIT 3 1597733470289 372 17424593835259618520
HIT 3 1597743235150 372 9335621663227627399
HIT 3 1597743104079 372 12913242086872336648
HIT 3 1017922584655 237 16957215989298803863
HIT 3 1597743169615 372 16576160285847744201
HIT 3 1589153300559 370 9203016770763423219
HIT 3 1597743235151 372 11202557761254844988
HIT 3 1602038202447 373 14330324536103652332
HIT 3 1606333169743 374 8669804181530234879
HIT 3 1597743366223 372 6402205384973773699
HIT 3 1597743235153 372 4705097393936026491
HIT 3 1606342213711 374 12799486990697645636
HIT 3 1597743235156 372 9830404942635261197
HIT 3 1009323081815 235 15867546500792459279
HIT 3 1597733601367 372 9916594022305017636
HIT 3 1597743104086 372 16573868745444984196
HIT 3 1017922584662 237 15867546500792459279
HIT 3 1597743169622 372 11753965474375474848
HIT 3 1589153300566 370 13549594693243179851
HIT 3 1597743235158 372 14148503696319751592
HIT 3 1602038202454 373 1213549432807810629
HIT 3 1606333169750 374 18113200530127708324
HIT 3 1597743366230 372 8270134803488529230
HIT 3 1606342213718 374 9916594022305017636
HIT 3 1597743235159 372 8427137774998922983
HIT 3 1597743235160 372 7553258045152752701
HIT 3 1597743366378 372 11383902130262251383
HIT 3 1606342213867 374 11383902130262251383
DONE data/p_ones.txt sz=3 range=[0,512) n=22108160 zero=0 2.7s
