HIT 5 987135005640 229 5716864331903218228
HIT 5 1038674613192 241 2122203247800641046
HIT 5 1077329318856 250 5103252465768991780
HIT 5 1038943048648 241 14948760580099995115
HIT 5 1077597754312 250 12011274849228311084
HIT 5 1077799080904 250 16642813103944306641
HIT 5 1038943114184 241 13519371495371510101
HIT 5 1077597819848 250 14485471607564201308
HIT 5 1077799146440 250 113784959288549962
HIT 5 1077800195016 250 13391564108541496537
HIT 5 1038926337224 241 13240648307848244700
HIT 5 1077581042888 250 3708551840486201095
HIT 5 1034648147144 240 18311782191580545680
HIT 5 1038943114440 241 6263180406697774684
HIT 5 1073302852808 249 5949429049239631738
HIT 5 1077597820104 250 14407728239014285310
HIT 5 1077782369480 250 3080534199226594601
HIT 5 1073504179400 249 11870935460231344309
HIT 5 1077799146696 250 8996229751926303376
HIT 5 1077800129736 250 8174113967742221334
HIT 5 1077783418056 250 163517196751529376
HIT 5 1073505227976 249 17409204610712119661
HIT 5 1077800195272 250 7335639859618853673
HIT 5 1038927254984 241 6070855752494039565
HIT 5 1077581960648 250 14465382349841038932
HIT 5 1077800064456 250 8727331782550988581
HIT 5 1077783352776 250 8084278395316768618
HIT 5 1073505162696 249 14543698822180185906
HIT 5 1077800129992 250 9162942112667478839
HIT 5 1034816968136 240 13419595805064962686
HIT 5 1077766641096 250 4377413234801398140
HIT 5 1073488451016 249 12859279675304997282
HIT 5 1077783418312 250 1110854085824246255
HIT 5 1069210260936 248 10811492370904730781
HIT 5 1073505228232 249 14512711330865379318
HIT 5 1077800195528 250 9570656922668820338
HIT 5 1073622668744 249 16633827281786678640
HIT 5 1077784073672 250 2947815879199633581
HIT 5 1073623455176 249 5572368477283266947
HIT 5 983075837640 228 4488658245044012799
HIT 5 1038910412488 241 16844008010380245854
HIT 5 1077565118152 250 15549010008900143788
HIT 5 1038927189704 241 953152117431941803
HIT 5 1077581895368 250 8055672301295349040
HIT 5 1077799999176 250 11172384684057208941
HIT 5 1034632287944 240 11753390482717800200
HIT 5 1038927255240 241 17023088987796484733
HIT 5 1073286993608 249 6086937737322216744
HIT 5 1077581960904 250 8155259665485313527
HIT 5 1077783287496 250 12078617365523621528
HIT 5 1073505097416 249 17067510081658810761
HIT 5 1077800064712 250 8007280986981733614
HIT 5 1034816902856 240 442504812599773310
HIT 5 1077766575816 250 2541798305255162477
HIT 5 1073488385736 249 17515018163152484312
HIT 5 1077783353032 250 17589169182801999935
HIT 5 1069210195656 248 16886975686363699813
HIT 5 1073505162952 249 13480748421064569219
HIT 5 1077800130248 250 264613024741640134
HIT 5 1073622603464 249 12220618781212284474
HIT 5 1030505223880 239 7390632563187349914
HIT 5 1034800191176 240 14255894751340807333
HIT 5 1077749864136 250 14082416618509931426
HIT 5 1034816968392 240 8934968914860383907
HIT 5 1073471674056 249 9091051880061981871
HIT 5 1077766641352 250 10867734134860357631
HIT 5 1069193483976 248 1784504048527242037
HIT 5 1073488451272 249 13464662033352929951
HIT 5 1077783418568 250 12621016315224003060
HIT 5 1064915293896 247 10892379696933393903
HIT 5 1069210261192 248 9105972638722474008
HIT 5 1073505228488 249 17626999287158806217
HIT 5 1077800195784 250 13994090272026455579
HIT 5 1069310924488 248 12283289080409923367
HIT 5 1073605891784 249 8218790256631862759
HIT 5 1073622669000 249 6426415590989865593
HIT 5 1034817558216 240 1080380328104307045
HIT 5 1077767231176 250 2430777520264003674
HIT 5 1077784008392 250 10918425390536782575
HIT 5 1073489106632 249 9692079386789257167
HIT 5 1077784073928 250 525604656802987533
HIT 5 1073623389896 249 4534138165107630059
HIT 5 1069311710920 248 1558964996185659516
HIT 5 1073606678216 249 14708719824031539648
HIT 5 1073623455432 249 16481745389745909347
HIT 5 1073623848648 249 4658069294431133380
HIT 5 1038927258312 241 3935521366531642590
HIT 5 1077581963976 250 4939905270044910377
HIT 5 1077800067784 250 5708684341503270956
HIT 5 1077800133320 250 7465630268934070486
HIT 5 1077783356360 250 9885812617875715766
HIT 5 1073505166280 249 7253534946384512044
HIT 5 1077800133576 250 17609119022865159049
HIT 5 1077784077512 250 17914942250855770101
HIT 5 1073623459016 249 17874631025650641886
HIT 5 1034817562056 240 14748588479832982784
HIT 5 1077767235016 250 13283333427261082591
HIT 5 1077784012232 250 12315081767258428155
HIT 5 1073489110472 249 8072048014508767045
HIT 5 1077784077768 250 15165936974533735083
HIT 5 1073623393736 249 13572669287311210429
HIT 5 1069311714760 248 2898138000776810017
HIT 5 1073606682056 249 16167250684825192173
HIT 5 1073623459272 249 11005501283403833842
HIT 5 1073623852488 249 11253871261844080104
HIT 5 1077784080072 250 2256331320478078651
HIT 5 1073623855560 249 1017948372222411651
DONE size=5 range=[200,201) n=341055 zero=0 0.3s
