HIT 2 2293760 35 12163751272059095753
HIT 2 11534336 176 13104812375883695067
HIT 2 26411008 403 2212008268339192322
HIT 2 2293761 35 8371548453810816557
HIT 2 11534337 176 16649483328608236306
HIT 2 26411009 403 7159246454750684032
HIT 2 2293762 35 10599392820166053601
HIT 2 11534338 176 3261412174129979212
HIT 2 26411010 403 5415092319072499644
HIT 2 2293763 35 12855857664608826970
HIT 2 11534339 176 6029123887618506218
HIT 2 26411011 403 3566415607643221809
HIT 2 2293764 35 8212185396838503609
HIT 2 11534340 176 15552806992958658045
HIT 2 26411012 403 1326905489577751373
HIT 2 2293765 35 15330506079971403183
HIT 2 11534341 176 5287368807848920240
HIT 2 26411013 403 13828454029073870273
HIT 2 2293766 35 6176200794151087204
HIT 2 11534342 176 11746163380403933410
HIT 2 26411014 403 549705579815718068
HIT 2 2293770 35 14201535744123024836
HIT 2 11534346 176 8802608337500972214
HIT 2 26411018 403 12147898712878700834
HIT 2 2293771 35 18192740012217317556
HIT 2 11534347 176 266974983726176970
HIT 2 26411019 403 11868713277903183195
HIT 2 2293772 35 7228678007461382618
HIT 2 11534348 176 3889939060295705811
HIT 2 26411020 403 3242459973843315382
HIT 2 2293773 35 7407488984378320881
HIT 2 11534349 176 16086734832569973476
HIT 2 26411021 403 16764582088968650997
HIT 2 2293774 35 15864076354851237139
HIT 2 11534350 176 12145677386042743480
HIT 2 26411022 403 17921078358132408194
HIT 2 2293775 35 14973349503134789367
HIT 2 11534351 176 1066547632385171893
HIT 2 26411023 403 12310643319936240992
HIT 2 2293776 35 15711650536300401155
HIT 2 11534352 176 3069783773574524043
HIT 2 26411024 403 18084786488157532037
HIT 2 2293777 35 342706598211720395
HIT 2 11534353 176 17659103561811450442
HIT 2 26411025 403 12809016035924160457
HIT 2 2293778 35 5140264308656716478
HIT 2 11534354 176 4449693780226001455
HIT 2 26411026 403 12253300867408288638
HIT 2 2293779 35 4852259699096930237
HIT 2 11534355 176 2223788710423690368
HIT 2 26411027 403 6569694214164581896
HIT 2 2293780 35 16033839155477040632
HIT 2 11534356 176 3527608297420924558
HIT 2 26411028 403 4976853870478028012
HIT 2 2293767 35 21986177568080341
HIT 2 11534343 176 2621266462137969187
HIT 2 26411015 403 13341975712103220458
HIT 2 2293782 35 7167471113690814343
HIT 2 11534358 176 12112749326928053926
HIT 2 26411030 403 154392062234740141
HIT 2 2293783 35 12232078493819953936
HIT 2 11534359 176 12398645744141504660
HIT 2 26411031 403 16016877930027306068
HIT 2 2293784 35 15321979516581968790
HIT 2 11534360 176 704959912317548874
HIT 2 26411032 403 11185095439382814800
HIT 2 2293785 35 17436020642822117373
HIT 2 11534361 176 5468033963925693619
HIT 2 26411033 403 1066309678693089475
HIT 2 2293786 35 7555950067588189482
HIT 2 11534362 176 6968019358720544452
HIT 2 26411034 403 16810494495219959558
HIT 2 2293787 35 15962356208048652455
HIT 2 11534363 176 9919331273166303888
HIT 2 26411035 403 14867537408862994677
HIT 2 2293788 35 11084101699898381510
HIT 2 11534364 176 5622777033280308810
HIT 2 26411036 403 14580641473545389437
HIT 2 2293789 35 10009549098115225793
HIT 2 11534365 176 17107306289961812713
HIT 2 26411037 403 7939360457409009637
HIT 2 2293790 35 3115637260495538628
HIT 2 11534366 176 7321762382825567206
HIT 2 26411038 403 6323208361751673430
HIT 2 2162719 33 3115637260495538628
HIT 2 2293791 35 12559414385271789519
HIT 2 11534367 176 18398840180623644120
HIT 2 26411039 403 12870112682874923447
HIT 2 2293792 35 8626877934387932008
HIT 2 2424864 37 12198069769536127156
HIT 2 11534368 176 13192471810880494995
HIT 2 26411040 403 13052122171757348096
HIT 2 2293793 35 12198069769536127156
HIT 2 11403297 174 13888848440964760811
HIT 2 11534369 176 9357417024262244210
HIT 2 11599905 177 12806230778786441654
HIT 2 11665441 178 6583129395141076971
HIT 2 26279969 401 12696098684556556210
HIT 2 26345505 402 15414855761293558199
HIT 2 26411041 403 17458492364758398838
HIT 2 26542113 405 2416999924422890820
HIT 2 2359330 36 17808305893438426714
HIT 2 2424866 37 15776234533933308577
HIT 2 2555938 39 15895712329655395145
HIT 2 11403298 174 3183895827497305018
HIT 2 11534370 176 3030895094438559333
HIT 2 11599906 177 13793973342563421543
HIT 2 11665442 178 7903767228329301694
HIT 2 26279970 401 816579523152552952
HIT 2 26345506 402 11552089952641994383
HIT 2 26411042 403 6205809963527790079
HIT 2 26542114 405 10761974401243241229
HIT 2 2359331 36 10963865690219458788
HIT 2 2424867 37 15895712329655395145
HIT 2 2490403 38 17808305893438426714
HIT 2 2555939 39 2853283051001783223
HIT 2 2621475 40 17524059535631458876
HIT 2 2687011 41 9236879321658470965
HIT 2 2752547 42 4069044172933538236
HIT 2 2818083 43 366163603757863618
HIT 2 2883619 44 17169087961915685880
HIT 2 2949155 45 402518653804006123
HIT 2 3014691 46 6104879491493927296
HIT 2 3080227 47 12391399273398573040
HIT 2 3145763 48 1317552425769682343
HIT 2 3211299 49 5791157932076923645
HIT 2 3276835 50 3602647271342214865
HIT 2 3342371 51 308115099486831092
HIT 2 3407907 52 11144924606657630239
HIT 2 3473443 53 9856098102844389490
HIT 2 3538979 54 7689965747797704297
HIT 2 3604515 55 6382228557373310670
HIT 2 3670051 56 3513162011496434371
HIT 2 3735587 57 18233178952033064296
HIT 2 3801123 58 1086165553297994693
HIT 2 3866659 59 6454471063934366245
HIT 2 3932195 60 15535495590013363168
HIT 2 3997731 61 3889882638752802067
HIT 2 4063267 62 7766996873056611320
HIT 2 4128803 63 16272766598122582735
HIT 2 4194339 64 3961059331341929282
HIT 2 4259875 65 4924473162106513615
HIT 2 4325411 66 14876296423593928771
HIT 2 4390947 67 519037600642479548
HIT 2 4456483 68 16933591539398343269
HIT 2 4522019 69 9011734070590702917
HIT 2 4587555 70 9700860117692282039
HIT 2 4653091 71 14091033673859596753
HIT 2 4718627 72 6236861551795282803
HIT 2 4784163 73 3632893696236543855
HIT 2 4849699 74 3135485829591480819
HIT 2 4915235 75 16919630648390383443
HIT 2 4980771 76 8875008575259092130
HIT 2 5046307 77 9311652552444496972
HIT 2 5111843 78 15271725844963736272
HIT 2 5177379 79 9952859208835096953
HIT 2 5242915 80 11009247278987297399
HIT 2 5308451 81 3162466590177560152
HIT 2 5373987 82 8332954603179657284
HIT 2 5439523 83 9374866218399758430
HIT 2 5505059 84 8740246285910927027
HIT 2 5570595 85 12200436708069439637
HIT 2 5636131 86 4889052052420879277
HIT 2 5701667 87 14629025671302244027
HIT 2 5767203 88 9601911753895480783
HIT 2 5832739 89 12426122267977531577
HIT 2 5898275 90 29301204972589684
HIT 2 5963811 91 12874072308699597411
HIT 2 6029347 92 16436705925910387779
HIT 2 6094883 93 14612741739848670287
HIT 2 6160419 94 5982355978388622782
HIT 2 6225955 95 4192575210465288381
HIT 2 6291491 96 15340862274584079271
HIT 2 6357027 97 9419585994501034052
HIT 2 6422563 98 6582486912000710667
HIT 2 6488099 99 698863681690988061
HIT 2 6553635 100 11305486352191543704
HIT 2 6619171 101 6244396653872394731
HIT 2 6684707 102 12462487101859415438
HIT 2 6750243 103 8201142965748549803
HIT 2 6815779 104 13264916779025519878
HIT 2 6881315 105 1495262652057552860
HIT 2 6946851 106 5716588952391046372
HIT 2 7012387 107 10113243123394192646
HIT 2 7077923 108 7556112685352344101
HIT 2 7143459 109 10732186942282001223
HIT 2 7208995 110 14231048149239647276
HIT 2 7274531 111 2631818460012190267
HIT 2 7340067 112 13205070347805917468
HIT 2 7405603 113 11158502331938371404
HIT 2 7471139 114 5288371378709612251
HIT 2 7536675 115 15980926232373710389
HIT 2 7602211 116 16726671554944782253
HIT 2 7667747 117 14655550769706444731
HIT 2 7733283 118 9594322495154941823
HIT 2 7798819 119 18426347597599879816
HIT 2 7864355 120 17236933167113588647
HIT 2 7929891 121 5825155402296888240
HIT 2 7995427 122 7807164131346202188
HIT 2 8060963 123 16021665946810095466
HIT 2 8126499 124 16221578327433398239
HIT 2 8192035 125 11404857124570360469
HIT 2 8257571 126 599497465254835312
HIT 2 8323107 127 8444158863137243768
HIT 2 8388643 128 13726534949986049203
HIT 2 8454179 129 17456595308977341637
HIT 2 8519715 130 7566730915018391764
HIT 2 8585251 131 9312355115434861370
HIT 2 8650787 132 11221285443434960748
HIT 2 8716323 133 12991182150670527656
HIT 2 8781859 134 11329295322485910848
HIT 2 8847395 135 18427943859088678102
HIT 2 8912931 136 3455615253613221432
HIT 2 8978467 137 16194384223138943370
HIT 2 9044003 138 4157216207630727560
HIT 2 9109539 139 11536818557124693703
HIT 2 9175075 140 3148482218326682176
HIT 2 9240611 141 1787136016388115751
HIT 2 9306147 142 13108310041442032475
HIT 2 9371683 143 13445006184976747403
HIT 2 9437219 144 8011422985717758044
HIT 2 9502755 145 15149389492957830229
HIT 2 9568291 146 1629153558692989080
HIT 2 9633827 147 5831779279484975406
HIT 2 9699363 148 8162091490015837901
HIT 2 9764899 149 11285433487596723695
HIT 2 9830435 150 9222635322945103179
HIT 2 9895971 151 10007502563505027590
HIT 2 9961507 152 8353456326025185588
HIT 2 10027043 153 5573684739057191513
HIT 2 10092579 154 17578287564567967737
HIT 2 10158115 155 10689284749753885186
HIT 2 10223651 156 9268471991799628432
HIT 2 10289187 157 12047881094257119514
HIT 2 10354723 158 17036637221550909415
HIT 2 10420259 159 13067593403680780411
HIT 2 10485795 160 5625347809734042449
HIT 2 10551331 161 10105129234448221694
HIT 2 10616867 162 9546975036387988242
HIT 2 10682403 163 3596321420275204690
HIT 2 10747939 164 6497674009481358964
HIT 2 10813475 165 5188138390524763651
HIT 2 10879011 166 12452935595023529980
HIT 2 10944547 167 16114616263451871946
HIT 2 11010083 168 7756099413537944174
HIT 2 11075619 169 9749949681020074247
HIT 2 11141155 170 6916954832262849567
HIT 2 11206691 171 15044377555757135633
HIT 2 11272227 172 4676404156379326382
HIT 2 11337763 173 18419056293990556800
HIT 2 11403299 174 9255055166620832370
HIT 2 11468835 175 13396476725560015764
HIT 2 11534371 176 2213069100998855434
HIT 2 11599907 177 14053508422093564645
HIT 2 11665443 178 2318741700231131282
HIT 2 11730979 179 312825937268696529
HIT 2 11796515 180 1053693148212013760
HIT 2 11862051 181 17769098393126634999
HIT 2 11927587 182 15487693788175012244
HIT 2 11993123 183 7428791270571691162
HIT 2 12058659 184 9772078283128129280
HIT 2 12124195 185 13980539739246183746
HIT 2 12189731 186 11582673019724176754
HIT 2 12255267 187 6522675381184792133
HIT 2 12320803 188 1179324159480362906
HIT 2 12386339 189 12450268843732275607
HIT 2 12451875 190 3653903628185715798
HIT 2 12517411 191 14067223789143160285
HIT 2 12582947 192 15939776847745656764
HIT 2 12648483 193 15339825994378031928
HIT 2 12714019 194 6339066183883607660
HIT 2 12779555 195 12080382073171894918
HIT 2 12845091 196 8574479278768671110
HIT 2 12910627 197 10228300761135125214
HIT 2 12976163 198 16449023798186803965
HIT 2 13041699 199 12642140936494777227
HIT 2 13107235 200 3733647270685299530
HIT 2 13172771 201 18052821016690360173
HIT 2 13238307 202 10997883831758118099
HIT 2 13303843 203 4859080461548812692
HIT 2 13369379 204 11504749553206596572
HIT 2 13434915 205 4917809788030484424
HIT 2 13500451 206 17646022419704429686
HIT 2 13565987 207 15633437504100909679
HIT 2 13631523 208 16464887652349824954
HIT 2 13697059 209 4645049793442114455
HIT 2 13762595 210 11813040868632534969
HIT 2 13828131 211 2015830262883933751
HIT 2 13893667 212 15788462227006910295
HIT 2 13959203 213 15590412551019899644
HIT 2 14024739 214 11820658405165238964
HIT 2 14090275 215 3709384633304312971
HIT 2 14155811 216 10536283399195394758
HIT 2 14221347 217 425482916625504432
HIT 2 14286883 218 1653592085904674590
HIT 2 14352419 219 1485444255715608558
HIT 2 14417955 220 1193624808380507300
HIT 2 14483491 221 8777353112430147534
HIT 2 14549027 222 17568628877691870823
HIT 2 14614563 223 10457378982997231877
HIT 2 14680099 224 9115693051154409463
HIT 2 14745635 225 12209330480534235164
HIT 2 14811171 226 2601016473806442019
HIT 2 14876707 227 16528476185234104395
HIT 2 14942243 228 11576094079925477371
HIT 2 15007779 229 10286423132575842138
HIT 2 15073315 230 16197193508583887226
HIT 2 15138851 231 17228938160995820397
HIT 2 15204387 232 2405774803982628852
HIT 2 15269923 233 3392384293706079907
HIT 2 15335459 234 15598625385079433296
HIT 2 15400995 235 5714693681677563110
HIT 2 15466531 236 12126606513666479623
HIT 2 15532067 237 11298756930920631053
HIT 2 15597603 238 3894114073914033911
HIT 2 15663139 239 15310091719356766192
HIT 2 15728675 240 12352005808816031781
HIT 2 15794211 241 8084667738398024506
HIT 2 15859747 242 17814028147969746923
HIT 2 15925283 243 8802450078710176842
HIT 2 15990819 244 10296209740343688352
HIT 2 16056355 245 11332896980816825529
HIT 2 16121891 246 5994041075836909758
HIT 2 16187427 247 11426706515144483426
HIT 2 16252963 248 4737169988247570654
HIT 2 16318499 249 13638411991631047950
HIT 2 16384035 250 4150296041815407115
HIT 2 16449571 251 6796526953832546290
HIT 2 16515107 252 18061047137679996628
HIT 2 16580643 253 8511458882731061407
HIT 2 16646179 254 10120928409031623903
HIT 2 16711715 255 4280786262620458302
HIT 2 16777251 256 7088769018810265246
HIT 2 16842787 257 2308477709342351985
HIT 2 16908323 258 14484216829236550455
HIT 2 16973859 259 1333748165256967397
HIT 2 17039395 260 12025797108819370926
HIT 2 17104931 261 115209523407503824
HIT 2 17170467 262 17767908953665849812
HIT 2 17236003 263 18092629934430735002
HIT 2 17301539 264 3496991264549477990
HIT 2 17367075 265 10135552961697080197
HIT 2 17432611 266 11789523488585783501
HIT 2 17498147 267 4697626922649712859
HIT 2 17563683 268 2785868792949235554
HIT 2 17629219 269 5388509890379727081
HIT 2 17694755 270 16097578355335054816
HIT 2 17760291 271 59475572743673541
HIT 2 17825827 272 3526415260532351292
HIT 2 17891363 273 1135746328544643697
HIT 2 17956899 274 6510858368406630291
HIT 2 18022435 275 7239366712100667655
HIT 2 18087971 276 16044313766961891886
HIT 2 18153507 277 404338007572256856
HIT 2 18219043 278 2166122287505350250
HIT 2 18284579 279 8364246806172701023
HIT 2 18350115 280 14547870285880232480
HIT 2 18415651 281 12435367892162139485
HIT 2 18481187 282 13578181482055218548
HIT 2 18546723 283 10966732237391258320
HIT 2 18612259 284 15694108342977498365
HIT 2 18677795 285 17107631641601283912
HIT 2 18743331 286 9486003291123340794
HIT 2 18808867 287 322504599192340150
HIT 2 18874403 288 6415299623691579686
HIT 2 18939939 289 3344594720630865180
HIT 2 19005475 290 3206342300859048734
HIT 2 19071011 291 10391629340909537653
HIT 2 19136547 292 664837498937778017
HIT 2 19202083 293 5486726539282040479
HIT 2 19267619 294 12913930559035853649
HIT 2 19333155 295 12453821071471357243
HIT 2 19398691 296 11586419160065734335
HIT 2 19464227 297 17591725172324710360
HIT 2 19529763 298 7190832154085839851
HIT 2 19595299 299 16420096196120268696
HIT 2 19660835 300 4542121246844344104
HIT 2 19726371 301 13101258673934278982
HIT 2 19791907 302 1324963907506390043
HIT 2 19857443 303 12184656122560129956
HIT 2 19922979 304 13268089686639719976
HIT 2 19988515 305 14624984298340582547
HIT 2 20054051 306 9469864120824063178
HIT 2 20119587 307 1326392045300598049
HIT 2 20185123 308 1305395402210136507
HIT 2 20250659 309 16838892472159013242
HIT 2 20316195 310 14487835362071159393
HIT 2 20381731 311 3025821486793512958
HIT 2 20447267 312 17660882450538537476
HIT 2 20512803 313 775665934946919700
HIT 2 20578339 314 5874366692623033834
HIT 2 20643875 315 12024521971355697030
HIT 2 20709411 316 10430222674289386035
HIT 2 20774947 317 15997621472628630573
HIT 2 20840483 318 8196680103992348212
HIT 2 20906019 319 6543827779180474824
HIT 2 20971555 320 14025727412875894102
HIT 2 21037091 321 17912782325651260653
HIT 2 21102627 322 9840227584201291464
HIT 2 21168163 323 2112635989943088631
HIT 2 21233699 324 3403336931113682607
HIT 2 21299235 325 832999250341807649
HIT 2 21364771 326 2704606121758393647
HIT 2 21430307 327 4122480192269169117
HIT 2 21495843 328 13754858186594176165
HIT 2 21561379 329 1599366997899035889
HIT 2 21626915 330 3072548631800066673
HIT 2 21692451 331 16125355205565952700
HIT 2 21757987 332 5770514655750453367
HIT 2 21823523 333 511528750823132856
HIT 2 21889059 334 838687883179126075
HIT 2 21954595 335 12802688339784266711
HIT 2 22020131 336 9058419536028070718
HIT 2 22085667 337 6039530599631936968
HIT 2 22151203 338 13620862259439755964
HIT 2 22216739 339 5732890170806754148
HIT 2 22282275 340 15879916309383312313
HIT 2 22347811 341 2409744208091868906
HIT 2 22413347 342 5244681396310927191
HIT 2 22478883 343 18041081042055265351
HIT 2 22544419 344 7796809582736599301
HIT 2 22609955 345 17874626869800835610
HIT 2 22675491 346 1028991978674139473
HIT 2 22741027 347 2612934544435672772
HIT 2 22806563 348 7356264129737294149
HIT 2 22872099 349 4966816008798336281
HIT 2 22937635 350 6346932028561983991
HIT 2 23003171 351 17682677351940616043
HIT 2 23068707 352 13503223050128370769
HIT 2 23134243 353 10495362766007876599
HIT 2 23199779 354 6475678167803804530
HIT 2 23265315 355 1795298387685552422
HIT 2 23330851 356 15044670169998181996
HIT 2 23396387 357 5855763897970043071
HIT 2 23461923 358 17771503488980863729
HIT 2 23527459 359 3082428161953284276
HIT 2 23592995 360 2816470994324370739
HIT 2 23658531 361 7451343504466656739
HIT 2 23724067 362 13194150658965972849
HIT 2 23789603 363 3195273985662677390
HIT 2 23855139 364 10851419649317421930
HIT 2 23920675 365 7808289150848898827
HIT 2 23986211 366 12818024609344510684
HIT 2 24051747 367 3268001485484642396
HIT 2 24117283 368 1134056863471478908
HIT 2 24182819 369 14378067940517872427
HIT 2 24248355 370 9568596632693870493
HIT 2 24313891 371 11005106646482291331
HIT 2 24379427 372 10353579726982975644
HIT 2 24444963 373 15652652838084236869
HIT 2 24510499 374 1424189462234295070
HIT 2 24576035 375 8482139462229610723
HIT 2 24641571 376 17074157444119945233
HIT 2 24707107 377 17428251816494262293
HIT 2 24772643 378 13869091076016530203
HIT 2 24838179 379 15818677985076279201
HIT 2 24903715 380 12230393209888523111
HIT 2 24969251 381 8262530343273549409
HIT 2 25034787 382 9355485256301082569
HIT 2 25100323 383 2473877649279915133
HIT 2 25165859 384 3116764122488237328
HIT 2 25231395 385 5065196126385035053
HIT 2 25296931 386 1016123992990042551
HIT 2 25362467 387 13496033323006972208
HIT 2 25428003 388 9896798432091122320
HIT 2 25493539 389 3610557284109262274
HIT 2 25559075 390 5394334629958230140
HIT 2 25624611 391 5852472615305530939
HIT 2 25690147 392 2915411576676660553
HIT 2 25755683 393 16196633667339334515
HIT 2 25821219 394 553385173072757529
HIT 2 25886755 395 10881298252241786796
HIT 2 25952291 396 939868418157634770
HIT 2 26017827 397 16150794054493423945
HIT 2 26083363 398 7188839885967390443
HIT 2 26148899 399 8040082351958104676
HIT 2 26214435 400 11317838210672143704
HIT 2 26279971 401 11886556965380384713
HIT 2 26345507 402 9310715750263290509
HIT 2 26411043 403 7627527162240168748
HIT 2 26476579 404 5386524318945560239
HIT 2 26542115 405 2318741700231131282
HIT 2 26607651 406 13979058913412095726
HIT 2 26673187 407 2481415369331408583
HIT 2 26738723 408 15608510004905245367
HIT 2 26804259 409 1578373896890507831
HIT 2 26869795 410 10193524878659253755
HIT 2 26935331 411 5752702655264014669
HIT 2 27000867 412 14848446300498896758
HIT 2 27066403 413 9595305118254014015
HIT 2 27131939 414 6135805113926697262
HIT 2 27197475 415 791119268985210698
HIT 2 27263011 416 6221260069245853609
HIT 2 27328547 417 5406537963764083792
HIT 2 27394083 418 18372414083424255633
HIT 2 27459619 419 11761128913589391587
HIT 2 27525155 420 14320634317827316416
HIT 2 27590691 421 6774704661831528134
HIT 2 27656227 422 3662383481631786238
HIT 2 27721763 423 3856764605979901416
HIT 2 27787299 424 2063319500405787015
HIT 2 27852835 425 16122389785500155075
HIT 2 27918371 426 14699198759637506658
HIT 2 27983907 427 12718643801004704897
HIT 2 28049443 428 4527401346922249369
HIT 2 28114979 429 15743117386623428423
HIT 2 28180515 430 10294101560199711071
HIT 2 28246051 431 2776934379432607627
HIT 2 28311587 432 6665268353919276941
HIT 2 28377123 433 9486069225281173105
HIT 2 28442659 434 8198401000968545327
HIT 2 28508195 435 8761363818580508558
HIT 2 28573731 436 7035587913453454125
HIT 2 28639267 437 14644167480795716699
HIT 2 28704803 438 9523367196928157097
HIT 2 28770339 439 15947157293950267987
HIT 2 28835875 440 15088678496725160028
HIT 2 28901411 441 10792097461452563523
HIT 2 28966947 442 2628534391825566158
HIT 2 29032483 443 4461264152628777279
HIT 2 29098019 444 15694696658201595083
HIT 2 29163555 445 879960312516138591
HIT 2 29229091 446 2031181574540805600
HIT 2 29294627 447 16739042906933017787
HIT 2 29360163 448 15862891916469434623
HIT 2 29425699 449 1713392518675412980
HIT 2 29491235 450 5229088670363627979
HIT 2 29556771 451 18266349855831179583
HIT 2 29622307 452 4560297232071990090
HIT 2 29687843 453 15667121558793826632
HIT 2 29753379 454 4770042581851440504
HIT 2 29818915 455 16667450750678405501
HIT 2 29884451 456 7864487413295637414
HIT 2 29949987 457 14967774216116031597
HIT 2 30015523 458 8426345383499973470
HIT 2 30081059 459 16133694339938597225
HIT 2 30146595 460 6804662630187844957
HIT 2 30212131 461 7792581093293495343
HIT 2 30277667 462 12463261682852234872
HIT 2 30343203 463 14910412130580625993
HIT 2 30408739 464 11000280156692096733
HIT 2 30474275 465 1645708888246129983
HIT 2 30539811 466 16416920913963338543
HIT 2 30605347 467 13680980331306567687
HIT 2 30670883 468 5469876720634890006
HIT 2 30736419 469 927173328987181496
HIT 2 30801955 470 9678704898629328492
HIT 2 30867491 471 16738584268437373738
HIT 2 30933027 472 4874494527795482808
HIT 2 30998563 473 14672597725080285742
HIT 2 31064099 474 15956841690088509261
HIT 2 31129635 475 7013749866974415037
HIT 2 31195171 476 8165635478987612402
HIT 2 31260707 477 3649509046686773650
HIT 2 31326243 478 8907957713231894596
HIT 2 31391779 479 17020599038006469199
HIT 2 31457315 480 12354666771438263633
HIT 2 31522851 481 7240132640894889762
HIT 2 31588387 482 11124203622834119050
HIT 2 31653923 483 15656896796656146348
HIT 2 31719459 484 12322530978610119072
HIT 2 31784995 485 625670054045823813
HIT 2 31850531 486 5971683657449460408
HIT 2 31916067 487 10147963025424724716
HIT 2 31981603 488 17397989827240192637
HIT 2 32047139 489 1608329938060016236
HIT 2 32112675 490 463949038172827112
HIT 2 32178211 491 16542911571305343167
HIT 2 32243747 492 9822263706804049589
HIT 2 32309283 493 6639890810378054321
HIT 2 32374819 494 1928193776903838008
HIT 2 32440355 495 12025714722862885095
HIT 2 32505891 496 10546634885447506187
HIT 2 32571427 497 9459144294750633052
HIT 2 32636963 498 15579485983610073351
HIT 2 32702499 499 13732983473088992068
HIT 2 32768035 500 14637752993388664533
HIT 2 32833571 501 15911830024326370523
HIT 2 32899107 502 4784144547276212968
HIT 2 32964643 503 17302057293961060752
HIT 2 33030179 504 18312286586726830462
HIT 2 33095715 505 1902172501302685327
HIT 2 33161251 506 5664972128621395362
HIT 2 33226787 507 5970279427495173912
HIT 2 33292323 508 7701560286405672773
HIT 2 33357859 509 16245138846884287742
HIT 2 33423395 510 4891685535781258415
HIT 2 33488931 511 9500818265870273622
HIT 2 2555940 39 6171206649010001486
HIT 2 11534372 176 4411828095802503166
HIT 2 26411044 403 9226618845100436199
HIT 2 11403301 174 8726542077767604733
HIT 2 11534373 176 17580923306585997969
HIT 2 11599909 177 2461624055454185324
HIT 2 11665445 178 16653218176736025316
HIT 2 26279973 401 2759799912894299746
HIT 2 26345509 402 812462765846760174
HIT 2 26411045 403 1718815148287612523
HIT 2 26542117 405 12287994260343299565
HIT 2 11534374 176 14163338823290420908
HIT 2 26411046 403 16149117620749958357
HIT 2 2293781 35 15784186609388551675
HIT 2 11534357 176 1999388158533368452
HIT 2 26411029 403 2393201987026184903
HIT 2 11534376 176 14761020775384661824
HIT 2 26411048 403 9401360051711641935
HIT 2 11534377 176 6327201743126066851
HIT 2 26411049 403 13263225231741399132
HIT 2 11534378 176 2568019680412963239
HIT 2 26411050 403 4242127635277264351
HIT 2 11534379 176 7892265755930239337
HIT 2 26411051 403 17498681243802745914
HIT 2 11534380 176 17829920016806495161
HIT 2 26411052 403 9020747592093314333
HIT 2 11534381 176 7490705818615736476
HIT 2 26411053 403 3787960155225229248
HIT 2 11534382 176 9411174734494289638
HIT 2 26411054 403 10463811427207311777
HIT 2 11534383 176 16042468910821064787
HIT 2 26411055 403 496282529716767723
HIT 2 11534384 176 8157967471622689765
HIT 2 26411056 403 6821126914368908584
HIT 2 11534385 176 12304716824395443651
HIT 2 26411057 403 5087752806373163758
HIT 2 11534386 176 998811490682981982
HIT 2 26411058 403 6017500303160517525
HIT 2 11534387 176 6087676170065940051
HIT 2 26411059 403 6029520740064620900
HIT 2 11534388 176 15045733175163470412
HIT 2 26411060 403 15795032675714914100
HIT 2 11534389 176 14236166746626762846
HIT 2 26411061 403 16355714981598518824
HIT 2 11534390 176 8823878216942891617
HIT 2 26411062 403 7802932023147653271
HIT 2 11534391 176 5332531036772777760
HIT 2 26411063 403 17076122025038645864
HIT 2 11534392 176 7190139975058260106
HIT 2 26411064 403 4687162259293260057
HIT 2 11534393 176 12898523350578491330
HIT 2 26411065 403 18085438530791389422
HIT 2 11534394 176 8841285976020092945
HIT 2 26411066 403 3674685099008807228
HIT 2 11534395 176 15222388159382065833
HIT 2 26411067 403 2791449164698160773
HIT 2 11534396 176 16681179188339262651
HIT 2 26411068 403 5620029159619220870
HIT 2 11534397 176 11657529043273845013
HIT 2 26411069 403 2833565579843280268
HIT 2 11534398 176 11284714103959940875
HIT 2 26411070 403 16353493590406334678
HIT 2 11534399 176 13233584169161160512
HIT 2 26411071 403 14982059533522856323
HIT 2 11534400 176 6613978625582253818
HIT 2 26411072 403 6204846069642599647
HIT 2 11534401 176 6538951122317637447
HIT 2 26411073 403 3377890489828253736
HIT 2 11534402 176 12907689090577857874
HIT 2 26411074 403 1035031607267020620
HIT 2 2293769 35 7585722348794260404
HIT 2 11534345 176 2859410418770325054
HIT 2 26411017 403 181132149620199696
HIT 2 11534404 176 1578413373718487417
HIT 2 26411076 403 14553949034602761148
HIT 2 11534405 176 4649167761845365980
HIT 2 26411077 403 17906737893751475667
HIT 2 11534406 176 15860303071783428013
HIT 2 26411078 403 11049436362191580102
HIT 2 11534407 176 14324630544196922773
HIT 2 26411079 403 5347427095827094622
HIT 2 11534408 176 5758672900831326133
HIT 2 26411080 403 16148363475733390634
HIT 2 11534409 176 6681439223433745642
HIT 2 26411081 403 4280017096328370629
HIT 2 11534410 176 5917089034516584126
HIT 2 26411082 403 6062825667497206507
HIT 2 11534411 176 17802542123939761802
HIT 2 26411083 403 15029861314067521308
HIT 2 11534412 176 5962843872324579739
HIT 2 26411084 403 12420456065858665629
HIT 2 11534413 176 12014432235656297121
HIT 2 26411085 403 7753740850250840192
HIT 2 11534414 176 3016029546154635781
HIT 2 26411086 403 6716794168009681064
HIT 2 11534415 176 6526850612601144100
HIT 2 26411087 403 751650424112023474
HIT 2 11534416 176 1629639378109356101
HIT 2 26411088 403 6407999801630717931
HIT 2 11534417 176 1750175820282285301
HIT 2 26411089 403 13922083427072985367
HIT 2 11534418 176 14028613096036850766
HIT 2 26411090 403 4309439504827025006
HIT 2 2293768 35 17761930012510329505
HIT 2 11534344 176 15388189398234280347
HIT 2 26411016 403 12747115000642026861
HIT 2 11534420 176 2492831956816885338
HIT 2 26411092 403 13003615686919352494
HIT 2 11534421 176 16757392017242570276
HIT 2 26411093 403 4023974972625448548
HIT 2 11534422 176 8403615554520908671
HIT 2 26411094 403 16030094655683922791
HIT 2 11534423 176 16123385853374261204
HIT 2 26411095 403 10508911843560869650
HIT 2 11534424 176 7420634655139913896
HIT 2 26411096 403 3635847314051344718
HIT 2 11534425 176 8847834696212845856
HIT 2 26411097 403 16447126426975417574
HIT 2 11534426 176 4269191838166257074
HIT 2 26411098 403 8039328702110573747
HIT 2 11534427 176 682522923913382441
HIT 2 26411099 403 3170391782090301255
HIT 2 11534428 176 11184867117062121252
HIT 2 26411100 403 9403594176365369955
HIT 2 11534429 176 15711957295224290973
HIT 2 26411101 403 13993368902568756105
HIT 2 11534430 176 12687670554192867775
HIT 2 26411102 403 4567409359575532958
HIT 2 11534431 176 8217988157067789587
HIT 2 26411103 403 7287100849110435117
HIT 2 11534432 176 15306778344000552177
HIT 2 26411104 403 10870034208854087897
HIT 2 11534433 176 6739024385710610743
HIT 2 26411105 403 17921859465950760442
HIT 2 11534434 176 18327216861831605674
HIT 2 26411106 403 9670123870305390403
HIT 2 11534435 176 8156904497966545837
HIT 2 26411107 403 16972630819616117120
HIT 2 11534436 176 15886403329550369738
HIT 2 26411108 403 15512960208492453180
HIT 2 11534437 176 7845368404651469656
HIT 2 26411109 403 6856660077500997976
HIT 2 11534438 176 14113961583101643533
HIT 2 26411110 403 16548985401983267780
HIT 2 11534439 176 6700282730342659831
HIT 2 26411111 403 10934216921469603133
HIT 2 11534440 176 9353981632113156080
HIT 2 26411112 403 4711646141317142951
HIT 2 11534441 176 18336238312087637614
HIT 2 26411113 403 1717348098443141767
HIT 2 11534442 176 3212621022570571985
HIT 2 26411114 403 8840989315402861577
HIT 2 11534443 176 8984530332015067165
HIT 2 26411115 403 12852995982997060660
HIT 2 11534444 176 8331820447626649108
HIT 2 26411116 403 18445948364177939331
HIT 2 11534445 176 11432265054025785133
HIT 2 26411117 403 2016315112858018022
HIT 2 11534446 176 13624626012468806399
HIT 2 26411118 403 5427205972711164818
HIT 2 11534447 176 11962327596955171982
HIT 2 26411119 403 13956202347585571075
HIT 2 11534375 176 16250929845039497028
HIT 2 26411047 403 2146462919238451803
HIT 2 11534449 176 16919830565423277194
HIT 2 26411121 403 7402400215529744913
HIT 2 11534450 176 2781574051545670792
HIT 2 26411122 403 14441695680245905744
HIT 2 11534451 176 6262231348726079653
HIT 2 26411123 403 6973618318995668386
HIT 2 11534452 176 1644175700645378263
HIT 2 26411124 403 4452982413779374440
HIT 2 11534453 176 8018684336680288999
HIT 2 26411125 403 10001887396449426646
HIT 2 11534454 176 15098242512499408588
HIT 2 26411126 403 8247504431925577722
HIT 2 11534455 176 8338794011101273403
HIT 2 26411127 403 2282317952154401904
HIT 2 11534456 176 16290091680644163911
HIT 2 26411128 403 16372564115358175843
HIT 2 11534457 176 324929898933625960
HIT 2 26411129 403 471388332998604286
HIT 2 11534458 176 17204584395184522200
HIT 2 26411130 403 5544407069022450842
HIT 2 11534459 176 17195184976364872488
HIT 2 26411131 403 4112696376796326049
HIT 2 11534460 176 13934488679436888406
HIT 2 26411132 403 15976955124975753372
HIT 2 11534403 176 15834572503087602944
HIT 2 26411075 403 14247168292941768479
HIT 2 11534462 176 8348731685490015477
HIT 2 26411134 403 12787799909920322628
HIT 2 11534463 176 5987829956783851523
HIT 2 26411135 403 12167486390664161232
HIT 2 11534464 176 11695919805458294150
HIT 2 26411136 403 2525990501536931950
HIT 2 11534465 176 7385592314300312951
HIT 2 26411137 403 61131751866813526
HIT 2 11534466 176 13198154792556457658
HIT 2 26411138 403 17729861019565540396
HIT 2 11534467 176 6905711832710760975
HIT 2 26411139 403 11928046046844782961
HIT 2 11534468 176 2806617417915319429
HIT 2 26411140 403 10357425891534952301
HIT 2 11534469 176 2631360088043109550
HIT 2 26411141 403 12055732443629965122
HIT 2 11534470 176 3541523589161856363
HIT 2 26411142 403 15994310189267962569
HIT 2 11534471 176 5622771867333652134
HIT 2 26411143 403 6531568686301152679
HIT 2 11534472 176 4509626265286006357
HIT 2 26411144 403 1133563899462899544
HIT 2 11534473 176 16303045483315326113
HIT 2 26411145 403 11686084273533893954
HIT 2 11534474 176 8103299092603655404
HIT 2 26411146 403 17073445869530864968
HIT 2 11534475 176 11687182307739583748
HIT 2 26411147 403 15144988024161610145
HIT 2 11534476 176 3904601831669829391
HIT 2 26411148 403 2276647796120604933
HIT 2 11534477 176 7727270058820132794
HIT 2 26411149 403 8252915157109084088
HIT 2 11534478 176 6509207576001297058
HIT 2 26411150 403 17437014221924572903
HIT 2 11534479 176 9446108766641886899
HIT 2 26411151 403 11159842098933338632
HIT 2 11534480 176 6611262315675354476
HIT 2 26411152 403 441450043426181261
HIT 2 11534481 176 774485998090730722
HIT 2 26411153 403 8302889126458784427
HIT 2 11534482 176 11332846181118028467
HIT 2 26411154 403 9998401133709359376
HIT 2 11534483 176 9725641615683527217
HIT 2 26411155 403 792680774253607553
HIT 2 11534484 176 10939743388511740351
HIT 2 26411156 403 699993327847016939
HIT 2 11534485 176 10189941167504429305
HIT 2 26411157 403 6397942884686070446
HIT 2 11534486 176 13674923796868647148
HIT 2 26411158 403 12370394630699239552
HIT 2 11534461 176 17322728619711683529
HIT 2 26411133 403 6731440244209062919
HIT 2 11534488 176 12992848419387809177
HIT 2 26411160 403 7280787805732555860
HIT 2 11534489 176 13830595240187522480
HIT 2 26411161 403 14354913546546711580
HIT 2 11534490 176 12913604237945358535
HIT 2 26411162 403 15951231088435698689
HIT 2 11534491 176 13133614994727973520
HIT 2 26411163 403 13225385547355240769
HIT 2 11534492 176 10526143315681460078
HIT 2 26411164 403 18340022508810956418
HIT 2 11534493 176 4150567903181040805
HIT 2 26411165 403 10764954299442751002
HIT 2 11534494 176 12658359402439547962
HIT 2 26411166 403 12813215870736142881
HIT 2 11534495 176 6213447568271245051
HIT 2 26411167 403 13903890750373071678
HIT 2 11534496 176 7014065550895485951
HIT 2 26411168 403 2645001811272064280
HIT 2 11534497 176 616809486958440976
HIT 2 26411169 403 5266899427051458915
HIT 2 11534498 176 12574345224160770192
HIT 2 26411170 403 9252029635998276822
HIT 2 11534499 176 6683884048939826050
HIT 2 26411171 403 5840969777378703776
HIT 2 11534500 176 11523611260052705246
HIT 2 26411172 403 15536414323169454076
HIT 2 11534501 176 3342647199656976697
HIT 2 26411173 403 3870636783747210058
HIT 2 11534502 176 13547884050794893069
HIT 2 26411174 403 13648705975784799863
HIT 2 11534503 176 4429965034733945573
HIT 2 26411175 403 17362103302733890214
HIT 2 11534504 176 1172199633894692670
HIT 2 26411176 403 3257826568643259838
HIT 2 11534505 176 9848434279339000277
HIT 2 26411177 403 14277705768234229384
HIT 2 11534506 176 16719513806575967706
HIT 2 26411178 403 16633284578225675733
HIT 2 11534507 176 2856096162791637074
HIT 2 26411179 403 13096803516672690
HIT 2 11403436 174 10744566022886899936
HIT 2 11534508 176 17121292856777796636
HIT 2 26411180 403 13656167015261605670
HIT 2 11534509 176 10744566022886899936
HIT 2 26411181 403 4647282418960164251
HIT 2 11534510 176 18248111442927090374
HIT 2 26280110 401 15259517537648409216
HIT 2 26345646 402 10433111770811441247
HIT 2 26411182 403 16911591147295048764
HIT 2 26542254 405 14453395395389789145
HIT 2 11534511 176 7749943006745906641
HIT 2 11665583 178 18248111442927090374
HIT 2 26411183 403 15165643570172746790
HIT 2 11665584 178 1337665214330721569
HIT 2 11731120 179 8314153549046046710
HIT 2 11796656 180 8585485940361417655
HIT 2 11862192 181 13768534716452192949
HIT 2 11927728 182 11583620862397574247
HIT 2 11993264 183 4103557816809061978
HIT 2 12058800 184 3643448474625978970
HIT 2 12124336 185 4518413849018298712
HIT 2 12189872 186 13125544342844128951
HIT 2 12255408 187 7361391128781598171
HIT 2 12320944 188 10051938608458350465
HIT 2 12386480 189 13557145174830651144
HIT 2 12452016 190 10296356490623044833
HIT 2 12517552 191 10532351409342088334
HIT 2 12583088 192 16754646238260202289
HIT 2 12648624 193 337922189942100153
HIT 2 12714160 194 9077830027789286907
HIT 2 12779696 195 3475829582314142549
HIT 2 12845232 196 2600231373811489370
HIT 2 12910768 197 17467380742267614068
HIT 2 12976304 198 13226323618957717548
HIT 2 13041840 199 9107089928308647967
HIT 2 13107376 200 10828640352849427929
HIT 2 13172912 201 4865509998742513370
HIT 2 13238448 202 12188917612153271918
HIT 2 13303984 203 3956284642906530813
HIT 2 13369520 204 17985926868117902932
HIT 2 13435056 205 9047759068868309579
HIT 2 13500592 206 7451651139404870684
HIT 2 13566128 207 6923806063792470068
HIT 2 13631664 208 15612311983293141377
HIT 2 13697200 209 17531481044807973933
HIT 2 13762736 210 14255399413930159052
HIT 2 13828272 211 10696155648529029530
HIT 2 13893808 212 16145382781349747014
HIT 2 13959344 213 508626881727556692
HIT 2 14024880 214 1186330475331019288
HIT 2 14090416 215 2557602799549993390
HIT 2 14155952 216 3107434402814909322
HIT 2 14221488 217 9107573474508718010
HIT 2 14287024 218 3977252954527947186
HIT 2 14352560 219 2677636743202099264
HIT 2 14418096 220 13033862217187252186
HIT 2 14483632 221 8022008427026089632
HIT 2 14549168 222 6660489362617142129
HIT 2 14614704 223 16048273128875943756
HIT 2 14680240 224 178049677648926487
HIT 2 14745776 225 5211141418584495294
HIT 2 14811312 226 3425371428841356669
HIT 2 14876848 227 11635277399967618297
HIT 2 14942384 228 12971263878002161613
HIT 2 15007920 229 1037218146491675845
HIT 2 15073456 230 16446688522273395913
HIT 2 15138992 231 13451240436348504776
HIT 2 15204528 232 15640340083089257145
HIT 2 15270064 233 15971592101248610394
HIT 2 15335600 234 16651868713003299438
HIT 2 15401136 235 1461961470915080612
HIT 2 15466672 236 5686292869090445659
HIT 2 15532208 237 9567503491412510726
HIT 2 15597744 238 12655337760482466644
HIT 2 15663280 239 4254473360572882096
HIT 2 15728816 240 11602718673860279620
HIT 2 15794352 241 18046391381107046518
HIT 2 15859888 242 14324979278073448454
HIT 2 15925424 243 15816642661753946425
HIT 2 15990960 244 2099641320080191505
HIT 2 16056496 245 16409412919457119003
HIT 2 16122032 246 7838877404475723720
HIT 2 16187568 247 16923722024224913114
HIT 2 16253104 248 2245982165201997202
HIT 2 16318640 249 6624057880454412962
HIT 2 16384176 250 7924836951571331057
HIT 2 16449712 251 7470405623677364137
HIT 2 16515248 252 18407615506235657578
HIT 2 16580784 253 12816810005383969653
HIT 2 16646320 254 5455961436607125777
HIT 2 16711856 255 16523686159897392297
HIT 2 16777392 256 15157628870788991213
HIT 2 16842928 257 2396669104722661887
HIT 2 16908464 258 9718758202689942923
HIT 2 16974000 259 2133321117675063851
HIT 2 17039536 260 14753345193204886006
HIT 2 17105072 261 10502521168704112356
HIT 2 17170608 262 12890081696727464772
HIT 2 17236144 263 16844949125619263785
HIT 2 17301680 264 14162303894584933254
HIT 2 17367216 265 31811522165691565
HIT 2 17432752 266 5086016154168269194
HIT 2 17498288 267 14495214958035245199
HIT 2 17563824 268 3525799904841582511
HIT 2 17629360 269 11994175152444643902
HIT 2 17694896 270 3570999106353985806
HIT 2 17760432 271 2791451098720359794
HIT 2 17825968 272 14537559857236223715
HIT 2 17891504 273 5275005871516608278
HIT 2 17957040 274 12738929060074780375
HIT 2 18022576 275 4129985947051600874
HIT 2 18088112 276 10409955729099012644
HIT 2 18153648 277 3903194642625847288
HIT 2 18219184 278 5136421745545033281
HIT 2 18284720 279 2010836166475182019
HIT 2 18350256 280 9862332521177362306
HIT 2 18415792 281 10680911968855913363
HIT 2 18481328 282 868410411222262368
HIT 2 18546864 283 8168863522462083623
HIT 2 18612400 284 4065165537531825895
HIT 2 18677936 285 13549520401034748008
HIT 2 18743472 286 728166865637582630
HIT 2 18809008 287 5361849212869001917
HIT 2 18874544 288 1792031729651996739
HIT 2 18940080 289 2357108017247109504
HIT 2 19005616 290 7918226237321535103
HIT 2 19071152 291 2410889614652470144
HIT 2 19136688 292 6544975288881816260
HIT 2 19202224 293 8151064967229027154
HIT 2 19267760 294 4832912032041804793
HIT 2 19333296 295 13703307018119901674
HIT 2 19398832 296 13069601472456684520
HIT 2 19464368 297 9537953913045189290
HIT 2 19529904 298 13650751505412600310
HIT 2 19595440 299 17299473298042341629
HIT 2 19660976 300 2527714023217775140
HIT 2 19726512 301 2898870308057004657
HIT 2 19792048 302 5538859103073180528
HIT 2 19857584 303 18300956893980096157
HIT 2 19923120 304 16867242000386053822
HIT 2 19988656 305 16606815163034293697
HIT 2 20054192 306 12547943811420791268
HIT 2 20119728 307 14981076118995839866
HIT 2 20185264 308 13073497307354085067
HIT 2 20250800 309 17529752300181328966
HIT 2 20316336 310 3120241376419085104
HIT 2 20381872 311 1807657050566776108
HIT 2 20447408 312 709924101942657434
HIT 2 20512944 313 7910842420291040925
HIT 2 20578480 314 4874749808402601979
HIT 2 20644016 315 12582386986038779959
HIT 2 20709552 316 5149387310841609050
HIT 2 20775088 317 18161039151661939631
HIT 2 20840624 318 12469921944844399721
HIT 2 20906160 319 1148641463718521126
HIT 2 20971696 320 10390962088929081200
HIT 2 21037232 321 5313875146982539870
HIT 2 21102768 322 4456521950183421968
HIT 2 21168304 323 15050960562685884348
HIT 2 21233840 324 17625439147410167414
HIT 2 21299376 325 13313231142966316443
HIT 2 21364912 326 6334376019843087399
HIT 2 21430448 327 9579880272202166470
HIT 2 21495984 328 7736328729056739051
HIT 2 21561520 329 1970258051515602309
HIT 2 21627056 330 10913812769763252455
HIT 2 21692592 331 15236846254590647403
HIT 2 21758128 332 13885250702808472081
HIT 2 21823664 333 4643430535511375563
HIT 2 21889200 334 4313208867796249219
HIT 2 21954736 335 7358810646510959282
HIT 2 22020272 336 5451148358394163242
HIT 2 22085808 337 4901745441505054406
HIT 2 22151344 338 14832554467058468395
HIT 2 22216880 339 15908117313796607654
HIT 2 22282416 340 8379886903175115413
HIT 2 22347952 341 17323178498474374643
HIT 2 22413488 342 4953694872896557536
HIT 2 22479024 343 12203313442089185774
HIT 2 22544560 344 11931049163322534685
HIT 2 22610096 345 13607435454950698296
HIT 2 22675632 346 6501666857989231324
HIT 2 22741168 347 820776524388872481
HIT 2 22806704 348 11747136986972579744
HIT 2 22872240 349 906231254704763353
HIT 2 22937776 350 9060578112972978630
HIT 2 23003312 351 16676743359710089967
HIT 2 23068848 352 679687903894827599
HIT 2 23134384 353 6452164801870232049
HIT 2 23199920 354 1465335763189819963
HIT 2 23265456 355 13939099493895285179
HIT 2 23330992 356 7025252788485123472
HIT 2 23396528 357 15474427131425573353
HIT 2 23462064 358 6662580076677071785
HIT 2 23527600 359 10825528398047051567
HIT 2 23593136 360 15950103963656325076
HIT 2 23658672 361 954443035110737914
HIT 2 23724208 362 18420936912768572558
HIT 2 23789744 363 16072725036760147331
HIT 2 23855280 364 14188210563197331436
HIT 2 23920816 365 2602090352532916106
HIT 2 23986352 366 6831307216308281498
HIT 2 24051888 367 5859474629641599422
HIT 2 24117424 368 10688882382563402256
HIT 2 24182960 369 5977086161450559149
HIT 2 24248496 370 4501866545608710652
HIT 2 24314032 371 11736336857689814269
HIT 2 24379568 372 2508325430621459012
HIT 2 24445104 373 8745196060613842718
HIT 2 24510640 374 11125380624686583586
HIT 2 24576176 375 13984574777890214654
HIT 2 24641712 376 1646662251567850236
HIT 2 24707248 377 1769117516424952384
HIT 2 24772784 378 5782303194372891769
HIT 2 24838320 379 13773926225159765569
HIT 2 24903856 380 6005286427787876042
HIT 2 24969392 381 15996268206581355589
HIT 2 25034928 382 923986456789316180
HIT 2 25100464 383 8679354967423723459
HIT 2 25166000 384 16216142756146759950
HIT 2 25231536 385 3482952564356225915
HIT 2 25297072 386 851425632919889427
HIT 2 25362608 387 1968394985318546479
HIT 2 25428144 388 4007197799354812281
HIT 2 25493680 389 13338166754106725731
HIT 2 25559216 390 11059593875892810031
HIT 2 25624752 391 18415596867211202399
HIT 2 25690288 392 6281295717788380942
HIT 2 25755824 393 9939581917440326131
HIT 2 25821360 394 13737203939630779928
HIT 2 25886896 395 13559829391344267655
HIT 2 25952432 396 1083858066554459786
HIT 2 26017968 397 13528173550162355243
HIT 2 26083504 398 16568957006634620267
HIT 2 26149040 399 17247659906220802525
HIT 2 26214576 400 1237205466268888527
HIT 2 26280112 401 4306966925378484921
HIT 2 26345648 402 9319864575899473774
HIT 2 26411184 403 16766107358883931339
HIT 2 26476720 404 2285748170771252372
HIT 2 26542256 405 17580923306585997969
HIT 2 26607792 406 5614910433618951828
HIT 2 26673328 407 8866626901239417135
HIT 2 26738864 408 12096824247720195164
HIT 2 26804400 409 8759185128260191478
HIT 2 26869936 410 6365631138544427436
HIT 2 26935472 411 15541879981760162828
HIT 2 27001008 412 4798038669351045888
HIT 2 27066544 413 2497076537757845760
HIT 2 27132080 414 5971491057656349603
HIT 2 27197616 415 14252497767969897114
HIT 2 27263152 416 354440673309628794
HIT 2 27328688 417 16062774735281577097
HIT 2 27394224 418 5957329587246622338
HIT 2 27459760 419 8922064210442996963
HIT 2 27525296 420 11392382815956405128
HIT 2 27590832 421 3025534035729820156
HIT 2 27656368 422 151092242195477742
HIT 2 27721904 423 7397381736177001745
HIT 2 27787440 424 5192799621303937788
HIT 2 27852976 425 4604779652373467465
HIT 2 27918512 426 7356367336154529912
HIT 2 27984048 427 12004051529242692371
HIT 2 28049584 428 3303274155150200122
HIT 2 28115120 429 16976972809200197068
HIT 2 28180656 430 17111880268894632892
HIT 2 28246192 431 10574349984071906259
HIT 2 28311728 432 848262279063384178
HIT 2 28377264 433 13786971277386958373
HIT 2 28442800 434 13895529001433364373
HIT 2 28508336 435 15843804252561573427
HIT 2 28573872 436 78127188267418701
HIT 2 28639408 437 10690766329786895405
HIT 2 28704944 438 2801087627615681407
HIT 2 28770480 439 4879311123311886970
HIT 2 28836016 440 1892540150790197397
HIT 2 28901552 441 1308550859384001269
HIT 2 28967088 442 967489911995520729
HIT 2 29032624 443 13536477823944907784
HIT 2 29098160 444 9166006734601866439
HIT 2 29163696 445 18082741238700383055
HIT 2 29229232 446 3966381866531825182
HIT 2 29294768 447 5627152005691851237
HIT 2 29360304 448 4842440682573960977
HIT 2 29425840 449 13071371326670048071
HIT 2 29491376 450 8505286911218267205
HIT 2 29556912 451 10013840163845363063
HIT 2 29622448 452 15403814132489279544
HIT 2 29687984 453 9198200609824312794
HIT 2 29753520 454 1469803830662611662
HIT 2 29819056 455 16002730801074939442
HIT 2 29884592 456 3218770865938967560
HIT 2 29950128 457 9529025040164572757
HIT 2 30015664 458 1884125519635573026
HIT 2 30081200 459 2939690246853496667
HIT 2 30146736 460 12666090746124365952
HIT 2 30212272 461 6037551356068857243
HIT 2 30277808 462 992579998894638163
HIT 2 30343344 463 362354779400076608
HIT 2 30408880 464 1161991633792388389
HIT 2 30474416 465 16549554929787019428
HIT 2 30539952 466 11313581196229507882
HIT 2 30605488 467 14182042203134334811
HIT 2 30671024 468 8510813199967505134
HIT 2 30736560 469 6361913519478735542
HIT 2 30802096 470 3250389834046789923
HIT 2 30867632 471 15260158129996802371
HIT 2 30933168 472 2296434423336590948
HIT 2 30998704 473 18193400776415819758
HIT 2 31064240 474 12938868216504372998
HIT 2 31129776 475 14247742548658883740
HIT 2 31195312 476 2756040349647122942
HIT 2 31260848 477 9933738193067116013
HIT 2 31326384 478 16128737036034111412
HIT 2 31391920 479 8902443134612071532
HIT 2 31457456 480 5164558716414692217
HIT 2 31522992 481 11405491166247590810
HIT 2 31588528 482 2223028706398202726
HIT 2 31654064 483 12756640650261179815
HIT 2 31719600 484 12553911513539078479
HIT 2 31785136 485 7244717090861649976
HIT 2 31850672 486 10344200127160500657
HIT 2 31916208 487 16087389042722415429
HIT 2 31981744 488 10356088912606597580
HIT 2 32047280 489 10759232083093302379
HIT 2 32112816 490 1736653007695969519
HIT 2 32178352 491 15465088580062014735
HIT 2 32243888 492 10570986533988469968
HIT 2 32309424 493 1427336870292049323
HIT 2 32374960 494 2535350676208003434
HIT 2 32440496 495 8094752242127361613
HIT 2 32506032 496 5371378918963746172
HIT 2 32571568 497 284711355450236623
HIT 2 32637104 498 7847813196127374458
HIT 2 32702640 499 11845416113516072082
HIT 2 32768176 500 12665705955044790277
HIT 2 32833712 501 196376231772216220
HIT 2 32899248 502 7526679985780525618
HIT 2 32964784 503 3712429000107543297
HIT 2 33030320 504 16753650652812587383
HIT 2 33095856 505 12613871254265725732
HIT 2 33161392 506 17976483863123339575
HIT 2 33226928 507 3418448221472299891
HIT 2 33292464 508 6263085927177439689
HIT 2 33358000 509 2358008975179434279
HIT 2 33423536 510 12901735792493190075
HIT 2 33489072 511 5325337759322064003
HIT 2 11665585 178 913693333282197347
HIT 2 11731121 179 13768534716452192949
HIT 2 11796657 180 1337665214330721569
HIT 2 26280113 401 6424409215894602343
HIT 2 26345649 402 13066225995240565438
HIT 2 26411185 403 15656053150743226130
HIT 2 26542257 405 3571536876664149943
HIT 2 26280114 401 2139309751096361191
HIT 2 26345650 402 3527711465541572679
HIT 2 26411186 403 1718815148287612523
HIT 2 26542258 405 6171206649010001486
HIT 2 11796659 180 12287994260343299565
HIT 2 26411187 403 8490543031625062826
HIT 2 26411188 403 9925733130714338551
HIT 2 26411189 403 16718552277085156114
HIT 2 26411190 403 14666494997039427273
HIT 2 11534419 176 10719349357494531336
HIT 2 26411091 403 6342509351012014850
HIT 2 26411192 403 10373712728236269198
HIT 2 26411193 403 14534420758011129276
HIT 2 26411194 403 12069951767735531528
HIT 2 26411195 403 3921176405707889037
HIT 2 26411196 403 6351839446745039730
HIT 2 26411197 403 15573557069678081193
HIT 2 26411198 403 18101578890832336741
HIT 2 26411199 403 10197387443062615310
HIT 2 26411200 403 10154956375712340037
HIT 2 26411201 403 15017680435767134382
HIT 2 26411202 403 2357061993890971670
HIT 2 26411203 403 7970759887991421163
HIT 2 26411204 403 4051706636712779224
HIT 2 26411205 403 2686978159229948523
HIT 2 26411206 403 7210060772180714450
HIT 2 26411207 403 18022310055715715997
HIT 2 26411208 403 2691682092823676333
HIT 2 26411209 403 14432840197059874566
HIT 2 26411210 403 15588692367519119409
HIT 2 26411211 403 2224331438962659094
HIT 2 26411212 403 3041920932675942336
HIT 2 26411213 403 5066537705131317338
HIT 2 26411214 403 11543738534602056536
HIT 2 26411215 403 15512701987704105089
HIT 2 26411216 403 1161898902289584147
HIT 2 26411217 403 11467828744634364592
HIT 2 26411218 403 14209116866217601271
HIT 2 26411219 403 11959858354165035807
HIT 2 26411220 403 9616736161101983892
HIT 2 26411221 403 302863829646004937
HIT 2 26411222 403 17961915802434773143
HIT 2 26411223 403 13322935458777811081
HIT 2 26411224 403 13493610321003285292
HIT 2 26411225 403 17655645757023582207
HIT 2 26411226 403 16818003770075371027
HIT 2 26411227 403 18292546652274737906
HIT 2 26411228 403 16987777071024981322
HIT 2 26411229 403 1764583418870660482
HIT 2 26411230 403 10575282455120980087
HIT 2 26411231 403 13333905257453528241
HIT 2 26411232 403 3952943113926176758
HIT 2 26411233 403 1206900826169931329
HIT 2 26411234 403 4784545633478105788
HIT 2 11534487 176 1417570816467656535
HIT 2 26411159 403 8797319941030933683
HIT 2 26411236 403 14533397553621842689
HIT 2 26411237 403 11383541923419172262
HIT 2 26411238 403 13674856723782924623
HIT 2 26411239 403 14541251016865271128
HIT 2 26411240 403 8854009845506275142
HIT 2 26411241 403 16021534462449949688
HIT 2 26411242 403 5824159785666452594
HIT 2 26411243 403 2128455754389844978
HIT 2 26411244 403 2246459076154128248
HIT 2 26411245 403 9587805440880678678
HIT 2 26411246 403 11844975947564638691
HIT 2 26411247 403 822854297779210673
HIT 2 26411248 403 11040823520658780616
HIT 2 26411249 403 11086508873561000341
HIT 2 26411250 403 4927225408350725197
HIT 2 26411251 403 35921966909188857
HIT 2 26411252 403 2684227624792984643
HIT 2 26411253 403 1547067717258465500
HIT 2 26411254 403 8549943493866921821
HIT 2 26411255 403 14285653312554644555
HIT 2 26411256 403 12875441068927648402
HIT 2 26411257 403 2265517782939271339
HIT 2 26411258 403 3688269914629743671
HIT 2 26411259 403 5720927361187750091
HIT 2 26411260 403 7301139638161113827
HIT 2 26411261 403 17291705551431781685
HIT 2 26411262 403 12166961033802802802
HIT 2 26411263 403 2978917875911611322
HIT 2 26411264 403 12981098293123261489
HIT 2 26411265 403 4415755652250151726
HIT 2 26411266 403 4336872485454335954
HIT 2 26411267 403 9296111840330250257
HIT 2 26411268 403 16844532188048400614
HIT 2 26411269 403 18092845021255626171
HIT 2 26411270 403 7131860021550950870
HIT 2 26411271 403 10850299856557459424
HIT 2 26411272 403 1013617461644221501
HIT 2 26411273 403 863035125278718212
HIT 2 26411274 403 11242680079206549084
HIT 2 26411275 403 5902110467540531801
HIT 2 26411276 403 1926328282500366224
HIT 2 26411277 403 797242940645006340
HIT 2 26411278 403 15984950740037501962
HIT 2 26411279 403 1489538253107097983
HIT 2 26411280 403 1864939793878045160
HIT 2 26411281 403 2564379243412486999
HIT 2 26411282 403 9514232273689092005
HIT 2 26411283 403 8752864291838373797
HIT 2 26411284 403 4199503304540179623
HIT 2 26411285 403 9378791443827562783
HIT 2 26411286 403 13195306311896744641
HIT 2 11534448 176 3831295614147045802
HIT 2 26411120 403 4144219427951748564
HIT 2 26411288 403 16207983043061121589
HIT 2 26411289 403 2010311277868969854
HIT 2 26411290 403 3517906614375523254
HIT 2 26411291 403 16345081954594593363
HIT 2 26411292 403 13617364102641711515
HIT 2 26411293 403 8624710003431173006
HIT 2 26411294 403 5817897424465273281
HIT 2 26411295 403 12842988716985445538
HIT 2 26411296 403 455979416779413461
HIT 2 26411297 403 13613950175415662565
HIT 2 26411298 403 3126761171443487037
HIT 2 26411299 403 13855958060101848480
HIT 2 26411300 403 4396607868710842892
HIT 2 26411301 403 10744756265365792845
HIT 2 26411302 403 7401658051213406449
HIT 2 26411303 403 16223266700677770962
HIT 2 26411304 403 18132180934950877986
HIT 2 26411305 403 14834420831603104665
HIT 2 26411306 403 2814332295619047000
HIT 2 26411307 403 7722759294985478641
HIT 2 26411308 403 18101762716663167617
HIT 2 26411309 403 6681003406674252667
HIT 2 26411310 403 124700339876356388
HIT 2 26411311 403 9123779497177563139
HIT 2 26411312 403 18317722373375837000
HIT 2 26411313 403 11582214485017547880
HIT 2 26411314 403 15800552364825369194
HIT 2 26411315 403 13912525368889118683
HIT 2 26411316 403 4858962183660752699
HIT 2 26411317 403 10129995367538948419
HIT 2 26411318 403 878253635831739047
HIT 2 26411319 403 17397106022142360654
HIT 2 26411320 403 1639693726172400042
HIT 2 26411321 403 1230956308011881266
HIT 2 26411322 403 13838373777827998758
HIT 2 26411323 403 13123025635232691151
HIT 2 26411324 403 10255367517622926701
HIT 2 26411325 403 345647995669549687
HIT 2 26411326 403 8771473116621177181
HIT 2 26411327 403 6784584115904266455
HIT 2 26411328 403 11888332718919429625
HIT 2 26411329 403 11235621961588073654
HIT 2 26411330 403 2603788187042950174
HIT 2 26411331 403 11232624645946726653
HIT 2 26411332 403 1971012540086382554
HIT 2 26411333 403 1881449516317301957
HIT 2 26411334 403 1752946171366393345
HIT 2 26411335 403 15548780360892224108
HIT 2 26411336 403 3747595385169410230
HIT 2 26411337 403 3307497234903155226
HIT 2 26411338 403 3808259557189607834
HIT 2 26411339 403 782020673614202552
HIT 2 26411340 403 15759326163990404412
HIT 2 26411341 403 1397670754592851913
HIT 2 26411342 403 3611619764609486106
HIT 2 26411343 403 1975088171163595006
HIT 2 26411344 403 7235938785087152565
HIT 2 26411345 403 15489334084814320363
HIT 2 26411346 403 15011014093572211518
HIT 2 26411347 403 6070705515586780473
HIT 2 26411348 403 3248011795548431492
HIT 2 26411349 403 16737081511650008444
HIT 2 26411350 403 238352719936682649
HIT 2 26411351 403 7542139346709644064
HIT 2 26411352 403 6624616518850978269
HIT 2 26411353 403 11835316866089256751
HIT 2 26411354 403 18195905008623981015
HIT 2 26411355 403 8610124535423174475
HIT 2 26411356 403 13832587368104788814
HIT 2 26411357 403 8043373228419391281
HIT 2 26411358 403 9356700477888589401
HIT 2 26411359 403 18117150918112134185
HIT 2 26411360 403 3291514735761436519
HIT 2 26411361 403 15557099905685165586
HIT 2 26411362 403 6433599230772320030
HIT 2 26411363 403 5251707816490279491
HIT 2 26411364 403 8479452730704523916
HIT 2 26411365 403 384755893498480179
HIT 2 26411366 403 13610739609254440317
HIT 2 26411367 403 10015026597948431935
HIT 2 26411368 403 16193373201605631872
HIT 2 26411369 403 11672744155058489179
HIT 2 26411370 403 3950868135499297505
HIT 2 26411371 403 17013830211525940262
HIT 2 26411372 403 12052212030507537796
HIT 2 26411373 403 3526889451919563211
HIT 2 26411374 403 17223183310559061004
HIT 2 26411375 403 6420945967951049677
HIT 2 26411376 403 5686046112639828992
HIT 2 26411377 403 3488992812924194684
HIT 2 26411378 403 8413267400024262735
HIT 2 26411379 403 12636806562468852477
HIT 2 26411380 403 8844367086569627046
HIT 2 26411235 403 17549188848201577577
HIT 2 26411382 403 16808263579717251070
HIT 2 26411383 403 11135841014828778513
HIT 2 26411384 403 18399708500849398781
HIT 2 26411385 403 13262252711822691882
HIT 2 26411386 403 10169140461819579324
HIT 2 26411387 403 14503583450663741651
HIT 2 26411388 403 11237118275725190647
HIT 2 26411389 403 16331922123163863567
HIT 2 26411390 403 3389834755249823680
HIT 2 26411391 403 14026845979806822743
HIT 2 26411392 403 10162713654350697355
HIT 2 26411393 403 15197482267186990200
HIT 2 26411394 403 2874280505546096792
HIT 2 26411395 403 5459850557744392890
HIT 2 26411396 403 10196496701874150062
HIT 2 26411397 403 15973336577267614624
HIT 2 26411398 403 18315563036458517936
HIT 2 26411399 403 13220208268675259014
HIT 2 26411400 403 10393624574984817939
HIT 2 26411401 403 16520164085998887712
HIT 2 26411402 403 13289676540697607667
HIT 2 26411403 403 11210232445313734213
HIT 2 26411404 403 2344470710094999629
HIT 2 26411405 403 8029360701345320957
HIT 2 26411406 403 8610657484506324138
HIT 2 26280335 401 8610657484506324138
HIT 2 26411407 403 18266640342591296651
HIT 2 26411408 403 7880530899278415820
HIT 2 26542480 405 17009565183004526874
HIT 2 26411409 403 17009565183004526874
HIT 2 26476946 404 10470444139307127135
HIT 2 26542482 405 13194623078986733297
HIT 2 26673554 407 15576748220695287213
HIT 2 26476947 404 11648705332449692676
HIT 2 26542483 405 15576748220695287213
HIT 2 26608019 406 10470444139307127135
HIT 2 26673555 407 16333715622002155278
HIT 2 26739091 408 1550210309066766983
HIT 2 26804627 409 8840724185650278969
HIT 2 26870163 410 5735718311521089733
HIT 2 26935699 411 6434363123820797929
HIT 2 27001235 412 18324053562784359513
HIT 2 27066771 413 74131171082114752
HIT 2 27132307 414 1175286049553072317
HIT 2 27197843 415 11276364956454815152
HIT 2 27263379 416 13477125849252121345
HIT 2 27328915 417 13474272797750310488
HIT 2 27394451 418 14368416665360226970
HIT 2 27459987 419 3445331631209358386
HIT 2 27525523 420 11148135216094291216
HIT 2 27591059 421 17987601349928114728
HIT 2 27656595 422 3101908844424912376
HIT 2 27722131 423 10744224286658752471
HIT 2 27787667 424 8006943889050659736
HIT 2 27853203 425 8974907602840435889
HIT 2 27918739 426 14891442939494216962
HIT 2 27984275 427 6755631857915816764
HIT 2 28049811 428 17889944494680692594
HIT 2 28115347 429 8891067332330585940
HIT 2 28180883 430 7671224495877478193
HIT 2 28246419 431 13114467834437639442
HIT 2 28311955 432 11688969031450212725
HIT 2 28377491 433 460849612102324301
HIT 2 28443027 434 15441822021565620852
HIT 2 28508563 435 14465279580050876470
HIT 2 28574099 436 9851148395261250949
HIT 2 28639635 437 16139043255060676978
HIT 2 28705171 438 3936210317245986933
HIT 2 28770707 439 3252904675871877167
HIT 2 28836243 440 8831730690326336924
HIT 2 28901779 441 1903974971175540145
HIT 2 28967315 442 6579973030173166554
HIT 2 29032851 443 18204177906023035813
HIT 2 29098387 444 9010868700812475021
HIT 2 29163923 445 6824662612923313385
HIT 2 29229459 446 15409033643100411439
HIT 2 29294995 447 4200513652235826436
HIT 2 29360531 448 3986741153836911742
HIT 2 29426067 449 4750258148982974106
HIT 2 29491603 450 1690036929397731121
HIT 2 29557139 451 11856224465257508485
HIT 2 29622675 452 18035078660446953355
HIT 2 29688211 453 2278537902709154222
HIT 2 29753747 454 10829252360548447775
HIT 2 29819283 455 9622866283314142597
HIT 2 29884819 456 3416793990254360119
HIT 2 29950355 457 4965190634738142169
HIT 2 30015891 458 10328220479386421344
HIT 2 30081427 459 16216788317138344485
HIT 2 30146963 460 6872149063959194307
HIT 2 30212499 461 6353371075650447669
HIT 2 30278035 462 5278423610955507207
HIT 2 30343571 463 10192961011154719296
HIT 2 30409107 464 2029027278634143669
HIT 2 30474643 465 6631131747342504087
HIT 2 30540179 466 7114956988232988458
HIT 2 30605715 467 7563787906397598351
HIT 2 30671251 468 11086327058367508319
HIT 2 30736787 469 14397680169789262855
HIT 2 30802323 470 1650031605821782155
HIT 2 30867859 471 12811416222511272444
HIT 2 30933395 472 12082878437398187531
HIT 2 30998931 473 14489390529695905021
HIT 2 31064467 474 16134686505596357230
HIT 2 31130003 475 4879906921300460380
HIT 2 31195539 476 5085837679006767153
HIT 2 31261075 477 2180416708261118486
HIT 2 31326611 478 11106567001017788915
HIT 2 31392147 479 2487261028058295334
HIT 2 31457683 480 14867348288451689591
HIT 2 31523219 481 8181037923416340074
HIT 2 31588755 482 10494948969759603106
HIT 2 31654291 483 7235746437757832834
HIT 2 31719827 484 7074372663340126189
HIT 2 31785363 485 11203117215652441255
HIT 2 31850899 486 2564165561460574913
HIT 2 31916435 487 12737804441603242845
HIT 2 31981971 488 14380178511058300
HIT 2 32047507 489 7465582859693440895
HIT 2 32113043 490 5165054064419703209
HIT 2 32178579 491 12991397249337055233
HIT 2 32244115 492 10694930796009125352
HIT 2 32309651 493 6207374114839098563
HIT 2 32375187 494 15701674313027180007
HIT 2 32440723 495 142508663329687829
HIT 2 32506259 496 17351694462094968614
HIT 2 32571795 497 11788524336614662367
HIT 2 32637331 498 17594206264463334172
HIT 2 32702867 499 8564788062604723630
HIT 2 32768403 500 7424198016966444733
HIT 2 32833939 501 13734217994575812508
HIT 2 32899475 502 16253305879625217849
HIT 2 32965011 503 12275146323158879438
HIT 2 33030547 504 11873577480384395165
HIT 2 33096083 505 15311053789545544419
HIT 2 33161619 506 6926339782364745815
HIT 2 33227155 507 9903943291021395586
HIT 2 33292691 508 8405359068293184172
HIT 2 33358227 509 18053800540898282408
HIT 2 33423763 510 1938191107585913862
HIT 2 33489299 511 14731827824628842599
HIT 2 26673556 407 16653218176736025316
HIT 2 26411287 403 3898137997823082969
HIT 2 26411191 403 6417511270066305159
HIT 2 26411381 403 11066800604527525041
DONE signed sz=2 range=[0,512) n=130560 zero=0 0.1s
