HIT 3 343597973510 80 13883068747109217488
HIT 3 837519212550 195 15098419344284215156
HIT 3 1288490778630 300 16855584467868348217
HIT 3 1722282475526 401 17822191449875892617
HIT 3 837523865605 195 4705373649903592108
HIT 3 1288495431685 300 15900157363851825374
HIT 3 1722287128581 401 18148846882257377416
HIT 3 837523865606 195 4166572096488756936
HIT 3 1288495431686 300 11960557516241181826
HIT 3 1722287128582 401 297084154859303120
HIT 3 1288502968325 300 12140234409737866653
HIT 3 1722294665221 401 14133422102782403224
HIT 3 837523734535 195 15147507460062667764
HIT 3 1288495300615 300 18200717812964146920
HIT 3 1722286997511 401 16069784115869585899
HIT 3 828933931015 193 5129262488696484894
HIT 3 833228898311 194 15929168246807554932
HIT 3 837523865607 195 965642751361981647
HIT 3 846113800199 197 12527255473899970221
HIT 3 1279905497095 298 17083807413669498522
HIT 3 1288495431687 300 5793123465897547855
HIT 3 1292790398983 301 72032088382600675
HIT 3 1297085366279 302 2396517647929067793
HIT 3 1713697193991 399 9401938174964248948
HIT 3 1717992161287 400 14049632078207414782
HIT 3 1722287128583 401 13442295506533685734
HIT 3 1730877063175 403 4790141137373363283
HIT 3 352192626695 82 13883068747109217488
HIT 3 837523931143 195 6658940317351864850
HIT 3 1288495497223 300 2009152860813822421
HIT 3 1722287194119 401 16387509140614343816
HIT 3 837523996679 195 17471220393773568300
HIT 3 1288495562759 300 204356091784036290
HIT 3 1722287259655 401 1739520582855877340
HIT 3 1288502968326 300 8331338249020362439
HIT 3 1722294665222 401 13608897356510441892
HIT 3 1722301546501 401 6986830480964528123
HIT 3 1722301546502 401 11270370972867365487
HIT 3 1288502837255 300 17733870332454238422
HIT 3 1722294534151 401 701708936120479053
HIT 3 846121271303 197 15098419344284215156
HIT 3 1288502902791 300 13328350198495872281
HIT 3 1722294599687 401 8786673248489209377
HIT 3 1279913033735 298 11196972997213951917
HIT 3 1288502968327 300 9151235706080540253
HIT 3 1292797935623 301 7318793299312370694
HIT 3 1297092902919 302 6243161167114157570
HIT 3 1713704730631 399 6262974496893992393
HIT 3 1717999697927 400 15135193604475480485
HIT 3 1722294665223 401 16183291094311742696
HIT 3 1730884599815 403 4555637217669672371
HIT 3 1288503099399 300 8951083885476831799
HIT 3 1722294796295 401 9696889553397456076
HIT 3 1722301415431 401 182879462459269337
HIT 3 1713711611911 399 14522399423609323018
HIT 3 1718006579207 400 15329245436736561453
HIT 3 1722301546503 401 13081763032073105063
HIT 3 1730891481095 403 663117262259941946
HIT 3 1297099849735 302 16855584467868348217
HIT 3 1722301612039 401 142958501966967690
HIT 3 1722301677575 401 16005229743233541803
HIT 3 837523865609 195 14714490653114139745
HIT 3 1288495431689 300 14961707248847206077
HIT 3 1722287128585 401 11883527376792445940
HIT 3 1730898034695 403 17822191449875892617
HIT 3 1288502968329 300 14881039523934399799
HIT 3 1722294665225 401 1807114003308364717
HIT 3 1722301546505 401 8729533942314618361
HIT 3 1288502968398 300 16336288834149070236
HIT 3 1722294665294 401 974760378659331478
HIT 3 1722301546574 401 1604309019332672290
HIT 3 837523996753 195 15002789007476657209
HIT 3 1288495562833 300 4133085048093038392
HIT 3 1722287259729 401 5662172469147815954
HIT 3 1288502837328 300 4744349037668078925
HIT 3 1722294534224 401 9472098219406500365
HIT 3 846121271376 197 15002789007476657209
HIT 3 1288502902864 300 5825562241659348561
HIT 3 1722294599760 401 346261839272735168
HIT 3 1279913033808 298 278126684972092508
HIT 3 1288502968400 300 9106063004002829615
HIT 3 1292797935696 301 314029803103053462
HIT 3 1297092902992 302 17465641029832194490
HIT 3 1713704730704 399 16440619519219296294
HIT 3 1717999698000 400 16326710017689007021
HIT 3 1722294665296 401 98910167249207138
HIT 3 1730884599888 403 7771855390764413730
HIT 3 1288503099472 300 8126209628518767052
HIT 3 1722294796368 401 16838213808828240369
HIT 3 1288502968402 300 7448133535323862355
HIT 3 1722294665298 401 15982957987457390499
HIT 3 1288502968401 300 5795116976452313318
HIT 3 1722294665297 401 9713395003885550867
HIT 3 1722301415504 401 17761755147132412936
HIT 3 1722301546578 401 16155140728863253298
HIT 3 1713711611984 399 17964747952260401302
HIT 3 1718006579280 400 18434630595846190785
HIT 3 1722301546576 401 15777890357314191785
HIT 3 1730891481168 403 4543197206377280929
HIT 3 1297099849808 302 4133085048093038392
HIT 3 1722301612112 401 13384107822311911654
HIT 3 1722301677648 401 17718076062667284744
HIT 3 1730898034768 403 5662172469147815954
HIT 3 1722301546577 401 12024323801475081140
HIT 3 1288503099586 300 5738678218786294948
HIT 3 1722294796482 401 8332471359743779526
HIT 3 1722301546689 401 16339155525366196808
HIT 3 1722301546690 401 9966908812184108846
HIT 3 1722301415619 401 5850284793667181125
HIT 3 1713711612099 399 18179836679460957271
HIT 3 1718006579395 400 3629706782433614806
HIT 3 1722301546691 401 465483728298888729
HIT 3 1730891481283 403 16674930925114087287
HIT 3 1297099849923 302 5738678218786294948
HIT 3 1722301612227 401 15521296329370827771
HIT 3 1722301677763 401 3858807258344261510
HIT 3 1730898034883 403 8332471359743779526
HIT 3 1722301546693 401 12095699129720499667
HIT 3 1722301677869 401 9807256612882778145
HIT 3 1730898034988 403 9807256612882778145
DONE signed sz=3 range=[0,512) n=22108160 zero=0 8.0s
