closure depth 6: 1247 rows x 2111 knobs
  rank mod p = 747
  obstructing certificates: 13
    support 21: [3568, 3576, 3578, 3580, 4702, 7930, 7936, 17820, 19297, 19299, 21336, 21617, 22257, 26719, 26731, 26733, 29539, 29712, 31932, 33796, 33929]   equations 168
    support 35: [1637, 1645, 1653, 3568, 3576, 3578, 3580, 4702, 7930, 7936, 8824, 8948, 15456, 15462, 17518, 17524, 17820, 19297, 19299, 20466, 21336, 21617, 21619, 22257, 26719, 26733, 29165, 29539, 29712, 29824, 31932, 33539, 33796, 35856, 36040]   equations 275
    support 35: [1637, 1645, 1653, 3568, 3576, 3578, 3580, 4702, 7930, 7936, 8824, 8948, 15456, 15462, 17518, 17524, 17820, 19297, 19299, 20466, 21336, 21617, 21619, 22257, 26719, 26733, 29165, 29539, 29712, 29824, 31932, 33539, 33796, 35856, 36042]   equations 275
    support 25: [3568, 3576, 3578, 3580, 4702, 7930, 7936, 15456, 15462, 17820, 19297, 19299, 20466, 21336, 21617, 21619, 22257, 26719, 26733, 29539, 29712, 29824, 31932, 33796, 39091]   equations 199
    support 23: [3568, 3576, 3578, 3580, 4702, 7930, 7936, 17820, 19297, 19299, 21336, 21617, 22257, 26719, 26731, 26733, 29539, 29712, 31932, 33796, 33937, 33938, 40068]   equations 172
    support 25: [3568, 3576, 3578, 3580, 4702, 7930, 7936, 15456, 15462, 17820, 19297, 19299, 20466, 21336, 21617, 21619, 22257, 26719, 26733, 29539, 29712, 29824, 31932, 33796, 40563]   equations 196
    support 25: [3568, 3576, 3578, 3580, 4702, 7930, 7936, 15456, 15462, 17820, 19297, 19299, 20466, 21336, 21617, 21619, 22257, 26719, 26733, 29539, 29712, 29824, 31932, 33796, 40622]   equations 198
    support 28: [3568, 3576, 3578, 3580, 4702, 7930, 7936, 15456, 15462, 17820, 19297, 19299, 20466, 21336, 21617, 21619, 22257, 25676, 26719, 26733, 29539, 29712, 29824, 31932, 33792, 33796, 40562, 40623]   equations 204
    support 22: [3568, 3576, 3578, 3580, 4702, 7930, 7936, 17820, 19297, 19299, 21336, 21617, 22257, 26719, 26731, 26733, 29539, 29712, 31932, 33796, 37640, 40969]   equations 167
    support 31: [3568, 3576, 3578, 3580, 4702, 7930, 7936, 15456, 15462, 17820, 19297, 19299, 20109, 20466, 21336, 21617, 21619, 22257, 25676, 26719, 26733, 29539, 29712, 29824, 31932, 32226, 33792, 33796, 40562, 40624, 41162]   equations 213
    support 42: [1637, 1645, 1653, 3568, 3576, 3578, 3580, 4702, 7930, 7936, 8824, 8948, 14179, 15456, 15462, 17518, 17520, 17521, 17524, 17820, 19297, 19299, 20466, 21336, 21617, 21619, 22257, 26719, 26733, 29165, 29539, 29712, 29824, 31932, 33539, 33541, 33542, 33796, 35856, 37636, 37676, 41774]   equations 278
    support 23: [3568, 3576, 3578, 3580, 4702, 7930, 7936, 17820, 19297, 19299, 21336, 21617, 22257, 26719, 26731, 26733, 29539, 29712, 31932, 33796, 37638, 37640, 42117]   equations 169
    support 25: [3568, 3576, 3578, 3580, 4702, 7930, 7936, 15456, 15462, 17820, 19297, 19299, 20466, 21336, 21617, 21619, 22257, 26719, 26733, 29539, 29712, 29824, 31932, 33796, 42245]   equations 195
  rows no knob can move: 0 []
  of those, currently FAILING: []
