system 2595 rows x 1726 knobs; failing 6 [7930, 29539, 35759, 35760, 40826, 41512]
nonzeros 6453
   col 0/1726 rank 1 (0s)
   col 200/1726 rank 201 (0s)
   col 400/1726 rank 401 (0s)
   col 600/1726 rank 601 (0s)
   col 800/1726 rank 801 (0s)
   col 1000/1726 rank 1001 (0s)
   col 1200/1726 rank 1201 (0s)
   col 1400/1726 rank 1401 (0s)
   col 1600/1726 rank 1601 (0s)
rank 1726 of min(2595,1726)  (0s)
inconsistent rows: 6
   certificate support 283: [19297, 23824, 31986, 28891, 13438, 21775, 11160, 18271, 16474, 29212, 323, 12193, 18431, 24439, 18279, 2465, 16239, 2451, 3580, 18221, 16745, 12318, 14388, 6062, 2481, 16231, 31539, 24445, 34799, 37935, 24101, 17363, 34656, 6056, 1505, 34381, 35609, 19986, 25572, 25266, 35510, 16729, 35514, 37028, 1046, 1519, 31603, 4447, 22213, 7748, 7789, 29226, 28542, 3967, 27981, 11174, 28482, 2564, 16737, 3873, 26422, 13673, 6496, 8428, 25543, 36357, 8655, 30228, 11166, 16482, 2457, 21336, 13665, 31442, 15531, 37303, 27352, 9404, 11846, 22221, 20839, 12201, 29539, 36040, 29253, 17518, 8948, 8824, 3568, 14515, 27069, 3576, 14523, 1645, 15462, 31643, 29457, 3584, 36289, 18593, 24249, 4067, 20831, 32758, 4710, 15753, 3493, 17931, 25559, 26731, 33929, 33539, 31595, 3947, 16660, 28434, 21165, 28534, 9145, 7289, 36473, 3254, 33168, 4650, 4083, 36194, 14352, 13992, 4075, 15539, 17616, 21604, 3955, 15834, 3501, 8084, 886, 8244, 32715, 7281, 34820, 24107, 4439, 2729, 9139, 28922, 34602, 7136, 17610, 1637, 20580, 15456, 37980, 8252, 13198, 2423, 31670, 197, 8962, 29824, 11508, 11388, 13430, 13449, 13375, 17923, 25551, 1653, 1048, 34373, 9911, 2489, 12185, 3933, 28268, 15856, 33306, 37106, 19931, 14507, 3959, 3260, 331, 24776, 2548, 22819, 15840, 1047, 17121, 17119, 36477, 36469, 36471, 29264, 14000, 1317, 23113, 20769, 7151, 21289, 35162, 38642, 30106, 38641, 30105, 4543, 15547, 4702, 33449, 33060, 28540, 28547, 35546, 35544, 28546, 28538, 5214, 16334, 25676, 33792, 21617, 7930, 3578, 40623, 40562, 29218, 2556, 32744, 36022, 9130, 8260, 7987, 28474, 894, 22475, 19939, 22827, 9153, 20142, 35856, 39032, 31672, 3939, 27325, 1040, 24339, 6194, 9436, 32766, 19992, 1739, 9919, 7130, 317, 8956, 15848, 1511, 7458, 11512, 3956, 3965, 8232, 8239, 3963, 36281, 9412, 6200, 29165, 4535, 11852, 28550, 17994, 25386, 14394, 2721, 1524, 8420, 2715, 15910, 17524, 3485, 22257, 4644]
   certificate support 283: [19299, 23824, 31986, 28891, 13438, 21775, 11160, 18271, 16474, 29212, 323, 12193, 18431, 24439, 18279, 2465, 16239, 2451, 3580, 18221, 16745, 12318, 14388, 6062, 2481, 16231, 31539, 24445, 34799, 37935, 24101, 17363, 34656, 6056, 1505, 34381, 35609, 19986, 25572, 25266, 35510, 16729, 35514, 37028, 1046, 1519, 31603, 4447, 22213, 7748, 7789, 29226, 28542, 3967, 27981, 11174, 28482, 2564, 16737, 3873, 26422, 13673, 6496, 8428, 25543, 36357, 8655, 30228, 11166, 16482, 2457, 21336, 13665, 31442, 15531, 37303, 27352, 9404, 11846, 22221, 20839, 12201, 29539, 36040, 29253, 17518, 8948, 8824, 3568, 14515, 27069, 3576, 14523, 1645, 15462, 31643, 29457, 3584, 36289, 18593, 24249, 4067, 20831, 32758, 4710, 15753, 3493, 17931, 25559, 26731, 33929, 33539, 31595, 3947, 16660, 28434, 21165, 28534, 9145, 7289, 36473, 3254, 33168, 4650, 4083, 36194, 14352, 13992, 4075, 15539, 17616, 21604, 3955, 15834, 3501, 8084, 886, 8244, 32715, 7281, 34820, 24107, 4439, 2729, 9139, 28922, 34602, 7136, 17610, 1637, 20580, 15456, 37980, 8252, 13198, 2423, 31670, 197, 8962, 29824, 11508, 11388, 13430, 13449, 13375, 17923, 25551, 1653, 1048, 34373, 9911, 2489, 12185, 3933, 28268, 15856, 33306, 37106, 19931, 14507, 3959, 3260, 331, 24776, 2548, 22819, 15840, 1047, 17121, 17119, 36477, 36469, 36471, 29264, 14000, 1317, 23113, 20769, 7151, 21289, 35162, 38642, 30106, 38641, 30105, 4543, 15547, 4702, 33449, 33060, 28540, 28547, 35546, 35544, 28546, 28538, 5214, 16334, 25676, 33792, 21617, 7930, 3578, 40623, 40562, 29218, 2556, 32744, 36022, 9130, 8260, 7987, 28474, 894, 22475, 19939, 22827, 9153, 20142, 35856, 39032, 31672, 3939, 27325, 1040, 24339, 6194, 9436, 32766, 19992, 1739, 9919, 7130, 317, 8956, 15848, 1511, 7458, 11512, 3956, 3965, 8232, 8239, 3963, 36281, 9412, 6200, 29165, 4535, 11852, 28550, 17994, 25386, 14394, 2721, 1524, 8420, 2715, 15910, 17524, 3485, 22257, 4644]
   certificate support 283: [30984, 23824, 31986, 28891, 13438, 21775, 11160, 18271, 16474, 29212, 323, 12193, 18431, 24439, 18279, 2465, 16239, 2451, 3580, 18221, 16745, 12318, 14388, 6062, 2481, 16231, 31539, 24445, 34799, 37935, 24101, 17363, 34656, 6056, 1505, 34381, 35609, 19986, 25572, 25266, 35510, 16729, 35514, 37028, 1046, 1519, 31603, 4447, 22213, 7748, 7789, 29226, 28542, 3967, 27981, 11174, 28482, 2564, 16737, 3873, 26422, 13673, 6496, 8428, 25543, 36357, 8655, 30228, 11166, 16482, 2457, 21336, 13665, 31442, 15531, 37303, 27352, 9404, 11846, 22221, 20839, 12201, 29539, 36040, 29253, 17518, 8948, 8824, 3568, 14515, 27069, 3576, 14523, 1645, 15462, 31643, 29457, 3584, 36289, 18593, 24249, 4067, 20831, 32758, 4710, 15753, 3493, 17931, 25559, 26731, 33929, 33539, 31595, 3947, 16660, 28434, 21165, 28534, 9145, 7289, 36473, 3254, 33168, 4650, 4083, 36194, 14352, 13992, 4075, 15539, 17616, 21604, 3955, 15834, 3501, 8084, 886, 8244, 32715, 7281, 34820, 24107, 4439, 2729, 9139, 28922, 34602, 7136, 17610, 1637, 20580, 15456, 37980, 8252, 13198, 2423, 31670, 197, 8962, 29824, 11508, 11388, 13430, 13449, 13375, 17923, 25551, 1653, 1048, 34373, 9911, 2489, 12185, 3933, 28268, 15856, 33306, 37106, 19931, 14507, 3959, 3260, 331, 24776, 2548, 22819, 15840, 1047, 17121, 17119, 36477, 36469, 36471, 29264, 14000, 1317, 23113, 20769, 7151, 21289, 35162, 38642, 30106, 38641, 30105, 4543, 15547, 4702, 33449, 33060, 28540, 28547, 35546, 35544, 28546, 28538, 5214, 16334, 25676, 33792, 21617, 7930, 3578, 40623, 40562, 29218, 2556, 32744, 36022, 9130, 8260, 7987, 28474, 894, 22475, 19939, 22827, 9153, 20142, 35856, 39032, 31672, 3939, 27325, 1040, 24339, 6194, 9436, 32766, 19992, 1739, 9919, 7130, 317, 8956, 15848, 1511, 7458, 11512, 3956, 3965, 8232, 8239, 3963, 36281, 9412, 6200, 29165, 4535, 11852, 28550, 17994, 25386, 14394, 2721, 1524, 8420, 2715, 15910, 17524, 3485, 22257, 4644]
   certificate support 283: [36185, 23824, 31986, 28891, 13438, 21775, 11160, 18271, 16474, 29212, 323, 12193, 18431, 24439, 18279, 2465, 16239, 2451, 3580, 18221, 16745, 12318, 14388, 6062, 2481, 16231, 31539, 24445, 34799, 37935, 24101, 17363, 34656, 6056, 1505, 34381, 35609, 19986, 25572, 25266, 35510, 16729, 35514, 37028, 1046, 1519, 31603, 4447, 22213, 7748, 7789, 29226, 28542, 3967, 27981, 11174, 28482, 2564, 16737, 3873, 26422, 13673, 6496, 8428, 25543, 36357, 8655, 30228, 11166, 16482, 2457, 21336, 13665, 31442, 15531, 37303, 27352, 9404, 11846, 22221, 20839, 12201, 29539, 36040, 29253, 17518, 8948, 8824, 3568, 14515, 27069, 3576, 14523, 1645, 15462, 31643, 29457, 3584, 36289, 18593, 24249, 4067, 20831, 32758, 4710, 15753, 3493, 17931, 25559, 26731, 33929, 33539, 31595, 3947, 16660, 28434, 21165, 28534, 9145, 7289, 36473, 3254, 33168, 4650, 4083, 36194, 14352, 13992, 4075, 15539, 17616, 21604, 3955, 15834, 3501, 8084, 886, 8244, 32715, 7281, 34820, 24107, 4439, 2729, 9139, 28922, 34602, 7136, 17610, 1637, 20580, 15456, 37980, 8252, 13198, 2423, 31670, 197, 8962, 29824, 11508, 11388, 13430, 13449, 13375, 17923, 25551, 1653, 1048, 34373, 9911, 2489, 12185, 3933, 28268, 15856, 33306, 37106, 19931, 14507, 3959, 3260, 331, 24776, 2548, 22819, 15840, 1047, 17121, 17119, 36477, 36469, 36471, 29264, 14000, 1317, 23113, 20769, 7151, 21289, 35162, 38642, 30106, 38641, 30105, 4543, 15547, 4702, 33449, 33060, 28540, 28547, 35546, 35544, 28546, 28538, 5214, 16334, 25676, 33792, 21617, 7930, 3578, 40623, 40562, 29218, 2556, 32744, 36022, 9130, 8260, 7987, 28474, 894, 22475, 19939, 22827, 9153, 20142, 35856, 39032, 31672, 3939, 27325, 1040, 24339, 6194, 9436, 32766, 19992, 1739, 9919, 7130, 317, 8956, 15848, 1511, 7458, 11512, 3956, 3965, 8232, 8239, 3963, 36281, 9412, 6200, 29165, 4535, 11852, 28550, 17994, 25386, 14394, 2721, 1524, 8420, 2715, 15910, 17524, 3485, 22257, 4644]
   certificate support 283: [40812, 23824, 31986, 28891, 13438, 21775, 11160, 18271, 16474, 29212, 323, 12193, 18431, 24439, 18279, 2465, 16239, 2451, 3580, 18221, 16745, 12318, 14388, 6062, 2481, 16231, 31539, 24445, 34799, 37935, 24101, 17363, 34656, 6056, 1505, 34381, 35609, 19986, 25572, 25266, 35510, 16729, 35514, 37028, 1046, 1519, 31603, 4447, 22213, 7748, 7789, 29226, 28542, 3967, 27981, 11174, 28482, 2564, 16737, 3873, 26422, 13673, 6496, 8428, 25543, 36357, 8655, 30228, 11166, 16482, 2457, 21336, 13665, 31442, 15531, 37303, 27352, 9404, 11846, 22221, 20839, 12201, 29539, 36040, 29253, 17518, 8948, 8824, 3568, 14515, 27069, 3576, 14523, 1645, 15462, 31643, 29457, 3584, 36289, 18593, 24249, 4067, 20831, 32758, 4710, 15753, 3493, 17931, 25559, 26731, 33929, 33539, 31595, 3947, 16660, 28434, 21165, 28534, 9145, 7289, 36473, 3254, 33168, 4650, 4083, 36194, 14352, 13992, 4075, 15539, 17616, 21604, 3955, 15834, 3501, 8084, 886, 8244, 32715, 7281, 34820, 24107, 4439, 2729, 9139, 28922, 34602, 7136, 17610, 1637, 20580, 15456, 37980, 8252, 13198, 2423, 31670, 197, 8962, 29824, 11508, 11388, 13430, 13449, 13375, 17923, 25551, 1653, 1048, 34373, 9911, 2489, 12185, 3933, 28268, 15856, 33306, 37106, 19931, 14507, 3959, 3260, 331, 24776, 2548, 22819, 15840, 1047, 17121, 17119, 36477, 36469, 36471, 29264, 14000, 1317, 23113, 20769, 7151, 21289, 35162, 38642, 30106, 38641, 30105, 4543, 15547, 4702, 33449, 33060, 28540, 28547, 35546, 35544, 28546, 28538, 5214, 16334, 25676, 33792, 21617, 7930, 3578, 40623, 40562, 29218, 2556, 32744, 36022, 9130, 8260, 7987, 28474, 894, 22475, 19939, 22827, 9153, 20142, 35856, 39032, 31672, 3939, 27325, 1040, 24339, 6194, 9436, 32766, 19992, 1739, 9919, 7130, 317, 8956, 15848, 1511, 7458, 11512, 3956, 3965, 8232, 8239, 3963, 36281, 9412, 6200, 29165, 4535, 11852, 28550, 17994, 25386, 14394, 2721, 1524, 8420, 2715, 15910, 17524, 3485, 22257, 4644]
   certificate support 45: [42245, 36040, 29253, 17518, 8948, 3580, 8824, 14515, 27069, 14523, 1645, 29457, 21617, 15462, 31643, 36289, 18593, 15753, 17931, 33539, 28434, 7289, 3254, 7281, 1637, 15456, 13198, 29824, 17923, 1653, 7930, 3568, 3578, 3584, 14507, 3260, 25676, 33792, 40623, 40562, 35856, 1739, 29165, 1524, 17524]
