HIT 2 3801122 58 4722034597980576887
HIT 2 22151202 338 1116345277794906142
HIT 2 24248354 370 9907128754655115313
HIT 2 29884450 456 6459531621448589443
HIT 2 22151226 338 7419539603963673261
HIT 2 24248378 370 6440757323371165445
HIT 2 29884474 456 9045214924114211453
HIT 2 24248658 370 16551412887873772478
HIT 2 29884754 456 11805612633151504304
HIT 2 29884786 456 5448082803524851568
DONE data/p_c0.txt sz=2 range=[0,512) n=130560 zero=0 0.1s
HIT 3 1451702747168 338 8013499767549792013
HIT 3 1589141700640 370 10157510640235497894
HIT 3 1958508888096 456 886922224767724979
HIT 3 1451702616098 338 3872644976040109411
HIT 3 1589141569570 370 1959605662683446767
HIT 3 1958508757026 456 4301930727056838843
HIT 3 1443112812578 336 15804408496617362548
HIT 3 1451702747170 338 4406477051456808325
HIT 3 1455997714466 339 8184257234531811082
HIT 3 1460292681762 340 9596138082684668763
HIT 3 1580551766050 368 14869961134560193041
HIT 3 1589141700642 370 12972624508249421614
HIT 3 1593436667938 371 2826051548806530450
HIT 3 1597731635234 372 9563027350180778726
HIT 3 1949918953506 454 10025360875711440802
HIT 3 1958508888098 456 13582858048551490047
HIT 3 1962803855394 457 9297590915994744783
HIT 3 1967098822690 458 9273772925714037496
HIT 3 257701904418 60 4722034597980576887
HIT 3 1451702812706 338 17531791030616254857
HIT 3 1589141766178 370 3894511255430638816
HIT 3 1958508953634 456 9010648094583222852
HIT 3 1451702878242 338 10185646871950630189
HIT 3 1589141831714 370 17792328408801722769
HIT 3 1958509019170 456 16095528432035416091
HIT 3 249110462499 58 4722034597980576887
HIT 3 1451701305379 338 1116345277794906142
HIT 3 1589140258851 370 9907128754655115313
HIT 3 1958507446307 456 6459531621448589443
HIT 3 1589160050720 370 10204741627853975018
HIT 3 1958527238176 456 18195977837786978515
HIT 3 1451702747171 338 529404422425427221
HIT 3 1589141700643 370 4069952158194992117
HIT 3 1958508888099 456 230736591431983369
HIT 3 1958529335328 456 14849650096941336865
HIT 3 1451702747172 338 13135827094100508433
HIT 3 1589141700644 370 15441046700222822823
HIT 3 1958508888100 456 4681541565625440807
HIT 3 1589159919650 370 588252978947507679
HIT 3 1958527107106 456 17385241326688215515
HIT 3 1580570116130 368 3704054722907668658
HIT 3 1589160050722 370 10407305753923364363
HIT 3 1593455018018 371 10568845675283759453
HIT 3 1597749985314 372 13919243933523071992
HIT 3 1949937303586 454 4771364153465722419
HIT 3 1958527238178 456 8355238827524581461
HIT 3 1962822205474 457 7155951531969071659
HIT 3 1967117172770 458 8369333966786732550
HIT 3 1460311097378 340 1116345277794906142
HIT 3 1589160116258 370 5762035871646156127
HIT 3 1958527303714 456 2505118830326942509
HIT 3 1589160181794 370 5246533290647511770
HIT 3 1958527369250 456 11946978632623395125
HIT 3 1958529204258 456 1144092646040104028
HIT 3 1949939400738 454 15391332642107942909
HIT 3 1958529335330 456 3449940787462846103
HIT 3 1962824302626 457 8218855444004428137
HIT 3 1967119269922 458 2048497960812860375
HIT 3 1597752148002 372 9907128754655115313
HIT 3 1958529400866 456 18016011385648273950
HIT 3 1958529466402 456 7845683940344819589
HIT 3 1967124971554 458 6459531621448589443
HIT 3 1589160050723 370 6627579796231062857
HIT 3 1958527238179 456 12472159540993173377
HIT 3 1958529335331 456 1514335624149363926
HIT 3 1589160050724 370 5191002414761909911
HIT 3 1958527238180 456 5589337547025781283
HIT 3 1958529335332 456 14361867037987302152
HIT 3 1451702878267 338 7419539603963673261
HIT 3 1589141831739 370 6440757323371165445
HIT 3 1958509019195 456 9045214924114211453
HIT 3 1589160050744 370 3514043685054984735
HIT 3 1958527238200 456 17074362998318810329
HIT 3 1958529335352 456 6755944794617723060
HIT 3 1589160050747 370 4346729578689708586
HIT 3 1958527238203 456 3042479384626374528
HIT 3 1958529335355 456 15491880819050864339
HIT 3 1589159919674 370 4764251968975529488
HIT 3 1958527107130 456 10660403978059988289
HIT 3 1580570116154 368 3003643326919040059
HIT 3 1589160050746 370 11583499484743070846
HIT 3 1593455018042 371 2999125145830680326
HIT 3 1597749985338 372 6910199940880826372
HIT 3 1949937303610 454 1890997767314456919
HIT 3 1958527238202 456 715531988537042116
HIT 3 1962822205498 457 2008970424909332656
HIT 3 1967117172794 458 10667259737533993790
HIT 3 1460311097402 340 7419539603963673261
HIT 3 1589160116282 370 4033553687874477335
HIT 3 1958527303738 456 10492603345175953813
HIT 3 1589160181818 370 15916258281277549837
HIT 3 1958527369274 456 1482296219407453859
HIT 3 1958529204282 456 701969545773342343
HIT 3 1949939400762 454 10488638949752253632
HIT 3 1958529335354 456 6142797014448887523
HIT 3 1962824302650 457 17188433633873895548
HIT 3 1967119269946 458 16839726624394924707
HIT 3 1597752148026 372 6440757323371165445
HIT 3 1958529400890 456 14249388159996565247
HIT 3 1958529466426 456 14419807821481780674
HIT 3 1967124971578 458 9045214924114211453
HIT 3 1589160050748 370 18372516333964346780
HIT 3 1958527238204 456 10408617759675076601
HIT 3 1958529335356 456 67990983060659365
HIT 3 1589160182099 370 16551412887873772478
HIT 3 1958527369555 456 11805612633151504304
HIT 3 1958529335632 456 17310207928014894811
HIT 3 1958529335635 456 5949156002206386600
HIT 3 1958529204562 456 13020457388774600131
HIT 3 1949939401042 454 8214355303199347846
HIT 3 1958529335634 456 15107832077282177905
HIT 3 1962824302930 457 4859808028827994248
HIT 3 1967119270226 458 18076182361742979012
HIT 3 1597752148306 372 16551412887873772478
HIT 3 1958529401170 456 10878804904077318048
HIT 3 1958529466706 456 18416105515543931782
HIT 3 1967124971858 458 11805612633151504304
HIT 3 1958529335636 456 4926310774867120831
HIT 3 1967124971890 458 5448082803524851568
HIT 3 1958529466739 456 5448082803524851568
DONE data/p_c0.txt sz=3 range=[0,512) n=22108160 zero=0 3.6s
HIT 2 5177403 79 135571452200982007
HIT 2 5636155 86 2101056633317979165
HIT 2 15401019 235 716365503620312054
HIT 2 24379451 372 10103537773102944735
HIT 2 5636175 86 3953068085892347845
HIT 2 15401039 235 16957215989298803863
HIT 2 24379471 372 12799486990697645636
HIT 2 15401046 235 15867546500792459279
HIT 2 24379478 372 9916594022305017636
HIT 2 24379627 372 11383902130262251383
DONE data/p_ones.txt sz=2 range=[0,512) n=130560 zero=0 0.0s
HIT 3 369372364857 86 13071431428223732507
HIT 3 1009322491961 235 16149666063558007338
HIT 3 1597733011513 372 3462916041838559186
HIT 3 1009322950713 235 7086774557009821643
HIT 3 1597733470265 372 12741774493284140201
HIT 3 369372233787 86 8133237936296721058
HIT 3 1009322360891 235 5103533591655105373
HIT 3 1597732880443 372 18422337479855133860
HIT 3 347897462843 81 135571452200982007
HIT 3 369372299323 86 15711209599186627200
HIT 3 1009322426427 235 12423299859297401572
HIT 3 339306414138 79 135571452200982007
HIT 3 369371185210 86 2101056633317979165
HIT 3 1009321312314 235 716365503620312054
HIT 3 1597731831866 372 10103537773102944735
HIT 3 369372364858 86 13871137247878421792
HIT 3 1009322491962 235 13032017251770686814
HIT 3 1597733011514 372 15308044689288377662
HIT 3 1009322950714 235 4640572009324911463
HIT 3 1597733470266 372 15608796135547695948
HIT 3 1597732945979 372 17130019932309719467
HIT 3 360782430267 84 10714004111126744635
HIT 3 369372364859 86 13872450050457271291
HIT 3 373667332155 87 5714571274108147232
HIT 3 377962299451 88 6325819552203680963
HIT 3 1000732557371 233 13613993394155128090
HIT 3 1005027524667 234 10341302561486662030
HIT 3 1009322491963 235 15686928672946200810
HIT 3 1017912426555 237 17145451841735507177
HIT 3 1589143076923 370 2992782076207701786
HIT 3 1597733011515 372 11118266813618808001
HIT 3 1602027978811 373 4583592324435591784
HIT 3 1606322946107 374 8375556567287689244
HIT 3 369372495931 86 16973656727682590758
HIT 3 1009322623035 235 8435412852192055599
HIT 3 1597733142587 372 12192344597578461709
HIT 3 1009322819643 235 10500910981320357479
HIT 3 1597733339195 372 16921834692789926562
HIT 3 1000733016123 233 16315704370041163341
HIT 3 1005027983419 234 8501488394337624089
HIT 3 1009322950715 235 14051424463100241625
HIT 3 1017912885307 237 4265870879554611308
HIT 3 1589143535675 370 14909954474545954531
HIT 3 1597733470267 372 6932557739799073859
HIT 3 1602028437563 373 2610493920690019417
HIT 3 1606323404859 374 8316912429525963128
HIT 3 377962823739 88 2101056633317979165
HIT 3 1009323016251 235 4698558056193750720
HIT 3 1597733535803 372 14103976289397026013
HIT 3 1009323081787 235 13869461665139715522
HIT 3 1597733601339 372 2396560375989548947
HIT 3 1597743235129 372 8805367821881434836
HIT 3 1597743104059 372 4179332178190571582
HIT 3 1017922584635 237 716365503620312054
HIT 3 1597743169595 372 14577866088760787096
HIT 3 1589153300539 370 17500321681985477240
HIT 3 1597743235131 372 3192678035181738310
HIT 3 1602038202427 373 4120757636237870440
HIT 3 1606333169723 374 14841047472001562756
HIT 3 1597743366203 372 10872827216248638114
HIT 3 1597743235130 372 16170007174177751155
HIT 3 369372364861 86 13228748314395900225
HIT 3 1009322491965 235 588608408382125100
HIT 3 1597733011517 372 7930502141820548986
HIT 3 1009322950717 235 8959658272162624610
HIT 3 1597733470269 372 18104451374488905784
HIT 3 1606342213691 374 10103537773102944735
HIT 3 1597743235133 372 13896558891869174176
HIT 3 369372495950 86 3953068085892347845
HIT 3 1009322623054 235 16957215989298803863
HIT 3 1597733142606 372 12799486990697645636
HIT 3 1009322950734 235 6653211535191003707
HIT 3 1597733470286 372 13681887418750716792
HIT 3 1009322950733 235 11672880308294574304
HIT 3 1597733470285 372 11468113770261131027
HIT 3 1009322819663 235 15596779061036632891
HIT 3 1597733339215 372 12894163108709443174
HIT 3 1000733016143 233 7967018239904661413
HIT 3 1005027983439 234 860543221157116034
HIT 3 1009322950735 235 16859792197111452349
HIT 3 1017912885327 237 15686722683261582563
HIT 3 1589143535695 370 15455766354643178778
HIT 3 1597733470287 372 13637904627392318051
HIT 3 1602028437583 373 4352806391713082128
HIT 3 1606323404879 374 14103905296961066508
HIT 3 377962823759 88 3953068085892347845
HIT 3 1009323016271 235 7350644916861957042
HIT 3 1597733535823 372 1331024157051107409
HIT 3 1009323081807 235 268622886972462453
HIT 3 1597733601359 372 3243803039161171063
HIT 3 1597743235149 372 11749060088644351868
HIT 3 1597743235150 372 9335621663227627399
HIT 3 1597743104079 372 12913242086872336648
HIT 3 1017922584655 237 16957215989298803863
HIT 3 1597743169615 372 16576160285847744201
HIT 3 1589153300559 370 9203016770763423219
HIT 3 1597743235151 372 11202557761254844988
HIT 3 1602038202447 373 14330324536103652332
HIT 3 1606333169743 374 8669804181530234879
HIT 3 1597743366223 372 6402205384973773699
HIT 3 1009322950737 235 9878493042845765775
HIT 3 1597733470289 372 17424593835259618520
HIT 3 1606342213711 374 12799486990697645636
HIT 3 1597743235153 372 4705097393936026491
HIT 3 1009323081815 235 15867546500792459279
HIT 3 1597733601367 372 9916594022305017636
HIT 3 1597743235156 372 9830404942635261197
HIT 3 1597743104086 372 16573868745444984196
HIT 3 1017922584662 237 15867546500792459279
HIT 3 1597743169622 372 11753965474375474848
HIT 3 1589153300566 370 13549594693243179851
HIT 3 1597743235158 372 14148503696319751592
HIT 3 1602038202454 373 1213549432807810629
HIT 3 1606333169750 374 18113200530127708324
HIT 3 1597743366230 372 8270134803488529230
HIT 3 1606342213718 374 9916594022305017636
HIT 3 1597743235159 372 8427137774998922983
HIT 3 1597743235160 372 7553258045152752701
HIT 3 1597743366378 372 11383902130262251383
HIT 3 1606342213867 374 11383902130262251383
DONE data/p_ones.txt sz=3 range=[0,512) n=22108160 zero=0 2.7s
HIT 2 7143440 109 18085104110460362196
HIT 2 7733264 118 10274636505525447107
HIT 2 10878992 166 14469706853079344946
HIT 2 27721744 423 636102409134385323
HIT 2 7733357 118 14759371706743653340
HIT 2 10879085 166 5924163289582765380
HIT 2 27721837 423 8854953652164557701
HIT 2 10879094 166 11831764427992587049
HIT 2 27721846 423 16934520275386274562
HIT 2 27721894 423 16744992213674370017
DONE data/p_a55.txt sz=2 range=[0,512) n=130560 zero=0 0.0s
HIT 3 506813284366 118 18282029423199884502
HIT 3 712971714574 166 11215699058142009743
HIT 3 1816778309646 423 17026235552667462923
HIT 3 712972304398 166 17570704782679149058
HIT 3 1816778899470 423 15560408431232440079
HIT 3 1816782045198 423 13408291453215730123
HIT 3 506813153296 118 11944140500512958593
HIT 3 712971583504 166 12732275131901676464
HIT 3 1816778178576 423 7814674759015392569
HIT 3 476748447760 111 18085104110460362196
HIT 3 506813218832 118 12192057170858668138
HIT 3 712971649040 166 8606954514260935350
HIT 3 1816778244112 423 7384730908297932543
HIT 3 498223349776 116 9467366765137441762
HIT 3 506813284368 118 949399234137733464
HIT 3 511108251664 119 14004708109289780979
HIT 3 515403218960 120 18164919102300971553
HIT 3 704381779984 164 17011052823013664708
HIT 3 712971714576 166 16085649289704966662
HIT 3 717266681872 167 7480968744006682304
HIT 3 721561649168 168 9611395298728833514
HIT 3 1808188375056 421 5766111244008204466
HIT 3 1812483342352 422 10458856784608327192
HIT 3 1816778309648 423 17368410979664519145
HIT 3 1825368244240 425 4151809335075107048
HIT 3 506813415440 118 9309814078024074705
HIT 3 712971845648 166 3542254557884462810
HIT 3 1816778440720 423 12357009317056170015
HIT 3 712972173328 166 9027652680665800468
HIT 3 1816778768400 423 12649072602650537174
HIT 3 704382369808 164 7209239736749172
HIT 3 712972304400 166 12409922618658333818
HIT 3 717267271696 167 12695047378923663568
HIT 3 721562238992 168 11133085551047530240
HIT 3 1808188964880 421 317596833058043962
HIT 3 1812483932176 422 3235876084709766360
HIT 3 1816778899472 423 15429172204195274237
HIT 3 1825368834064 425 9155630076628568267
HIT 3 515403874320 120 10274636505525447107
HIT 3 712972369936 166 5921195263708479922
HIT 3 1816778965008 423 16736179004929808713
HIT 3 712972435472 166 16933966906774085473
HIT 3 1816779030544 423 6617579658092952228
HIT 3 1816781914128 423 11429012869170548403
HIT 3 1808192110608 421 4822106593941104773
HIT 3 1812487077904 422 16119860656055973799
HIT 3 1816782045200 423 15641646288776409288
HIT 3 1825371979792 425 10153453803642246818
HIT 3 721565450256 168 14469706853079344946
HIT 3 1816782110736 423 4285008276561184022
HIT 3 1816782176272 423 4626334733989555122
HIT 3 468152614929 109 18085104110460362196
HIT 3 506807320593 118 10274636505525447107
HIT 3 712965750801 166 14469706853079344946
HIT 3 1816772345873 423 636102409134385323
HIT 3 1825388757008 425 636102409134385323
HIT 3 506813284369 118 8962647421819785798
HIT 3 712971714577 166 4786531020300532805
HIT 3 1816778309649 423 11984906290350512612
HIT 3 712972304401 166 17783352158918236687
HIT 3 1816778899473 423 8151119838827387276
HIT 3 506813284370 118 4399542862730702112
HIT 3 712971714578 166 8245864382864259069
HIT 3 1816778309650 423 4815931683185738577
HIT 3 712972304402 166 5881883405782475121
HIT 3 1816778899474 423 8065603175786423747
HIT 3 1816782045201 423 8313432777668683124
HIT 3 1816782045202 423 11140464432354363428
HIT 3 712972304491 166 15247671388720725149
HIT 3 1816778899563 423 9376598288342465274
HIT 3 1816782045291 423 16529172458204431672
HIT 3 506813415532 118 14759371706743653340
HIT 3 712971845740 166 5924163289582765380
HIT 3 1816778440812 423 8854953652164557701
HIT 3 712972304492 166 3585432075665732497
HIT 3 1816778899564 423 16098236765766012948
HIT 3 712972173421 166 8433869966932661539
HIT 3 1816778768493 423 1409735991548359910
HIT 3 704382369901 164 10966360141853263333
HIT 3 712972304493 166 1342499750693291897
HIT 3 717267271789 167 3501310456905405656
HIT 3 721562239085 168 15226405562869908601
HIT 3 1808188964973 421 1972109336461721081
HIT 3 1812483932269 422 15680747370387999697
HIT 3 1816778899565 423 13691181640481652404
HIT 3 1825368834157 425 13110319698116714958
HIT 3 515403874413 120 14759371706743653340
HIT 3 712972370029 166 475587986932037823
HIT 3 1816778965101 423 16589847232208206435
HIT 3 712972435565 166 1250060818354539545
HIT 3 1816779030637 423 6805318567262593038
HIT 3 1816781914221 423 4022751675611533886
HIT 3 1808192110701 421 4282215248377752583
HIT 3 1816782045292 423 3002665013908349112
HIT 3 1812487077997 422 2431573365431909630
HIT 3 1816782045293 423 15700617469089273612
HIT 3 1825371979885 425 1375493867970263719
HIT 3 721565450349 168 5924163289582765380
HIT 3 1816782110829 423 2387845252865970041
HIT 3 1816782176365 423 6848565491176303043
HIT 3 712972304495 166 15544203870035899359
HIT 3 1816778899567 423 11790915209179891044
HIT 3 1816782045295 423 4478652824485813828
HIT 3 1825388757101 425 8854953652164557701
HIT 3 1816782045300 423 11195549750323507160
HIT 3 1816781914230 423 4032775671976764399
HIT 3 1808192110710 421 13013101614025721028
HIT 3 1812487078006 422 5108977079402205645
HIT 3 1816782045302 423 12308264155074653599
HIT 3 1825371979894 425 11321517790589971291
HIT 3 721565450358 168 11831764427992587049
HIT 3 1816782110838 423 7532910991332859171
HIT 3 1816782176374 423 12520921315204967831
HIT 3 712972435575 166 11831764427992587049
HIT 3 1816779030647 423 16934520275386274562
HIT 3 1816782045304 423 9543286985821857336
HIT 3 1816782045303 423 8667192559893140957
HIT 3 1825388757110 425 16934520275386274562
HIT 3 1816782176423 423 16744992213674370017
HIT 3 1825388757158 425 16744992213674370017
DONE data/p_a55.txt sz=3 range=[0,512) n=22108160 zero=0 3.6s
HIT 2 8781911 134 4474732124262933791
HIT 2 12779607 195 12803332895288753697
HIT 2 14483543 221 11112941526478255174
HIT 2 15007831 229 2214632862376344808
HIT 2 12779654 195 4133659867894178619
HIT 2 14483590 221 6562194030458681714
HIT 2 15007878 229 2290911358669205185
HIT 2 14483651 221 3562183021368925590
HIT 2 15007939 229 12031270851413799365
HIT 2 15007965 229 1103461649926475849
DONE data/p_a01.txt sz=2 range=[0,512) n=130560 zero=0 0.1s
HIT 3 575531450454 134 4474732124262933791
HIT 3 837524455510 195 12803332895288753697
HIT 3 949193605206 221 11112941526478255174
HIT 3 983553343574 229 2214632862376344808
HIT 3 837527404630 195 606754945889327732
HIT 3 949196554326 221 16266026765225507234
HIT 3 983556292694 229 14459016022692542751
HIT 3 837527404629 195 17667266075066789271
HIT 3 949196554325 221 18028883578442643429
HIT 3 983556292693 229 17907336954730615862
HIT 3 949200552022 221 9126593122387937357
HIT 3 983560290390 229 12039421136332982081
HIT 3 983561994326 229 11905323492292319987
HIT 3 949200552021 221 8313950921468161171
HIT 3 983560290389 229 13421971179744443109
HIT 3 983561994325 229 4790315342785038597
HIT 3 837527273559 195 6070901103727372100
HIT 3 949196423255 221 7852966886848858634
HIT 3 983556161623 229 13793974536904728022
HIT 3 828937470039 193 13645789953517713391
HIT 3 833232437335 194 17021676640338462401
HIT 3 837527404631 195 17445187469151391341
HIT 3 846117339223 197 12866782396224842669
HIT 3 940606619735 219 7397145009844574156
HIT 3 944901587031 220 1600066602940536398
HIT 3 949196554327 221 17806657334718262423
HIT 3 957786488919 223 5149420031707016777
HIT 3 974966358103 227 7785946343074983373
HIT 3 979261325399 228 4116207206944694807
HIT 3 983556292695 229 16948669106373830484
HIT 3 992146227287 231 2040591136372365836
HIT 3 584124399703 136 4474732124262933791
HIT 3 837527470167 195 12528021271285744331
HIT 3 949196619863 221 4224741020458023980
HIT 3 983556358231 229 10439537909678593019
HIT 3 837527535703 195 1509466110326055898
HIT 3 949196685399 221 4180869873087083975
HIT 3 983556423767 229 4785818742730621904
HIT 3 949200420951 221 6982501930845509595
HIT 3 983560159319 229 2197745050077711196
HIT 3 846121271383 197 12803332895288753697
HIT 3 949200486487 221 3996725429349212212
HIT 3 983560224855 229 7579972015942798367
HIT 3 940610617431 219 9984187296308171425
HIT 3 944905584727 220 2471156326296638294
HIT 3 949200552023 221 15148033363473300219
HIT 3 957790486615 223 8123195245872937047
HIT 3 974970355799 227 5742414499918387821
HIT 3 979265323095 228 16838894603573847910
HIT 3 983560290391 229 16523553275245348872
HIT 3 992150224983 231 13929920606020535665
HIT 3 949200683095 221 8363604377019460544
HIT 3 983560421463 229 6443615235935291057
HIT 3 983561863255 229 14996121570442407979
HIT 3 957792125015 223 11112941526478255174
HIT 3 983561928791 229 869222779745188052
HIT 3 974972059735 227 16392994348558509750
HIT 3 979267027031 228 1698827858302206856
HIT 3 983561994327 229 17953185736220920828
HIT 3 992151928919 231 257212928518517733
HIT 3 983562125399 229 5306300940416806843
HIT 3 992152387671 231 2214632862376344808
HIT 3 837527404633 195 8985506189742895468
HIT 3 949196554329 221 2304948979514822880
HIT 3 983556292697 229 8452278034479449243
HIT 3 949200552025 221 188964422909698714
HIT 3 983560290393 229 17672128268489977135
HIT 3 983561994329 229 10397095072939759483
HIT 3 949200552068 221 17068343388525174554
HIT 3 983560290436 229 5802909934713803959
HIT 3 837527535751 195 4133659867894178619
HIT 3 949196685447 221 6562194030458681714
HIT 3 983556423815 229 2290911358669205185
HIT 3 983561994372 229 14440091983015394768
HIT 3 949200552071 221 5937499568769637227
HIT 3 983560290439 229 16357004991033496520
HIT 3 983561994375 229 3355946039175035959
HIT 3 949200420998 221 5897766482551436152
HIT 3 983560159366 229 15455294808952597947
HIT 3 846121271430 197 4133659867894178619
HIT 3 949200486534 221 476255771218909436
HIT 3 983560224902 229 5737278892678341437
HIT 3 940610617478 219 7798077885141064033
HIT 3 944905584774 220 16000320844457851740
HIT 3 949200552070 221 15919109151602951178
HIT 3 957790486662 223 17335228759862233885
HIT 3 974970355846 227 7346397806731813918
HIT 3 979265323142 228 16140865285825504474
HIT 3 983560290438 229 8052090746822962981
HIT 3 992150225030 231 3505254964715440999
HIT 3 949200683142 221 4822012987655890082
HIT 3 983560421510 229 8180639673386794699
HIT 3 983561863302 229 14965381432638986737
HIT 3 957792125062 223 6562194030458681714
HIT 3 983561928838 229 9485748365761451294
HIT 3 974972059782 227 13898222649365841784
HIT 3 979267027078 228 8361800793713233595
HIT 3 983561994374 229 6138063164414366707
HIT 3 992151928966 231 16767720231480723269
HIT 3 949200552072 221 11568966225457724161
HIT 3 983560290440 229 9382602702472368952
HIT 3 983562125446 229 4303366396990305706
HIT 3 992152387718 231 2290911358669205185
HIT 3 983561994376 229 16987080535266920472
HIT 3 949200683202 221 3562183021368925590
HIT 3 983560421570 229 12031270851413799365
HIT 3 983561994434 229 553226524840341486
HIT 3 983561994433 229 11368917579344816547
HIT 3 983561863363 229 5260155059261923657
HIT 3 957792125123 223 3562183021368925590
HIT 3 983561928899 229 6792841109488722764
HIT 3 974972059843 227 14926980432270661855
HIT 3 979267027139 228 12090436546458006057
HIT 3 983561994435 229 18033540996092787634
HIT 3 992151929027 231 18383874479993236553
HIT 3 983562125507 229 1640257969538197164
HIT 3 992152387779 231 12031270851413799365
HIT 3 983561994437 229 3935364148570459160
HIT 3 983562125532 229 1103461649926475849
HIT 3 992152387805 231 1103461649926475849
DONE data/p_a01.txt sz=3 range=[0,512) n=22108160 zero=0 3.5s
HIT 2 1769476 27 7672852784550454206
HIT 2 5373956 82 5882462696607583716
HIT 2 23330820 356 14063149097891902990
HIT 2 28311556 432 4020333542159602596
HIT 2 5373979 82 13119913483513968759
HIT 2 23330843 356 4302488312443280620
HIT 2 28311579 432 7666545345819014630
HIT 2 23330898 356 7504012115350011725
HIT 2 28311634 432 13002785950885153273
HIT 2 28311908 432 7839761506534694239
DONE data/p_inv3.txt sz=2 range=[0,512) n=130560 zero=0 0.1s
HIT 3 352189087746 82 2080612418716905587
HIT 3 1529010126850 356 1384906527842445855
HIT 3 1855427641346 432 5638888088924266827
HIT 3 1529013731330 356 12405178581041218085
HIT 3 1855431245826 432 8290880835210138572
HIT 3 352188956676 82 14948084271045661667
HIT 3 1529009995780 356 16006002263974785680
HIT 3 1855427510276 432 11471396049902651265
HIT 3 124555755524 29 7672852784550454206
HIT 3 352189022212 82 1380348336911142117
HIT 3 1529010061316 356 2164819535858728256
HIT 3 1855427575812 432 6610305389926272592
HIT 3 343599153156 80 16265430639025789536
HIT 3 352189087748 82 14995242290092965802
HIT 3 356484055044 83 1977887450745925690
HIT 3 360779022340 84 10560917865346284046
HIT 3 1520420192260 354 11466977660956131930
HIT 3 1529010126852 356 13344196023670928883
HIT 3 1533305094148 357 68666116008132803
HIT 3 1537600061444 358 7314431061416692577
HIT 3 1846837706756 430 14610944084999522432
HIT 3 1855427641348 432 1052413721776274050
HIT 3 1859722608644 433 6109574712019142028
HIT 3 1864017575940 434 666230337909350632
HIT 3 352189218820 82 11297671463418290641
HIT 3 1529010257924 356 4257032184686842788
HIT 3 1855427772420 432 13295711948608724535
HIT 3 1855449202690 432 15858056399537787823
HIT 3 115964510213 27 7672852784550454206
HIT 3 352187711493 82 5882462696607583716
HIT 3 1529008750597 356 14063149097891902990
HIT 3 1855426265093 432 4020333542159602596
HIT 3 352189087749 82 2180350327472016719
HIT 3 1529010126853 356 18343876148409143212
HIT 3 1855427641349 432 8272688740257590192
HIT 3 1529013600260 356 15284567381384638756
HIT 3 1855431114756 432 17762586845783665749
HIT 3 1520423796740 354 5676218718483217438
HIT 3 1529013731332 356 9569306282955824615
HIT 3 1533308698628 357 5916569524856320450
HIT 3 1537603665924 358 1114472290566421825
HIT 3 1846841311236 430 13965161809731240991
HIT 3 1855431245828 432 8491249979850362575
HIT 3 1859726213124 433 4427782156888564749
HIT 3 1864021180420 434 4115122045325773605
HIT 3 360782692356 84 5882462696607583716
HIT 3 1529013796868 356 16361705169018918020
HIT 3 1855431311364 432 4764981706033401980
HIT 3 1529013862404 356 13300004581054858759
HIT 3 1855431376900 432 3004531700618055461
HIT 3 352189087750 82 12705367395817657997
HIT 3 1529010126854 356 17681477413784279422
HIT 3 1855427641350 432 5772009045439380368
HIT 3 1529013731333 356 12831375139957503269
HIT 3 1855431245829 432 16271151009678503985
HIT 3 1529013731334 356 3651636949068873221
HIT 3 1855431245830 432 8352527657702240544
HIT 3 1855449071620 432 6478384338450156657
HIT 3 1846859268100 430 4319079982909119347
HIT 3 1855449202692 432 975127789506376746
HIT 3 1859744169988 433 7768194536415767392
HIT 3 1864039137284 434 10283135957964633433
HIT 3 1537621688324 358 14063149097891902990
HIT 3 1855449268228 432 577544178060663690
HIT 3 1855449333764 432 7186174273151224944
HIT 3 1864044183556 434 4020333542159602596
HIT 3 1855449202693 432 10562075106972121700
HIT 3 1855449202694 432 413246317044648589
HIT 3 1529013731353 356 12491412636249400404
HIT 3 1855431245849 432 15107907821220347768
HIT 3 352189218842 82 13119913483513968759
HIT 3 1529010257946 356 4302488312443280620
HIT 3 1855427772442 432 7666545345819014630
HIT 3 1529013731354 356 18429641496952302136
HIT 3 1855431245850 432 15897060323930235615
HIT 3 1529013600283 356 10922754007126099502
HIT 3 1855431114779 432 13421464812382026434
HIT 3 1520423796763 354 14146600319028276163
HIT 3 1529013731355 356 8287454097152343927
HIT 3 1533308698651 357 4051006637287039346
HIT 3 1537603665947 358 9201758845438833480
HIT 3 1846841311259 430 5296601034129294290
HIT 3 1855431245851 432 12022809262339611449
HIT 3 1859726213147 433 7252846705099454989
HIT 3 1864021180443 434 3754666346063141445
HIT 3 360782692379 84 13119913483513968759
HIT 3 1529013796891 356 7250580578590939039
HIT 3 1855431311387 432 7469752330453794082
HIT 3 1529013862427 356 7768054320904163241
HIT 3 1855431376923 432 15996004502583919490
HIT 3 1855449202713 432 3490516823422542638
HIT 3 1529013731357 356 6657810574773272439
HIT 3 1855431245853 432 44875946158930438
HIT 3 1855449071643 432 9882180818110905828
HIT 3 1846859268123 430 4865837894654704493
HIT 3 1855449202715 432 10796202419516549654
HIT 3 1859744170011 433 13858546415700546835
HIT 3 1864039137307 434 13902582366827544119
HIT 3 1537621688347 358 4302488312443280620
HIT 3 1855449268251 432 7011009126386713861
HIT 3 1855449333787 432 13319475326873097024
HIT 3 1864044183579 434 7666545345819014630
HIT 3 1855449202717 432 2176038869692208989
HIT 3 1855449202714 432 7525821155198315046
HIT 3 1855449202768 432 9633358981350085692
HIT 3 1529013862483 356 7504012115350011725
HIT 3 1855431376979 432 13002785950885153273
HIT 3 1855449071698 432 16806996412173033852
HIT 3 1846859268178 430 11026725462779813758
HIT 3 1855449202770 432 2794387158291602742
HIT 3 1859744170066 433 16822884340494430631
HIT 3 1864039137362 434 16717833561285769938
HIT 3 1537621688402 358 7504012115350011725
HIT 3 1855449268306 432 15180589962459992802
HIT 3 1855449333842 432 10127072386539861937
HIT 3 1864044183634 434 13002785950885153273
HIT 3 1855449202772 432 2214884761288287275
HIT 3 1855449202771 432 18324694086878894130
HIT 3 1855449334117 432 7839761506534694239
HIT 3 1864044183908 434 7839761506534694239
DONE data/p_inv3.txt sz=3 range=[0,512) n=22108160 zero=0 3.6s
HIT 2 20512916 313 12374736472790133611
HIT 2 24838292 379 9318697386230245870
HIT 2 30474388 465 4538255201752391837
HIT 2 32702612 499 17372352577873880262
HIT 2 24838457 379 2485563313997825685
HIT 2 30474553 465 16720451832819098235
HIT 2 32702777 499 10563076562262911580
HIT 2 30474619 465 15015722776099390639
HIT 2 32702843 499 16693762546033799886
HIT 2 32702929 499 3549476874350922991
DONE data/p_lam.txt sz=2 range=[0,512) n=130560 zero=0 0.1s
HIT 3 1627813118098 379 17315310438682660268
HIT 3 1997180305554 465 7334583178515541546
HIT 3 2143209193618 499 416858778020549410
HIT 3 1997184630930 465 15486790488001473987
HIT 3 2143213518994 499 402540728096235734
HIT 3 1344334594197 313 12374736472790133611
HIT 3 1627802435733 379 9318697386230245870
HIT 3 1997169623189 465 4538255201752391837
HIT 3 2143198511253 499 17372352577873880262
HIT 3 2143219155090 499 16612729270001203583
HIT 3 1627812987028 379 13705297598150628766
HIT 3 1997180174484 465 15081224351952195812
HIT 3 2143209062548 499 14105248234522709051
HIT 3 1352935145620 315 12374736472790133611
HIT 3 1627813052564 379 15652418652693749507
HIT 3 1997180240020 465 15296559688027720529
HIT 3 2143209128084 499 10277577808644109856
HIT 3 1619223183508 377 18196550360214229221
HIT 3 1623518150804 378 16838741527261181029
HIT 3 1627813118100 379 17479713888769239046
HIT 3 1636403052692 381 4572383481773996397
HIT 3 1988590370964 463 3088277198036786810
HIT 3 1992885338260 464 16972409367740583423
HIT 3 1997180305556 465 8970314006081062812
HIT 3 2005770240148 467 11386408391769682182
HIT 3 2134619259028 497 8160251654395293109
HIT 3 2138914226324 498 5333182474264727141
HIT 3 2143209193620 499 11083008992316862829
HIT 3 2151799128212 501 1789027732190150633
HIT 3 1627813249172 379 3663376533047279275
HIT 3 1997180436628 465 4264630787570454475
HIT 3 2143209324692 499 3988869296417115452
HIT 3 1997184499860 465 16858944069655152429
HIT 3 2143213387924 499 13997160243324029922
HIT 3 1636407312532 381 9318697386230245870
HIT 3 1997184565396 465 6098741993604746463
HIT 3 2143213453460 499 14249821885110685098
HIT 3 1988594696340 463 7703103802562466478
HIT 3 1992889663636 464 13417921535595062955
HIT 3 1997184630932 465 15905398050435716333
HIT 3 2005774565524 467 11980233441828912473
HIT 3 2134623584404 497 1578224675002493947
HIT 3 2138918551700 498 1430274423424789357
HIT 3 2143213518996 499 8545445508660621570
HIT 3 2151803453588 501 15413216863532617167
HIT 3 1997184762004 465 2261968019705053306
HIT 3 2143213650068 499 13665406663867552080
HIT 3 1627813118101 379 15021153550255706401
HIT 3 1997180305557 465 7072709725210253301
HIT 3 2143209193621 499 11144117221693864613
HIT 3 2143219024020 499 12736689640102051855
HIT 3 2005780136084 467 4538255201752391837
HIT 3 2143219089556 499 15199659528978188154
HIT 3 2134629220500 497 17294714270333396948
HIT 3 2138924187796 498 8067138362625326186
HIT 3 2143219155092 499 1217028793933647869
HIT 3 2151809089684 501 1673668268942152894
HIT 3 2143219286164 499 6909248620579369195
HIT 3 2151811252372 501 17372352577873880262
HIT 3 1627813118102 379 4213545360312468699
HIT 3 1997180305558 465 14293309673151165071
HIT 3 2143209193622 499 13153676515668730761
HIT 3 1997184630933 465 3789196084421793924
HIT 3 2143213518997 499 1528423700212159784
HIT 3 2143219155093 499 3669577214604376577
HIT 3 1997184630934 465 10293187320054439317
HIT 3 2143213518998 499 12078438944089758606
HIT 3 2143219155094 499 2003405197826775328
HIT 3 1997184631095 465 7389228400315029227
HIT 3 2143213519159 499 4049857152676844737
HIT 3 1627813249336 379 2485563313997825685
HIT 3 1997180436792 465 16720451832819098235
HIT 3 2143209324856 499 10563076562262911580
HIT 3 2143219155255 499 18259313200458179316
HIT 3 1997184500025 465 11803540889472196457
HIT 3 2143213388089 499 1571781610971128542
HIT 3 1636407312697 381 2485563313997825685
HIT 3 1997184565561 465 14885741916001700955
HIT 3 2143213453625 499 8482353366600042128
HIT 3 1988594696505 463 2317940894435445499
HIT 3 1992889663801 464 4030335173322659812
HIT 3 1997184631097 465 18113903595038264703
HIT 3 2005774565689 467 11511130330227462838
HIT 3 2134623584569 497 15319826223703520104
HIT 3 2138918551865 498 788809300031266111
HIT 3 2143213519161 499 5886268889650416970
HIT 3 2151803453753 501 18063534911602494884
HIT 3 1997184762169 465 3154972689055272175
HIT 3 2143213650233 499 1576543068320409708
HIT 3 1997184631096 465 15001928818961751390
HIT 3 2143213519160 499 9883882714036284349
HIT 3 2143219155256 499 16115112457187444327
HIT 3 1997184631099 465 4473905878641455145
HIT 3 2143213519163 499 18157359656907351991
HIT 3 2143219024185 499 8839002635347259979
HIT 3 2005780136249 467 16720451832819098235
HIT 3 2143219089721 499 6796246889984572611
HIT 3 2134629220665 497 8043845963563262137
HIT 3 2138924187961 498 9175413793776220895
HIT 3 2143219155257 499 14540107491383680061
HIT 3 2151809089849 501 3560149392695336525
HIT 3 2143219286329 499 6197703880804577498
HIT 3 2151811252537 501 10563076562262911580
HIT 3 2143219155259 499 3700370240785748101
HIT 3 1997184762234 465 15015722776099390639
HIT 3 2143213650298 499 16693762546033799886
HIT 3 2143219155322 499 5967145323225412359
HIT 3 2143219155325 499 2329425107045145015
HIT 3 2143219155321 499 12005423352389916609
HIT 3 2143219024251 499 11532890163788585434
HIT 3 2005780136315 467 15015722776099390639
HIT 3 2143219089787 499 17071318428748678107
HIT 3 2134629220731 497 9450827749418312186
HIT 3 2138924188027 498 14588973252196044268
HIT 3 2143219155323 499 16980741782646825967
HIT 3 2151809089915 501 584540939479048993
HIT 3 2143219286395 499 10701157365847109583
HIT 3 2151811252603 501 16693762546033799886
HIT 3 2143219286480 499 3549476874350922991
HIT 3 2151811252689 501 3549476874350922991
DONE data/p_lam.txt sz=3 range=[0,512) n=22108160 zero=0 4.3s
HIT 2 9240633 141 6345680386616419225
HIT 2 15532089 237 9387654661946630674
HIT 2 18219065 278 4629035181175404616
HIT 2 31064121 474 14426346514388337117
HIT 2 15532173 237 2557286531386016196
HIT 2 18219149 278 9835173109990837362
HIT 2 31064205 474 599353090366264576
HIT 2 18219245 278 4738878844329917251
HIT 2 31064301 474 6626051454222423880
HIT 2 31064342 474 13459772940942707458
DONE data/p_2p256.txt sz=2 range=[0,512) n=130560 zero=0 0.1s
HIT 3 605594255416 141 6345680386616419225
HIT 3 1017911115832 237 9387654661946630674
HIT 3 1194004774968 278 4629035181175404616
HIT 3 2035818364984 474 14426346514388337117
HIT 3 1017916489783 237 7971989327778798988
HIT 3 1194010148919 278 9584104616086912088
HIT 3 2035823738935 474 4240121411560486730
HIT 3 1017916489784 237 12861615576028367279
HIT 3 1194010148920 278 14699923080178900530
HIT 3 2035823738936 474 7049526066979234499
HIT 3 1017916358713 237 14841177543076472578
HIT 3 1194010017849 278 2115371389108424497
HIT 3 2035823607865 474 18122099370756148408
HIT 3 614189498425 143 6345680386616419225
HIT 3 1017916424249 237 5682044654633604203
HIT 3 1194010083385 278 16880248396480141122
HIT 3 2035823673401 474 11627346916915612127
HIT 3 1009326555193 235 7876137595920736494
HIT 3 1013621522489 236 1511351681899650846
HIT 3 1017916489785 237 648496976235413766
HIT 3 1026506424377 239 12859351243745258045
HIT 3 1185420214329 276 15030971283953904273
HIT 3 1194010148921 278 13672814399446928538
HIT 3 1198305116217 279 1720421590641104767
HIT 3 1202600083513 280 2121076246906881608
HIT 3 2027233804345 472 16624503017312763436
HIT 3 2035823738937 474 13873918987867157915
HIT 3 2040118706233 475 12062956650866771159
HIT 3 2044413673529 476 16025471778931240614
HIT 3 1017916620857 237 14809267788407943646
HIT 3 1194010279993 278 7923050230728520884
HIT 3 2035823870009 474 9637425780747758080
HIT 3 1194016440375 278 17652528212199604856
HIT 3 2035830030391 474 10030324208243241972
HIT 3 2035832717367 474 17293215784016323803
HIT 3 1194016440376 278 17204557055822864927
HIT 3 2035830030392 474 13673826919524106412
HIT 3 1194016309305 278 14554070665865241745
HIT 3 2035829899321 474 3453821392829780104
HIT 3 1026512650297 239 9387654661946630674
HIT 3 1194016374841 278 3004668134322370858
HIT 3 2035829964857 474 16672292466520245703
HIT 3 1185426505785 276 9290700570484107426
HIT 3 1194016440377 278 4548413924278380345
HIT 3 1198311407673 279 15970587723302994145
HIT 3 1202606374969 280 16523704209348607681
HIT 3 2027240095801 472 5053805841855949120
HIT 3 2035830030393 474 5006035541440260249
HIT 3 2040124997689 475 14638787720690933802
HIT 3 2044419964985 476 5747966370823873969
HIT 3 1194016571449 278 4986559570047966437
HIT 3 2035830161465 474 9155463384996680404
HIT 3 2035832717368 474 6741633344811730271
HIT 3 2035832586297 474 8085647360678718552
HIT 3 2027242782777 472 12951041291864970526
HIT 3 2035832717369 474 5439863456293104787
HIT 3 2040127684665 475 5772325106256410737
HIT 3 2044422651961 476 4899955155564370480
HIT 3 1202609127481 280 4629035181175404616
HIT 3 2035832782905 474 7443179790649264134
HIT 3 2035832848441 474 9941805447723278114
HIT 3 2044435562553 476 14426346514388337117
HIT 3 1017916489787 237 5590548144619413845
HIT 3 1194010148923 278 16405520317141680600
HIT 3 2035823738939 474 4593090833386074044
HIT 3 1194016440379 278 13089493391978695938
HIT 3 2035830030395 474 4233057213258251260
HIT 3 2035832717371 474 2590158083698356548
HIT 3 1194016440459 278 12640807518418121081
HIT 3 2035830030475 474 4230661113787517445
HIT 3 2035832717451 474 10582324990428018178
HIT 3 1017916620940 237 2557286531386016196
HIT 3 1194010280076 278 9835173109990837362
HIT 3 2035823870092 474 599353090366264576
HIT 3 1194016440460 278 14319217447617535925
HIT 3 2035830030476 474 17114668128922567982
HIT 3 2035832717452 474 2333984659756558456
HIT 3 1194016309389 278 4254520020344053892
HIT 3 2035829899405 474 16335348063909427723
HIT 3 1026512650381 239 2557286531386016196
HIT 3 1194016374925 278 12145958138393659666
HIT 3 2035829964941 474 7039926277061137246
HIT 3 1185426505869 276 885034508197911715
HIT 3 1194016440461 278 10113165509316639883
HIT 3 1198311407757 279 16903590065099287566
HIT 3 1202606375053 280 8952263784560613599
HIT 3 2027240095885 472 12722365805033979287
HIT 3 2035830030477 474 16201402420013492070
HIT 3 2040124997773 475 2010415473831470251
HIT 3 2044419965069 476 474770906021547693
HIT 3 1194016571533 278 959517761136783623
HIT 3 2035830161549 474 2668642859579740727
HIT 3 1194016440463 278 14306834243504792190
HIT 3 2035830030479 474 9767431744149301732
HIT 3 2035832586381 474 11855216371440007028
HIT 3 2027242782861 472 4864049979168435579
HIT 3 2035832717453 474 18376576476193377034
HIT 3 2040127684749 475 11375815121908625893
HIT 3 2044422652045 476 17405972100893256848
HIT 3 1202609127565 280 9835173109990837362
HIT 3 2035832782989 474 14787483748631983344
HIT 3 2035832848525 474 4271525499266435283
HIT 3 2035832717455 474 18092873489710479212
HIT 3 2044435562637 476 599353090366264576
HIT 3 2035832717547 474 11174041508648772692
HIT 3 1194016571628 278 4738878844329917251
HIT 3 2035830161644 474 6626051454222423880
HIT 3 2035832717548 474 1167904472880662019
HIT 3 2035832586477 474 11516156749849165853
HIT 3 2027242782957 472 995680182929725671
HIT 3 2035832717549 474 7930271083733230102
HIT 3 2040127684845 475 18442898325932405224
HIT 3 2044422652141 476 9547576793151525237
HIT 3 1202609127661 280 4738878844329917251
HIT 3 2035832783085 474 13896170197114643462
HIT 3 2035832848621 474 14832209078778811440
HIT 3 2035832717551 474 5969490860183777475
HIT 3 2044435562733 476 6626051454222423880
HIT 3 2035832848663 474 13459772940942707458
HIT 3 2044435562774 476 13459772940942707458
DONE data/p_2p256.txt sz=3 range=[0,512) n=22108160 zero=0 3.6s
HIT 2 10289305 157 14937064922775731721
HIT 2 12058777 184 2102179214215859935
HIT 2 27328665 417 3644816368135229908
HIT 2 29687961 453 5556597716449390111
HIT 2 12058781 184 15530323807601625464
HIT 2 27328669 417 4552592580400090075
HIT 2 29687965 453 2640311622366468876
HIT 2 27328696 417 17098443793987638949
HIT 2 29687992 453 3590428544585675334
HIT 2 29688225 453 16077859660460854767
DONE data/p_d1e76.txt sz=2 range=[0,512) n=130560 zero=0 0.1s
HIT 3 790284271767 184 982269452078960716
HIT 3 1791011651735 417 15135251215383909523
HIT 3 1945630474391 453 14828058648194379845
HIT 3 1791013421207 417 297464824452677075
HIT 3 1945632243863 453 13720948840328651491
HIT 3 682909892760 159 14937064922775731721
HIT 3 790284075160 184 12009592636161234536
HIT 3 1791011455128 417 3498810554749243108
HIT 3 1945630277784 453 2082627981080335588
HIT 3 674320023704 157 14937064922775731721
HIT 3 790284140696 184 2102179214215859935
HIT 3 1791011520664 417 3644816368135229908
HIT 3 1945630343320 453 5556597716449390111
HIT 3 790284271768 184 13138328260905137984
HIT 3 1791011651736 417 13737034623517697667
HIT 3 1945630474392 453 8360111893333251269
HIT 3 790284402840 184 1678009840484626078
HIT 3 1791011782808 417 2168533478250454708
HIT 3 1945630605464 453 15937827674562868711
HIT 3 1791013421208 417 10035854766052054524
HIT 3 1945632243864 453 12185457553378527792
HIT 3 790284140697 184 13138328260905137984
HIT 3 1791011520665 417 13737034623517697667
HIT 3 1945630343321 453 8360111893333251269
HIT 3 682910023833 159 14937064922775731721
HIT 3 790284206233 184 12009592636161234536
HIT 3 1791011586201 417 3498810554749243108
HIT 3 1945630408857 453 2082627981080335588
HIT 3 781694337177 182 7924041380210354212
HIT 3 790284271769 184 3241451679952654150
HIT 3 794579239065 185 7942138784673864016
HIT 3 798874206361 186 6426492089227198081
HIT 3 1782421717145 415 9653388454062297151
HIT 3 1786716684441 416 16907767665403003943
HIT 3 1791011651737 417 9212112090860701930
HIT 3 1799601586329 419 5385138740562256481
HIT 3 1937040539801 451 1796982389758943065
HIT 3 1941335507097 452 10682626570527131837
HIT 3 1945630474393 453 14429333415145234430
HIT 3 1954220408985 455 4535661797646465440
HIT 3 790284402841 184 13192304028968523220
HIT 3 1791011782809 417 7778622400248682563
HIT 3 1945630605465 453 3219335976554885210
HIT 3 1791013290137 417 400585268744562330
HIT 3 1945632112793 453 4269535673574196900
HIT 3 1782423486617 415 7146738653832095238
HIT 3 1786718453913 416 8010586390843435932
HIT 3 1791013421209 417 15919880316994606278
HIT 3 1799603355801 419 6481256783116347539
HIT 3 1937042309273 451 15825777049420406527
HIT 3 1941337276569 452 14262617098147253850
HIT 3 1945632243865 453 7731491886191755937
HIT 3 1954222178457 455 8453912639915865541
HIT 3 798876041369 186 2102179214215859935
HIT 3 1791013486745 417 2601361378534625503
HIT 3 1945632309401 453 5515812136119199275
HIT 3 1791013552281 417 5335780218195603901
HIT 3 1945632374937 453 15660508287734603216
HIT 3 790284402842 184 14362727766216105886
HIT 3 1791011782810 417 14726942401983656376
HIT 3 1945630605466 453 14377909593031400862
HIT 3 1945647513751 453 6134228185120164690
HIT 3 790284271771 184 14362727766216105886
HIT 3 1791011651739 417 14726942401983656376
HIT 3 1945630474395 453 14377909593031400862
HIT 3 1791013421210 417 9937777329228872137
HIT 3 1945632243866 453 1046115274907001494
HIT 3 1945647513752 453 5437762338805391123
HIT 3 790284402844 184 15530323807601625464
HIT 3 1791011782812 417 4552592580400090075
HIT 3 1945630605468 453 2640311622366468876
HIT 3 1791013421211 417 7876393228036346133
HIT 3 1945632243867 453 136745536945135542
HIT 3 1791013421212 417 9694734761244521816
HIT 3 1945632243868 453 3895279532733812507
HIT 3 1945647513754 453 2510804466030907966
HIT 3 1945647382681 453 5114837203382622111
HIT 3 1799618560153 419 3644816368135229908
HIT 3 1945647448217 453 17190490203328099083
HIT 3 1937057579161 451 7465705157816062316
HIT 3 1941352546457 452 8596929779214709185
HIT 3 1945647513753 453 16198550698171465465
HIT 3 1954237448345 455 9756537835346731417
HIT 3 1945647644825 453 9710925798521030991
HIT 3 1954239742105 455 5556597716449390111
HIT 3 1791013290141 417 5895167039088938697
HIT 3 1945632112797 453 1388685148326867363
HIT 3 1782423486621 415 6584906852136745293
HIT 3 1786718453917 416 4521769649061885637
HIT 3 1791013421213 417 3747577353581054075
HIT 3 1799603355805 419 18045038970316967332
HIT 3 1937042309277 451 18398915627574137783
HIT 3 1941337276573 452 5225491407055736657
HIT 3 1945632243869 453 3247517675511249909
HIT 3 1954222178461 455 10332408832978546039
HIT 3 798876041373 186 15530323807601625464
HIT 3 1791013486749 417 3982856584104773649
HIT 3 1945632309405 453 14559531135787476696
HIT 3 1791013552285 417 4125014546128184633
HIT 3 1945632374941 453 13557242370587393454
HIT 3 1945647513755 453 14119975502532316728
HIT 3 1945647382685 453 409767939863515652
HIT 3 1799618560157 419 4552592580400090075
HIT 3 1945647448221 453 4766370192014103909
HIT 3 1937057579165 451 3022015184195766706
HIT 3 1941352546461 452 5334567240693721127
HIT 3 1945647513757 453 6281438137149918820
HIT 3 1954237448349 455 106456777725786679
HIT 3 1945647644829 453 16000220056871860556
HIT 3 1954239742109 455 2640311622366468876
HIT 3 1791013421215 417 8342568218086021926
HIT 3 1945632243871 453 172397985334483275
HIT 3 1945647513756 453 17534264398344913691
HIT 3 1945647513759 453 11340999633475106109
HIT 3 1791013552313 417 17098443793987638949
HIT 3 1945632374969 453 3590428544585675334
HIT 3 1945647382712 453 243530017380268709
HIT 3 1799618560184 419 17098443793987638949
HIT 3 1945647448248 453 18013897212114533500
HIT 3 1937057579192 451 4110255829132694399
HIT 3 1941352546488 452 6008259399773852337
HIT 3 1945647513784 453 2692540382106537439
HIT 3 1954237448376 455 11550663967584282868
HIT 3 1945647644856 453 13447375831334705482
HIT 3 1954239742136 455 3590428544585675334
HIT 3 1945647513782 453 2660765920790458462
HIT 3 1945647513786 453 3566749980391102683
HIT 3 1945647513785 453 13817586202684957439
HIT 3 1945647645088 453 16077859660460854767
HIT 3 1954239742369 455 16077859660460854767
DONE data/p_d1e76.txt sz=3 range=[0,512) n=22108160 zero=0 3.7s
