HIT 2 18698 73 2943521023065036765
HIT 2 18443 72 2615386880570185898
HIT 2 18699 73 18136621648238840749
HIT 2 35850 140 9055113767184783632
HIT 2 35595 139 15918146817829140917
HIT 2 35851 140 4456695612323910740
HIT 2 51466 201 3016865879456909266
HIT 2 51211 200 9104137381589626801
HIT 2 51467 201 14840334944441535692
HIT 2 62474 244 13609670405791635201
HIT 2 62219 243 9410179117360684221
HIT 2 62475 244 2350258115364392189
HIT 2 35912 140 2218154980573454716
HIT 2 51528 201 3414906575595232372
HIT 2 35657 139 12822807172123741938
HIT 2 35913 140 17124624970323926892
HIT 2 62536 244 4518467738543736038
HIT 2 51273 200 9622663430855399449
HIT 2 51529 201 509297643266161178
HIT 2 62281 243 88044961943574822
HIT 2 62537 244 14025341784060991177
HIT 2 51595 201 14522112258055107421
HIT 2 51340 200 8895420331122660045
HIT 2 62603 244 7034001799545435295
HIT 2 51596 201 10384198534037448077
HIT 2 62348 243 9871021108856536662
HIT 2 62604 244 11503507476468174684
HIT 2 62409 243 9190937497536597260
HIT 2 62665 244 15000566927913227759
HIT 2 62664 244 9273717032788954696
DONE size=2 range=[0,256) n=32640 zero=0 12.3s
