HIT 5 702249707782 163 7403547198478760070
HIT 5 818213824774 190 3496409181656085420
HIT 5 921293039878 214 12495202820209969910
HIT 5 1002897418502 233 7707790109204859222
HIT 5 1075911862534 250 17748510937684660923
HIT 5 818784250118 190 14093063691580475063
HIT 5 921863465222 214 4669976667978332806
HIT 5 1003467843846 233 11166412320850060281
HIT 5 1076482287878 250 2002396439131231568
HIT 5 922316450054 214 15687062170214775341
HIT 5 1003920828678 233 16901592159468075269
HIT 5 1076935272710 250 8463171441415348947
HIT 5 1004323481862 233 16918124376948717786
HIT 5 1077337925894 250 17149539949023829166
HIT 5 1077656692998 250 15303574876736591558
HIT 5 818786937094 190 5734489781481340653
HIT 5 921866152198 214 2113758525056009390
HIT 5 1003470530822 233 15343964288794297109
HIT 5 1076484974854 250 17352427338845577905
HIT 5 922319137030 214 11374598999052004025
HIT 5 1003923515654 233 5253511674240063956
HIT 5 1076937959686 250 749207859676283996
HIT 5 1004326168838 233 6882299832598397132
HIT 5 1077340612870 250 2112754169496224197
HIT 5 1077659379974 250 13349087073975731669
HIT 5 922321365254 214 4924987325793174985
HIT 5 1003925743878 233 18384102867990389591
HIT 5 1076940187910 250 2269603157483685527
HIT 5 1004328397062 233 4402708559382612647
HIT 5 1077342841094 250 5231202549703883719
HIT 5 1077661608198 250 17039033895434260645
HIT 5 1004330166534 233 12003439575164672036
HIT 5 1077344610566 250 8586069560434505797
HIT 5 1077663377670 250 9634433093847061027
HIT 5 1077664950534 250 2734505851451138044
HIT 5 818786949126 190 13761280075994358247
HIT 5 921866164230 214 10753452827562602282
HIT 5 1003470542854 233 5049218254021612686
HIT 5 1076484986886 250 13656262196769120240
HIT 5 922319149062 214 15333601025551330503
HIT 5 1003923527686 233 8594846069371153455
HIT 5 1076937971718 250 15833026596808771961
HIT 5 1004326180870 233 15615866819769045811
HIT 5 1077340624902 250 13479155504500655395
HIT 5 1077659392006 250 8391766018636409509
HIT 5 922321377286 214 15001615708203614226
HIT 5 1003925755910 233 12767226946476559013
HIT 5 1076940199942 250 17240433899271733679
HIT 5 1004328409094 233 13614483647427250991
HIT 5 1077342853126 250 2807232542146348344
HIT 5 1077661620230 250 1341498515981648317
HIT 5 1004330178566 233 17517015584866758436
HIT 5 1077344622598 250 9810132620165298891
HIT 5 1077663389702 250 12048412177209086677
HIT 5 1077664962566 250 1890413974455496633
HIT 5 922321387782 214 9159930616009916708
HIT 5 1003925766406 233 6084185295165287330
HIT 5 1076940210438 250 15784019360221636424
HIT 5 1004328419590 233 14369589562942553008
HIT 5 1077342863622 250 14097645665857111298
HIT 5 1077661630726 250 6655681476237616896
HIT 5 1004330189062 233 16024940620649995523
HIT 5 1077344633094 250 3823485968695063536
HIT 5 1077663400198 250 4425452900201418086
HIT 5 1077664973062 250 17987008528559954135
HIT 5 1004330197766 233 18385616506347849640
HIT 5 1077344641798 250 13636089381868014367
HIT 5 1077663408902 250 11245845606314209994
HIT 5 1077664981766 250 17883524283502349113
HIT 5 1077664988678 250 6216615387352854527
DONE size=5 range=[6,7) n=156340626 zero=0 57.6s
