HIT 2 18698 73 14127499090731162078
HIT 2 35850 140 4715319228338044619
HIT 2 56842 222 3016865879456909266
HIT 2 62474 244 15067973726204626319
HIT 2 18443 72 14234455679579584553
HIT 2 18699 73 15778336324862590737
HIT 2 35595 139 18174822495362297363
HIT 2 35851 140 15722707576783086809
HIT 2 56587 221 5826256051994527577
HIT 2 56843 222 14840334944441535692
HIT 2 62219 243 7184305723259254438
HIT 2 62475 244 11840139536863798368
HIT 2 35912 140 3368158360957922609
HIT 2 56904 222 3414906575595232372
HIT 2 62536 244 5637275404760705445
HIT 2 35657 139 5523173404766244889
HIT 2 35913 140 17689344050872589821
HIT 2 56649 221 13664998677767890267
HIT 2 56905 222 509297643266161178
HIT 2 62281 243 6070886261535302653
HIT 2 62537 244 8362055545638135039
HIT 2 56971 222 14522112258055107421
HIT 2 62603 244 12288678848760892382
HIT 2 56716 221 15208601961182020895
HIT 2 56972 222 10384198534037448077
HIT 2 62348 243 13520380208745051093
HIT 2 62604 244 16821871031362323035
HIT 2 62685 244 3717492175130368756
HIT 2 62430 243 9190937497536597260
HIT 2 62686 244 15000566927913227759
DONE size=2 range=[0,256) n=32640 zero=0 0.3s
