HIT 5 620173670934 144 16225054431721008041
HIT 5 761907591702 177 16856770710064487007
HIT 5 873576741398 203 13866475190521184728
HIT 5 1058260335126 246 3104742568291168712
HIT 5 762629011990 177 3646646877166497814
HIT 5 874298161686 203 5388379632782477587
HIT 5 1058981755414 246 3637780790666887581
HIT 5 874851809814 203 8685494349383317665
HIT 5 1059535403542 246 14673222890134103322
HIT 5 1059971611158 246 6855715908778217083
HIT 5 762631764502 177 4136664437744444845
HIT 5 874300914198 203 10211163021666453487
HIT 5 1058984507926 246 17995736668072505361
HIT 5 874854562326 203 4032847784306592836
HIT 5 1059538156054 246 17392586990482395156
HIT 5 1059974363670 246 18033930540520371134
HIT 5 874857380374 203 17099047474334992363
HIT 5 1059540974102 246 15433472549741612836
HIT 5 1059977181718 246 7495246242999672360
HIT 5 1059979344406 246 14444510364903763498
HIT 5 762631699222 177 14428170055131604874
HIT 5 874300848918 203 14200619723977397594
HIT 5 1058984442646 246 5850085922495057658
HIT 5 874854497046 203 9348936916559481092
HIT 5 1059538090774 246 6640515462999145753
HIT 5 1059974298390 246 2210092292743527609
HIT 5 762614987542 177 4181378034716496371
HIT 5 874284137238 203 12607171770087655100
HIT 5 1058967730966 246 5506300923358617009
HIT 5 758336797462 176 182328038887584548
HIT 5 762631764758 177 547346155813738033
HIT 5 870005947158 202 11991717426593002537
HIT 5 874300914454 203 7706914063043431670
HIT 5 1054689540886 245 7097538393380108767
HIT 5 1058984508182 246 15699093377097805606
HIT 5 874837785366 203 5415736414081543786
HIT 5 1059521379094 246 4501897129570123174
HIT 5 870559595286 202 7410289946691586670
HIT 5 874854562582 203 10191251584809281425
HIT 5 1055243189014 245 1305110939870968349
HIT 5 1059538156310 246 12741208104881650490
HIT 5 1059957586710 246 14842677120742705325
HIT 5 1055679396630 245 17648563538091067299
HIT 5 1059974363926 246 14194047901332027718
HIT 5 874857315094 203 4671930492837641737
HIT 5 1059540908822 246 14347160993161890070
HIT 5 1059977116438 246 9754045942222291366
HIT 5 874840603414 203 6527221340657438502
HIT 5 1059524197142 246 6499913330571107912
HIT 5 870562413334 202 5531913235460014428
HIT 5 874857380630 203 1003459483306178260
HIT 5 1055246007062 245 17742291563149292825
HIT 5 1059540974358 246 2547812614409130778
HIT 5 1059960404758 246 3812807506220809804
HIT 5 1055682214678 245 797778725170656299
HIT 5 1059977181974 246 10875499657081114313
HIT 5 1059979279126 246 13927217610729430000
HIT 5 1059962567446 246 3736704641563922739
HIT 5 1055684377366 245 7932867333184903472
HIT 5 1059979344662 246 4051945308016210193
HIT 5 620159515670 144 13426016647329736452
HIT 5 761893436438 177 5251006206280284414
HIT 5 873562586134 203 11519657381707292524
HIT 5 1058246179862 246 16468134509067106651
HIT 5 762631633942 177 14935263001230479813
HIT 5 874300783638 203 1503476943353125350
HIT 5 1058984377366 246 294957095665566667
HIT 5 874854431766 203 2392642568828531095
HIT 5 1059538025494 246 9920378816405201446
HIT 5 1059974233110 246 12240174028616666680
HIT 5 762614922262 177 11786102646751227134
HIT 5 874284071958 203 16059058739576644693
HIT 5 1058967665686 246 14334394305724752017
HIT 5 758336732182 176 10783657759474315311
HIT 5 762631699478 177 3348151298556169155
HIT 5 870005881878 202 14306902965388424465
HIT 5 874300849174 203 12584097017803378808
HIT 5 1054689475606 245 17036079509611865846
HIT 5 1058984442902 246 15448788491928917967
HIT 5 874837720086 203 15576408045433868486
HIT 5 1059521313814 246 3956766948631008601
HIT 5 870559530006 202 12420862230892861936
HIT 5 874854497302 203 6346440263998857023
HIT 5 1055243123734 245 12409120443134344927
HIT 5 1059538091030 246 3333592744199669700
HIT 5 1059957521430 246 250722381948266413
HIT 5 1055679331350 245 437319382690292899
HIT 5 1059974298646 246 14889349265607916809
HIT 5 616569322518 143 5150730142643367004
HIT 5 762598210582 177 17650748730809046429
HIT 5 874267360278 203 16502887502376886603
HIT 5 1058950954006 246 874897312841544910
HIT 5 758320020502 176 9843258014128898703
HIT 5 762614987798 177 7308443539342697399
HIT 5 869989170198 202 6036423014392168865
HIT 5 874284137494 203 6809540531099151775
HIT 5 1054672763926 245 5634970519798078034
HIT 5 1058967731222 246 4069817072875981520
HIT 5 754041830422 175 7530409607905445942
HIT 5 758336797718 176 1062523401603565408
HIT 5 762631765014 177 9332024683540582660
HIT 5 865710980118 201 13890006923238442040
HIT 5 870005947414 202 6032498517229560746
HIT 5 874300914710 203 15162832639572202607
HIT 5 1050394573846 244 11230612990437123957
HIT 5 1054689541142 245 3141792432139461663
HIT 5 1058984508438 246 13977090630606587226
HIT 5 758856891414 176 16471543306078810636
HIT 5 874821008406 203 14856116641862550307
HIT 5 1059504602134 246 11586971857604215152
HIT 5 870542818326 202 4534008122342004627
HIT 5 874837785622 203 2908103091108617574
HIT 5 1055226412054 245 4216930011923661813
HIT 5 1059521379350 246 13928091774828602447
HIT 5 866264628246 201 13559556468284664322
HIT 5 870559595542 202 3567101642473757990
HIT 5 874854562838 203 1424070340272884074
HIT 5 1050948221974 244 4956383441665311927
HIT 5 1055243189270 245 15475381512088769636
HIT 5 1059538156566 246 12920002291606179611
HIT 5 870962248726 202 7476571844365535700
HIT 5 1059940809750 246 11172774279680332822
HIT 5 1055662619670 245 13460617935237864717
HIT 5 1059957586966 246 14607404068910048208
HIT 5 1051384429590 244 6005754994596224114
HIT 5 1055679396886 245 4229661418684003736
HIT 5 1059974364182 246 12979333680507796431
HIT 5 1056367262742 245 7288808810841809650
HIT 5 762617674774 177 16019423846103398737
HIT 5 874286824470 203 10657324945598419113
HIT 5 1058970418198 246 4873112667838382411
HIT 5 874857249814 203 9818017189320641266
HIT 5 1059540843542 246 18227071097039518422
HIT 5 1059977051158 246 5070038608151720376
HIT 5 874840538134 203 8181030517847777400
HIT 5 1059524131862 246 16490112958872526234
HIT 5 870562348054 202 5378542566576635637
HIT 5 874857315350 203 10912447864529183039
HIT 5 1055245941782 245 1328221038754536016
HIT 5 1059540909078 246 1429880466278663943
HIT 5 1059960339478 246 12300156726420261651
HIT 5 1055682149398 245 7440105543888946854
HIT 5 1059977116694 246 8938426213879829075
HIT 5 758859709462 176 14963657537155641286
HIT 5 874823826454 203 15242958699235501591
HIT 5 1059507420182 246 16523485152875159662
HIT 5 870545636374 202 7626748724084345236
HIT 5 874840603670 203 4432070297985837560
HIT 5 1055229230102 245 10839924325651674852
HIT 5 1059524197398 246 13202209422509447965
HIT 5 866267446294 201 18140298308554217946
HIT 5 870562413590 202 3871552091840386832
HIT 5 874857380886 203 965380573200774066
HIT 5 1050951040022 244 12968905011411836699
HIT 5 1055246007318 245 3364322120745661495
HIT 5 1059540974614 246 10513279407816523103
HIT 5 870965066774 202 2667456082500409534
HIT 5 1059943627798 246 816591924676999906
HIT 5 1055665437718 245 9300465399838142811
HIT 5 1059960405014 246 10835851036760976101
HIT 5 1051387247638 244 8755295716996269777
HIT 5 1055682214934 245 13360291901112551506
HIT 5 1059977182230 246 11435187967720266140
HIT 5 1056370080790 245 5026776483695515530
HIT 5 874842635286 203 10215241699023629031
HIT 5 1059526229014 246 17704272229745964088
HIT 5 1059979213846 246 2429560549577349131
HIT 5 1059962502166 246 9038319440223329933
HIT 5 1055684312086 245 17388625419955829066
HIT 5 1059979279382 246 7376513414476659443
HIT 5 870967229462 202 11475782803901748516
HIT 5 1059945790486 246 654432223576513747
HIT 5 1055667600406 245 7597732957778720490
HIT 5 1059962567702 246 4637098403631671650
HIT 5 1051389410326 244 14047827998708775014
HIT 5 1055684377622 245 17157835941904201580
HIT 5 1059979344918 246 8863392827371817263
HIT 5 1056372243478 245 11500718665127214074
HIT 5 1059964140566 246 5365640252680548302
HIT 5 1056373947414 245 12791712841244181124
HIT 5 762631709462 177 18215187321553870779
HIT 5 874300859158 203 13111225914074160615
HIT 5 1058984452886 246 625119613566866732
HIT 5 874854507286 203 12107212644916240118
HIT 5 1059538101014 246 15426686725106698106
HIT 5 1059974308630 246 865939049187054224
HIT 5 874857390870 203 18346858255405249709
HIT 5 1059540984598 246 17582433614124216407
HIT 5 1059977192214 246 13538184791429287076
HIT 5 1059979354902 246 14882297652955560259
HIT 5 874857325590 203 1956522639175345227
HIT 5 1059540919318 246 3542658881284381840
HIT 5 1059977126934 246 17288631285116386066
HIT 5 874840613910 203 4136981899559229264
HIT 5 1059524207638 246 5310628020638953701
HIT 5 870562423830 202 10488415615104215610
HIT 5 874857391126 203 16360712392797277193
HIT 5 1055246017558 245 8285657148861051981
HIT 5 1059540984854 246 9669752060228704909
HIT 5 1059960415254 246 14633231836399230112
HIT 5 1055682225174 245 3718107927779318887
HIT 5 1059977192470 246 9032759326180925289
HIT 5 1059979289622 246 7817633633468415638
HIT 5 1059962577942 246 17643105432471539164
HIT 5 1055684387862 245 6839458867088638992
HIT 5 1059979355158 246 7986743928253211553
HIT 5 762617685270 177 9297529985544764510
HIT 5 874286834966 203 13739122399048245049
HIT 5 1058970428694 246 14649004958548909071
HIT 5 874857260310 203 15365883301470311632
HIT 5 1059540854038 246 13616976499352030084
HIT 5 1059977061654 246 1866779499869258891
HIT 5 874840548630 203 17261893009908205141
HIT 5 1059524142358 246 1124552319521627691
HIT 5 870562358550 202 5577812399284834171
HIT 5 874857325846 203 5514765151118421020
HIT 5 1055245952278 245 7238209574515041789
HIT 5 1059540919574 246 8010103789459426986
HIT 5 1059960349974 246 5455670158596494829
HIT 5 1055682159894 245 3774184776870702473
HIT 5 1059977127190 246 10771851187523942065
HIT 5 758859719958 176 17407759462613629354
HIT 5 874823836950 203 11246458577858411279
HIT 5 1059507430678 246 16451039111095180715
HIT 5 870545646870 202 11667058302063660447
HIT 5 874840614166 203 9501251230515642167
HIT 5 1055229240598 245 13521328634984278127
HIT 5 1059524207894 246 16293783798086645052
HIT 5 866267456790 201 15858939977831603743
HIT 5 870562424086 202 10447936397478064518
HIT 5 874857391382 203 13505808807664338316
HIT 5 1050951050518 244 8824440854342150409
HIT 5 1055246017814 245 10439673195667489838
HIT 5 1059540985110 246 69651162483226366
HIT 5 870965077270 202 11161293224005376101
HIT 5 1059943638294 246 2196479115341552755
HIT 5 1055665448214 245 4542895046267965278
HIT 5 1059960415510 246 4606269088937577767
HIT 5 1051387258134 244 9701992364156165389
HIT 5 1055682225430 245 3466497310400441631
HIT 5 1059977192726 246 3725211954158968978
HIT 5 1056370091286 245 16675247398057645064
HIT 5 874842645782 203 16191476324419597015
HIT 5 1059526239510 246 14829357897596437443
HIT 5 1059979224342 246 2790065215855215808
HIT 5 1059962512662 246 12176540406922358532
HIT 5 1055684322582 245 8611720901592578600
HIT 5 1059979289878 246 2320471059215533553
HIT 5 870967239958 202 16025954664501675815
HIT 5 1059945800982 246 6296478158375562091
HIT 5 1055667610902 245 533026621121845207
HIT 5 1059962578198 246 14361212180440793862
HIT 5 1051389420822 244 12418283665560740252
HIT 5 1055684388118 245 6811028138825706462
HIT 5 1059979355414 246 2775910068394946850
HIT 5 1056372253974 245 17929667850010228801
HIT 5 1059964151062 246 1343455774828289870
HIT 5 1056373957910 245 9296675828270704911
HIT 5 874857336342 203 11929794931141399923
HIT 5 1059540930070 246 9027291629352746425
HIT 5 1059977137686 246 18401473545185747220
HIT 5 1059979365910 246 539594787442972068
HIT 5 1059979300630 246 17940503849102598887
HIT 5 1059962588950 246 2033259797757207540
HIT 5 1055684398870 245 6828869813643254155
HIT 5 1059979366166 246 18401052869745956079
HIT 5 874842656790 203 2323246522273634367
HIT 5 1059526250518 246 3973434132364170146
HIT 5 1059979235350 246 2761072887367318766
HIT 5 1059962523670 246 10836975027140010900
HIT 5 1055684333590 245 6582836376019603328
HIT 5 1059979300886 246 4374859340062610288
HIT 5 870967250966 202 10019731652360131286
HIT 5 1059945811990 246 5215037492829377632
HIT 5 1055667621910 245 3634987804355603749
HIT 5 1059962589206 246 2617662511987878536
HIT 5 1051389431830 244 9049171192344980710
HIT 5 1055684399126 245 14557014185976256595
HIT 5 1059979366422 246 3315300812107694321
HIT 5 1056372264982 245 3444043638398796899
HIT 5 1059964162070 246 3634590393427634516
HIT 5 1056373968918 245 12828626098065653748
HIT 5 1059979308822 246 11564483477188517445
HIT 5 1059964170518 246 13373592312344075814
HIT 5 1056373977366 245 18358505673231704617
DONE size=5 range=[22,23) n=119666470 zero=0 39.2s
