HIT 4 2658091025 158 12632746675068530965
HIT 4 3345956881 199 10879146974028671164
HIT 4 3731832849 222 4908995734091811801
HIT 4 4033822737 240 992244712137003570
HIT 4 4251926545 253 4632992613878814516
HIT 4 3349037073 199 14111889443080914456
HIT 4 3734913041 222 10492676342753563920
HIT 4 4036902929 240 13205296821015187565
HIT 4 4255006737 253 10110273164390931533
HIT 4 3737600017 222 2401254087939257976
HIT 4 4039589905 240 12271885932335374454
HIT 4 4257693713 253 2737417630324089669
HIT 4 4041097233 240 1550112656158620097
HIT 4 4259201041 253 2443536818504209099
HIT 4 4260380689 253 11514229450982096937
HIT 4 3349049105 199 1307960360117315806
HIT 4 3734925073 222 996602712804616653
HIT 4 4036914961 240 14472179786447033518
HIT 4 4255018769 253 2495807005042228314
HIT 4 3737612049 222 10657571627915569952
HIT 4 4039601937 240 2743060997868169845
HIT 4 4257705745 253 17808511695132961657
HIT 4 4041109265 240 7240486002408748345
HIT 4 4259213073 253 6655394508173028469
HIT 4 4260392721 253 6727649787091388143
HIT 4 3737624081 222 13486776711372454322
HIT 4 4039613969 240 11198587174818076414
HIT 4 4257717777 253 178241741418034525
HIT 4 4041121297 240 5440615616461115573
HIT 4 4259225105 253 11262903153025720754
HIT 4 4260404753 253 9997490759645290597
HIT 4 4041131793 240 12188674647757109533
HIT 4 4259235601 253 8710458719600905034
HIT 4 4260415249 253 5758963868003020178
HIT 4 4260421137 253 14732764118369797850
DONE size=4 range=[17,18) n=2218636 zero=0 9.6s
