HIT 5 926785579670 215 11513680661902525418
HIT 5 982620154518 228 12634793022040929463
HIT 5 1029864794774 239 9434447853097938370
HIT 5 1064224533142 247 8317294269934673326
HIT 5 1085699369622 252 6070162868780489518
HIT 5 982871812758 228 3423780563731906239
HIT 5 1030116453014 239 2704980584411561040
HIT 5 1064476191382 247 5600610977002203578
HIT 5 1085951027862 252 4143549973271341309
HIT 5 1030334556822 239 11508433267393111767
HIT 5 1064694295190 247 8466540026416176460
HIT 5 1086169131670 252 6814293847688193536
HIT 5 1064878844566 247 1637405754118143328
HIT 5 1086353681046 252 15631606225255214314
HIT 5 1086487898774 252 7085815687483864028
HIT 5 982872795798 228 16627074741618004719
HIT 5 1030117436054 239 12070372630876330975
HIT 5 1064477174422 247 15317528244743408792
HIT 5 1085952010902 252 9528456448459842276
HIT 5 1030335539862 239 8075879246945266962
HIT 5 1064695278230 247 12954440866599472295
HIT 5 1086170114710 252 17346810865116371628
HIT 5 1064879827606 247 247953689267780231
HIT 5 1086354664086 252 12245903127305396206
HIT 5 1086488881814 252 15893255697828045365
HIT 5 1030336522902 239 16558306406353388962
HIT 5 1064696261270 247 13075685208357836744
HIT 5 1086171097750 252 230727773277025555
HIT 5 1064880810646 247 5996201880955461198
HIT 5 1086355647126 252 8703573263054556384
HIT 5 1086489864854 252 15464634046102004713
HIT 5 1064881662614 247 4087095101150234627
HIT 5 1086356499094 252 4334008193013608547
HIT 5 1086490716822 252 16188000208301244447
HIT 5 1086491437718 252 3640111531117728798
HIT 5 982872799638 228 1518133090640303867
HIT 5 1030117439894 239 15467657837541894616
HIT 5 1064477178262 247 14729693171013017613
HIT 5 1085952014742 252 16800128952214858987
HIT 5 1030335543702 239 7428670853181284663
HIT 5 1064695282070 247 14799208906162266523
HIT 5 1086170118550 252 17292855423702899520
HIT 5 1064879831446 247 13667002430117322851
HIT 5 1086354667926 252 3336022910349290076
HIT 5 1086488885654 252 10628174566305701608
HIT 5 1030336526742 239 4500495222179336889
HIT 5 1064696265110 247 6653424047582805949
HIT 5 1086171101590 252 2776494118175705355
HIT 5 1064880814486 247 7499731514212646823
HIT 5 1086355650966 252 613803570617642623
HIT 5 1086489868694 252 3394329511526464020
HIT 5 1064881666454 247 12035213488505438462
HIT 5 1086356502934 252 8710258462855135881
HIT 5 1086490720662 252 12663148180713311704
HIT 5 1086491441558 252 13226994442475307866
HIT 5 1030336530582 239 14716728909701423675
HIT 5 1064696268950 247 11619509550650147085
HIT 5 1086171105430 252 5419841464347232050
HIT 5 1064880818326 247 17107144071070932673
HIT 5 1086355654806 252 1426195147941165579
HIT 5 1086489872534 252 14822220965687642754
HIT 5 1064881670294 247 11675611105694600025
HIT 5 1086356506774 252 9009185260267877348
HIT 5 1086490724502 252 10147886935477756419
HIT 5 1086491445398 252 9652497412574204923
HIT 5 1064881674134 247 9880524407771517513
HIT 5 1086356510614 252 17640699632859605609
HIT 5 1086490728342 252 14209480119317315317
HIT 5 1086491449238 252 1063453886365496660
HIT 5 1086491452566 252 10237421371373681618
DONE size=5 range=[150,151) n=4780230 zero=0 1.7s
