100036479754519007894678417019596498108448115774350079189279106697458945985834558856004826
100142779198200923918213864702348761671010075652629237129121696842740006149802243669225213
100406817894381317133872504565713442735459580905887611821483269969888447379195296932479166
100654432565000006357751493037099147506787310542230125094559051397757409038866067778597814
100774192348215574778374095022419146371626238303892909364917173061299410729033972753337254
102176904533380635105362185194914571881733726395342935091673654328834613008749009976607607
102268910010476763265749867433259020827653997902529092362719841949887610167431327399331582
102332200952343887344070119101504466801842606355369597547151972481089504999798514401955617
102381045025304250735089541419204408710796299945744406195913255990337760575512458787555074
102443225316735763749540674163058068056162581368574920994517196090458369190994241484050075
102584008074009480545340959452699561346776732886540061402777476259945019983991203016916575
102655466914101709744103259857919959471372164682732385090223182599900612494082839419272052
102729413053242912197789978463753682954649888261037588150417105348109883124687673010744975
102889115824542423665849686231431390247973046008863266719316612496955277050769372831616943
102932512654852685220799415949586473421168706666306609155292495781228057621338620552913707
103370293175332057170241522002368258606400171949714866353795939116429623072054814341996728
103584408103033301326011545465017242869465633026144536135655992693846868876792606063391405
103588830796462688558120691526941302596894330393655346291872185200212466066022551939491318
103657963510583508149620062494121883561728336342555494209386152369689065243404824179483060
103866861180234019457440500947186196042840223098940520978281716281682199499899492721929866
104088341311970740361810838418562047224155449082419917700454502904268610622062471084876330
104251109273195200763004539034179570479681004612791115612556061660840126829707717845036174
104667437449022072444092915325497810029279182852827037913685063338249904573521666353933680
104807885307795991883558086016269192635518751990295650941762401797694829686546393898704214
105301018131094991971100323004699244564485094070086314310809510648685517426673025288650871
105377673596148266826955401283111376614027569777439198141302692930761066851947659517237825
105510718958738159698762480966432270074649207526116521542835668875418070526957597783237062
106088705358347939028381685918252452451175464391214704195084538306125279986567542830696129
1061505712394111634820557820178988103413670638790324431432501265986446291593414260917379
106265250705775972018639980907565278383086148994855614235686692151581150401757509100693382
10678854710294168583131171991479887964786574777131231271796448834788551143813814528898462
106881799684094366661404842497247452543773764628587649593144768679023721625647034956048978
106948851860074025707068121249211970884287841553091165040236970897138696227753504241678859
107307385339517363227526638868706549808362718194618861360853468310924207080755729139295093
107407849635537183575221634240067997517745944448704461555064889074941509637090042844567353
107840963415394358996797550103893789626207832777864867386012393078922996604178515269811333
10797290622146527145590886716634716948385771358374896503127923721588998409736408206376329
108251232109524918301431865000277159554211762937371312940384037337023069879917851551184538
108269144428078338534087367253036776177727590608090039786410378426385300938364061820017016
108811158733141375133091555902007911264337124358920953522143569801643735223422508149787018
108878842746579491411096158714059972642335675908075900219129791647793842919527135908319913
108950980876111028983446609547642786230607460536478928109620200308334942946580072469180619
109162147916721843006609619250774944384538817575644153841805674970561460117278864826203955
109260457206684657604366124470266443560264685461605186186401222565657945794617884890983831
109350432859279258020830646469998337375514692858034701250856420292274885967642439433274878
109719523810758436135331540010801841554109769253692943521808160857565806262350147851000241
109764861986587712015831131496471316864728482415792733819145836826616382725233351614773861
109783230872683847623979337590155817280165060850733788312778510956368868921445529369515573
110033756927127332818683588275809861054698010629070126306716701152469929737804039841807175
110202502698382286106597194908638728086027224753099101801307050712599028487968336354543046
110554980926250321518469112025333434729960309230721245281676296946164517306325643926219171
110650303681920908212260776309185842516228815095163587052087219563382272496358326987252398
110821538474782971269235012545336612246848394818499485894313762694546108539341048544355844
111053099112693926265584577096128959711775231102570414080190538347785444093855809616046058
111072466274464305402682574486774562442256412139181372637541640462682522733538135859895680
11125587726546005800069001662031398476497366414395646642647973487813744035477241399716055
111298665228667485628519339432303713407965004726063671142095716654453643096505358075900607
111427306269069086410860162925174701533202290689960545658556486068216322467769731977368545
1118491389832254926909193577437833913690768837997285188464108318789178429131367821236921
111992879892757692588619697768611238199912536076878599640261801637735406302637695935876508
112220162304389368980332002542334885748649939083556838532306873710534776929701263395294016
112615432945391125501996685656105411484336380802212204234753458438556867020490027132965091
112960451083494274769193443156124993537166256223451612351592110993486520408193707717342559
113141528427610260107049117992526537105383080782811760722361109500341947028737388716982706
11347646141284235595214834867377617426532455896753177589169037126558823870217558065155716
113534280803476881558452628422608051319110382897840974587733820537022978674681084901485498
113646704307194368330847519282059840103819205509478655396110788134024097503218052837847990
114194212651769463261749962425040986387336480863009335886123834903605600388084105269901757
114365761238583378693558918478590636162961777713497205095992685162635573261077003408250373
114743311711737891728753705004723297377208265476073617665500388794147842768990918542155330
114800934735653743727772782226608781662661225141200941967906328024190079009906131319243421
114882139550288130630872049993744538979900379285960165510856722246219322774649257594234013
114922033885940926576329476619969288911607863637013049174001523603875947390754646577671425
114985945083526839172308511600541446009722921209163512500445509299784032983872219241590746
115009756557661657095079197823420447257759481622565444605781668623953638723404408460007534
115525133427293313952997881742414053557631486175108856728072737862371447117618134078844561
115548511606461569079218481909564262495870965052917271681464806856994646578158399050581956
11564479178174293797814261697722387287012769749237271176152260551699707747371612205906479
115879109575846463792820242549166744227966246022782593599979496338182367638178615283636136
115964619493517853067253798558673900075617712031051425401863711609935749405823270547561042
116044543441279065186249517006707048589484394787871166074926638103126299642687040815580778
116346938108563859659789645365155356017443780453932193622530293859503656224525921029078428
116404406011180503125114090859774143400877125854555209612747029856935989820403390205659876
11702247174007521330157429207643473357332656149335458893819498605377667034362772309820209
117611365118460192875785903100839041512232043006374417328395487678825428797472841519771588
118361734271093335778711794440963410155680387889325912332759111180649470398972273744039303
11856898464487965515711821700907481822522171563904088782002933138056421514586696780247897
118941303190109584866010825070235496621751106449276055042426933524929573069704637253989733
119050735828039464081963790799597719493899356043772562811551639254232131237191169367470381
11911510827716540928456342955039682923887176873407543503955380540459806585937262370315864
119166063031164437266828192572763401972808530143134378887849376923151475946989267205077878
119182891324903069288022589460020572593207162963685444009526935473255725746139626528632451
11944286660417187171491599228736818344667780915386509502405326063821549532074156107055980
119562606790549640390870952418684367882170154220603339634805704742270834564330392414192110
119773422168374490947116957835884849244199518196432549106571710090973781678766928465876613
119790362601533907346696370375917091319565926130744071172998409978170846700453820105400506
120406290461812016069438932649497932194460546430115895822898049630819917595997460834209139
121371088737741148960333797655213027716592270534365475729749056067582196145575662899510382
121406254361809368976799136834745660351913678315574434813155379053513739127650363517496541
12149137370090222884274540807186459747811599523471021910548350792994339851199720719141896
121556986151755690952902327966341056623265842884638143973093184624105491608809015990685654
121666837862712931296363851594930331305443811178965498180613110501153803403272460826033463
122073080339800546391675999018158017720569219214883338850249754229208538831932626272863491
122221014415534973823434755608988854982948749683214839214722515513725359046149213193898457
122229610552601140208752186703532158486517890182220869744770952343537292887311224038735601
122311735523807787024434578648538377973302859834540899538330993002802367459537607726920337
12262913932526619672551205288585838728345712167386302488474305522906539819599695304556156
122740700110463133872990100418290769129548371475283150452473357061113458325187128769401219
12292053299642610551648100349731824626593035221993259412501230007901140455839731935884635
12304628296648522161177986915758389973277612510100079426943603071677610051214151735444953
12305317472058964629688036168955847079074597599772814644736410753792807337224143169444663
123320106540003384400435361487606941892775098231575884691281162520971237774608404205653397
123552839950913287089677902656195566391097228196265106804093685333308455865614782305321498
123605134436201557989718624451460897015798857659190965912156591009360284284149351426198201
123865956859316053485714104291890069680484033724214661336460209023886553503123773693993077
124359508662549180147507721978607358132291476865048481925906416335919082092368940707963579
124753960712228955096918212981432206776013640433212821958407626523497077627778986485868720
125294796646835102872671714737139430128100965001255747037362063873760605883055701558359534
125717528148629205625020054847001333001565689994200257893155889087407892595985856680283452
125787314747601108116039725163361763116550465675981151838811516827327919228823597744635626
125864476834297072300408394902663679345730879313232653010390581620326506806304394071934396
125933843220066560180610582728194910816570466050458600094699643633145383468576249967310034
126278021469828404213019937416815094581382454713961480522517892107004794424341460986045915
126767545623909574255290391153759363968073470399639361054829680359428658595949132261910506
126798601496430724580464113125065617550767812864494488308859499513079310449983880949498292
126821172040485357516607389720345225029593203311315466776581511305916713519415638429932076
12902186531282439451578911745256665614243487051206411265163104417503749783204275478087131
13288757664836139456452837425284531226290849218546022003597912599115508729681677993178779
13299119196134526621453918785108603974385512440513055902207560622124080901052168318239510
13498337281747983773380062942930960173195071139414151601195636818097088393679077410086953
13727746863611898827464245100405218419891238344757797149503554448603590961835945593649387
14367596029451369185348060943131347477286567344465626041572473511373348537809923207846648
14580903652694083926647076874509331523028817581703046277673969006200788290924851065132742
14725535361977125696113799709173512668111267984236889600805596138323691313640961316793155
14870723788630441951449456032969112298783224831210233085104750189868114643511399325309571
15289499967387537239906458756316493153407135253313112646427191022583750334786425462109664
15520285641435111299978263652155322932186854841145288015694744552781315982772005942877197
15589048827188285659486734024886943372769140564160521356707903817925176503567057990630580
15920408542997108946232702932147364216290504380622152645742346135598561142172068374839608
1610826220119761469822310231320697924864187330043260508423912707977697086584257407028810
16230052175022190183706799464018524297465331898484712082891903119492101192039356374894798
16470966512731566347084527110005410202466329671507609278128756703933659146110085315477604
16552946150924865239159768497239186522424885460294352036466158708802782089354651476388170
16583925465679208158935112171099666437522403511210647654911692068338501764018813583466223
16662736214547728088975859608726004533728547261366519817979700103549084125922637882779564
16912601846470942713510935138025671157144435984216546655579572497308719126935452809590156
17025074482208541822842583769133926374790384623615546749710787969387611932705603294173368
17292607377582861171059709359376085234826520623718724921829424191167714294915910475514229
17324498177799486835076117502958083183667643316532663139796161598291389311489266773772993
1732936438747760376206932895222318741272890112713931588111655395664981412331841784511327
1739673434346294492635242095322785370536171249771566077004934437610557313686759342666113
17835745297928467871426769326690706887647293758340142932685675725802581965999019102743305
17947379126251712331414403227600868968612138828397129498712028818628427478069579433580096
18007052591059810802149855248897698429485165691173982313760592505734336000378715887823614
18136848602246995612798803152027431757156973730020788738174043525679642184887884626690668
18224086597709486745077510258759023642045188736176119428460479535614650982108859887756346
18289464896767685392910740549424500724292303503936328484522217740738107701569691921784187
183925393684448618443402160017367780348102054510074240183510839180999209531371612360664
18401104593826268392143309353526779252159168848046089761836941101654812405087909798911293
1846474192597479443012810085493720670166961505013510058142864728528811762935555139262671
18561027648951395565218041517862615418036265106334834469176789273724158331820963836276274
18864885077010037270109653083542906792909694877057599024526101187199607445473920510015211
19193953616118818360421072856321265969721851000117009108637664273838942522881743909918928
19315734937058735057646392906077999926015460306425510155884784444991563447762155039523168
19610494307821189917721500557810014780763713112351364550742720678192941394082499896452799
19752662264842957874851349637642774136637294501219629442786685204308533387827976973841065
19848087344655910303445626627900995249044008328898396564574333273722939334648615775828887
2076397379009463014385951893718047858897783436956824672933178780922320785878879660720796
20943348863217337397367481748000757224402474529038894475971021401067301341426185324887283
2175122728928395146544484316943789863931822418750677385779789681891070870844004625711394
21958065088808949661711466639600881963861346213563743896428175412071508544497482256697346
21980171386893330997119500585118779451544195348777192967843255413772204178635798023528070
22045420637440031435493789095082884993829320808830430749788849595233010935842591678372935
22193174128000406663372309079561078860207307485295768873129219949187857962292592103003469
22631135769014514070591857189410598052575571136499454153818115084963084463062905174187486
22644413426702959474807853367178017365670547206062549091030082624696392221781114687839027
22742974578460079609867846888465534794042730731697871517291778569302981207665435077363969
22779064920160945945978656675823905001380034041681097039386915718982100954216216600516939
22903320214931691581335569608886534178569545985086974920882621972951067745320328742001566
23367794104473763760439969858333914358011065983144871924930240574431335262854885809369051
23481492628430803161400112800826095561532505616092339861526373200747693684048213261129076
23583972259568630737971820814132525932526237348296738068773789213342646615688108033568962
23679880717378558896665669493741784599746130579267809371261987844050025448937656288080329
24148317255781719889374603330374765873824873649646846544073913120832268594686536353390565
24396426127168340333006518702446319545456945994689275123331715568576082809270790158826202
24426374192836231122909176631886473129920678409706609249588989480499084863509134337956934
24677890862370826520907095600174520438910259909655573431301701830566332394716935245169070
24684855094248599296443008677747100791081876274232132047525226835202771177735746165253719
2468724485886893631316042583281802510975461995272775066985575247091382653573835469917160
24895683524229623379791264816395575136143204151763975395197310177915526649857747855807713
24994027783108494399086504350455814136193675249788054684655579361826132554683987255677726
25464597303366797749986379322488654733403315755369601532347629943017221693584891609319750
26066848117641554604733072514062377518640010461224574295161576128745599678073481099486949
26348230440086589012525176415636763973243727929977036619801142914258961787591935264454581
26566673780911422118836818561353542406266358571144254620013388392635261245534210301956038
27036955380202775864423310440066846350674329054954296142938106072614973287457427547752499
27163278220767879023541553609275366480496935894702795689134472178120276394191236637148684
27277066112321901288193339964380694050673694409246193165044544088727795482455819640459502
27355517527843050817694473180511071792827794872188623386650535228251590199861592340574842
2774080337797243230698981251342636020955442530497079093310714310327618302972484987693847
27782672336285100026383324939891110294394399523686002154225909493880317750333737326308630
27927746838484076670502942365236693903182414732710845578830652168552949475594399172850622
28291555493108500530469669262913090278420482570784452263711336883598979043258321789763779
28652208466022425699323397736760505866946629389282944710442672841990879826603034536675294
28931420710794252205985262010207970138441472906297357388189788235565213698899793073701885
29273665009407868021624473918596304404099433284052259318365107270159608839757563641593286
29312389021794848471981590424076118264512785982507441989904210711611661717411111872549583
29509947573014343350881911832776919473654883142521835075636744109007628019719389458986748
29666323140032269823176098333721101706315510360555378918445956051934321521787654510041441
29883312052299916623828792474684666796310413045434738264727945394009705166157364358696696
30058814152586478361993803984955323795561829893240618588333536175226211813708562384754580
30133059371457654222254674872952088301262809443059060324135845698432655394100316885213562
30305042187541118836013101453420655187583473829011766587336592151682449745105080805626439
303226384947011041039339287256410601363530559860868310739223997493132747693799148646110
31003894557245408631107821421474350013962410473330627164795695881746874627001561085242173
31146026902310337594061216499064708689212388504465756964033536934789025845299446866491921
31150679239423818758383661919534341326674536851888466479862346838157565933241293475757096
3125470377252687423585924471872687530192193932490711737861883129872688752842286732114650
31658847887046122438865093590606503700878374164865089156383028617204591337436233724775123
31932683786437137874974570595153485466090274825919284924840166502895690766716089585640499
32614884205762631720007342062680590760494175641038166569703901041999675244769536864069914
32890666821248351416667746289123677813875826562732812189652327716889506513974906409111672
3317945752420731939481869258949636330660114983735459429154304659601992265147718101579048
33333777994348105668980524242199210574034693079742510273110845944936980834928175591972812
33396929237735067624923308346799155738316156297332506833846928920430640349974725573573996
33472904810391811973223207617762334363023286939839396241234196646906030803538671321618319
33948821984845457159530046117600822034810883034809369194336126872272274711332934476051970
33978412189100799380290547429678907128625128133265542713156774672859159683921539860162374
34048493018477341522788165812274484883376368244368477788557221098824335539795389129018759
34690751688477357130297029723269439419428711053534675147715342957694502363060444342330718
34718382538909455255934822250575462507167076353297778618396508159334872325888397377218865
35392171749886475057382556115928160272044975095532448854984563279602375690271105751938612
35428007640099309522814602698257513716597284652376759185796007597578105816841017771480348
35810979342921660695819183542592641560331442181132648922191895491466069893659267026007840
35970259047986118959827378241539453935791169203522377640133897697672253961609413237506400
36117719045690336325733575025956731627966352334799065428108579134621620101636054354411781
37128842821901722271693893236643206132718074512528090001864605065137558987299167321878103
37333321918594092620658819410837137960963005863492886410897164678147632523845535682187846
37394902914930297621883658117572705814604569825201469859698901427539883909828480366956860
37461068167334035224793822994453462946454971932347406681028208517750821810924831836886673
37800851779583983660392374126072394098015573419446867576834322427685855077900296931078297
37998758966726546912670085468427756759365202163150633710073951307541367044511074176844479
38448924533953300560337121775301544193799012904913163703140032094956289842901458286017342
3850425477292836961456555866523319413007730094491476265124754049388506618732725755636775
38594841761306218764091091260940828206893984757823692798204068345562223101428939250235143
38925048319795625958791966235642719391776889710744414918680945837456985422210263576853685
39162801391682598049495469282344961567965490768485388046410106996852051198361407611509408
39524603110345056314818340778356642458411874375345483652057913737808800838709987959500225
39706360284218111143772487272751954929044143300578841320205149522550823842997020044371700
4009748503080839398156320196746899036527061581999680442719913735223085642994162961707820
40224905302387614589824793708414029997725330874824430251184474555656285964323286020975899
40400496108499266484302519133850997691380368053542867375657626439255150801977851790174238
40410435869869936354451741024012089207877997964899135575180680228200490093370901088503461
40869868425771546696153604742092279081180172280787091936511510713302956643895373540655065
40932600371285101147117292114784313935788310700342858085272462361572770233148240369158845
41141862717427865970149360432304529926035330043734378763990457291457620191110432165421083
41211254874664111559440738426895865025324985801269954761254463179587838925431764600584179
4131411637064012133486911708680094867397314764451118813102823278363001587709941162374759
41684816068456277059746752888124124547107638346411542134458068333402464372600636233492810
41765214520755815120135605234934536731093818982391879043480586377941025608591148986658253
4179526014952984327498277189943244462612568201323004264013424756885643740949642465173550
42172656598520112666885809843747056162373515834101277095252414394195972705034077498819708
42391216658483581771299503749345674436016728253327227061322024509771854878477927709920724
42704437943422504218746709537587333738245851861980622229192665031085270483743563444143829
42775533402728869434716629464193396056515231264222641773817154079369026410240838606908039
42843182398415229955768962418045964201238912119188619633342186857347648560154399286062034
4297944450119396621396677273278757408213673108226845668954724102943864582371940331412196
43290402013790244689912332204523683908503184949442323678504337406760845046369316182750239
43508659014819741047021527886238679951041228219372151124960967040757153281836570794688074
43832202673876897090083783414748638420423518894901949398866512716620027092316112080510034
43866356379008436428761727894396865199442323801037198718038579620862589005038835495646987
43871886836778063030293091850320230987619263804420114940884214075553565136326006191461615
44006269184903174266531059906279264313256181318900519721842874615084443311842361542191143
44055387064903572853740914840904497127121960262051996697529289630941497462212720409753533
44170413921164350181606583028342258242696770720049893269129125065872880612309469961952738
44852101913722919592165809142709957049025072284034876771393472544072689687353755277155377
45260932248651222720789129289673885308318859139390310301223136709500996839575628794716883
45289461272005823551393742330220980768963220290391960521931422869053596492455121387868297
45620804615204821273709634127257247771820050542311496317042672901140570987349525114301899
46057295830767106520216368690390406478351824280668426192217135997226326036503246008296622
46090696403980364702032913970988049963790889050629396972825185645894437314344036264571160
46798656736541313310627859619498594756388161664929313144223199943215453732216237095448560
46878003235696925003926037663537695782217780865532016072427077388002075617642969689850416
47144927280223408075596356711573938773517003338013920220351402114545704430502102216838793
47257956215476767612898127922604606381500238242354110592185497495298706903583711709310874
47281731329536070474194233667720778469579722541443279119315675659260784026670914611954826
47385817656027817882588212285637105259391053272728896593425139145507495382962710637598674
47496851713298322612108492108585502590017423143035617151894840413465813929949319472850107
47579250763399883107963580607584665018649402646930557528107419237331457099861335186771209
47587102964693364458102939445244913714819880667741078938264451339391804448860580369574549
47820209670847753067545182430391819248675092756539141202417842419981801081157828312702923
47870625492130759727464968835847208876464162409895063663030081305675427887433847548155597
47893107924974295987218046887206359732769661721805894560091441448193028772552989247321282
47977480029839238369475721650552538668466626018011455810241262076787805303887006740773800
4843808096038271037255811353522623505007469373814100971182262690138564819108923346053913
48564418673038059216981568751041307184516568313338052072763690192941624416071983303959815
4941278044516537036966142964917342195075276070533656522506429715801887337525261288708817
49635413190976160534690787395070262524509649420353709111889534600962251083137653374665323
49670110060515828017773102735701332157787299992814223800289051696697250353238799001028045
4981376091790452847557310838336903153945100732686725240630204108590105788985606157228179
50423024926002494843821235585601556765866600022337389888123210900703054312352456024744781
50509731597425395072683919418749074617757445113662146434007254570912134209473086550722166
50531335272966887864254462195375902718251071438689961520492172342540356447590097932974728
50960318080197077749665591939877493946899017368566894812131927939325069233246506662146103
5114081394698809127725190150216866645492428496819126915888782245068170861575865862210774
51335898135930407223525236981694464611181686287451431118040609075679219631322036608699407
52426425242119472216094817414651807380927971541218674975889236779497159778216402042475874
53206863204074942956344455621285956599269491075995763381961459165374436989796275141521286
53347102628615898771094151071458514655236950630602333526393894233492180091208085006966442
53419346586927478233670954739415346405723328677882149622067145489195191538485882313518400
53548000969669530683160832579178991548763138754392826527690881228600330676431717933174908
53702042088983339266179503139707083853268599470291046080117875664101405184778198189301355
53709440715516648864691501120074602620311663801756908137690680170684037287096454152010093
53711596870171659214671582712869594895701779991626303305222360313660156833073084803562353
54065119745068922849213320221396401483499523182435819292252431660051464954936031961076046
54261420209427786489874623745410191763589206033633772909864223306627352058059643250988056
54302528133611968123194060766484309680588919227388172229112983353383825849845167170521255
54363102591386069570203690885614480888470358833436409791064037304855319114393766844592424
54653500639966555528622044188218580214116764846843998818139459046499204119533229223264785
5468435259508769679173971564804575154976570232637745809517835852154577816852847691419848
55270567743839663374060949453378168840249964588873679471288179038200558288973165055364627
55410868316108933005045139964437728564578743466231641183721665202435960426491746920361691
55459407597792545641931971560791065089065549223313894024009852798031626416388590707448752
55665665319986807240430403766037526965844870950146954942850304947092671911260836465657603
55691485823142661220390052154000291499156499018895928723006063316406569613942245404099691
55736784943719667846278914577610756305317054471286901331358583022086292327497171672881151
55757659360567757188388699709073736322586339080116516530793713014447214545571156801222306
55959922169443161221238758710786739615326207185338027671881372919264379161257293860804137
56231216875193480069286640482874899341186002105282736035502625649883905478521004091427292
56364420361336319924034615300226589149312752309998658200728362897723553551919715526092954
56493219233587104057233868054587544263401137036332165274210524886576137413347842575182129
57295994481949929323859422043427248961240877664274953954364341200564167452229427802416717
57336112518493090936754864051556895454493059498164485752108625830198279980027961091190976
57400540604107996059714508756094503069652740467573464597119147372687600295973582655088969
5773633574748990193703112809014477953768080188241372311951118887436523580457650180602745
58127345287344182492678264545244800093875086038406807289360185867310100941403660688991612
58308872853437708947487424281489140843183634258027815454657383339833426873682325186900732
58377070179861116816660917194690925461661747942926419294805987679045240792865306150473100
58586972987060910444898046286803250884387651638345959976408584528479437785756550610542673
58982490351532697895587785061539607675190711528993227597355118517740364094566589196305118
59202588900786272974797625099805041393396077998665884113485642826879657270601596339954641
59252337421386688894976385149760342781296718151655396849053063251633513145416685024917155
59597817672511202211866385266435737993471790151273042050413395471559363647096570762314194
59728113464204737244195653074009858298287699372519250918368602267787417677710149587889442
5991785008882127539668303833697357666481198254634456913777777988633862721786868939475954
60009219094155625958323533584635521441537691422552625026775359555757312795725265537302345
60104299220997944906855209075116280350736375985350224995129676151900830336973321460464263
60191602244910653591029985180257495860447216501872150023253416086838555576392202345018556
60295537877954570362236148022955235651421955289563886443426871632168629971805548251182631
60633080339281622217396513328948081952082599876093870973671039303358414429896993832665408
60646447934533079568040011854628509838622000652709611019223095634806678345109938334181868
60664848589809197203399524435642540198395480900087633033800953225577410650145825274564974
61301171860355029576599130481140268816227300052158792702039927783227392816660005533409165
61375473997999509799637536944617464282827177735659404557511967047958197871875514021211449
61609345430188387251988570941111123808909365267590355239424006591984293587381855195275513
62264224958482342341827308234208940209467916265933595493933719225100695697155186228144553
62388561396646277577754745632050284891732896280504135411098502190267395125606332503618812
62594915740768573154217236166791347463971260142419606272600039121369957084061371687034764
6278994106303769886263833395730938795538319645897077548770524053257792937642567332376033
63075662394305614243431247443316661223917503954756336173668019911277131763194766830444744
63425863908338394784922877449738722215425410240779437190340276388927457603308148960769549
63506044705950795941978779789511238061827015175074063590221914967548313396287620493578553
63600189951588675659819685723439793234350099421172572211215577903236834753307782695011561
63743214427318477020779217953511453715900565825291308963439262942443581640492880686853681
63796720602731141854700715356809071253866960539979070903238956506018010527480102965038410
63899117302345061664665006661438145648123393499123334434059520531313761253278432818336405
63955057560387757672693036332119699854100517363562489167691741165273866760819389248710082
64677453138230329218878184180085492368697971418974480549481075046862579966304830162614840
64742654608149521598628332856769015811394885783812050655739697538964066645836516891000791
64839781269166367905174017558834366604143329920203821764488236621193303336716974183308567
64927510850854334770640072586809496211545678667771163284012072602714149663415137931948378
65435338336583936244968283093489934069518095939376671382790463526748773666114865816309602
65972269557169144221047733429323111633610334539183676517037862643713026785652558418530881
65996987551919948550223852740066684347556308305493747242340013970743499704183574048170926
66552089263039381758717804804883328926223366244643565590811732350333705333104250785916208
66779080964282784974425281056762855185227895831521544382077897281585966941834544170344037
66883225330402936756563330451305170966850798646167302602163664551415274832002683018889012
66977155603935514334894514153859501610224319564669322331061972012750759220217420723895067
67288873828556164155115681175081972716686508110002167183316199211686021658069009824700940
67483740803212512433307695446547318796397349986679099847670860958204236885503444558851081
67640685172770954168260435391408390463076922357882726898505784815937268199463679915480983
67684262453797549626509934264911313280062619445851523808514687851837286236286437096053409
67726912493501097161677609300559387971331344047565018263874026350563924260005545818925591
68319389092627591640450066972569530951162258242477866011177797423835918353761909437316567
68323304332139257353630286320791121401803632372678586854259859061466005937060993841491446
68485098151407115481180749491852277165477177060643370239130154018292435491857438423330079
68709516595054593079753199274744517110672581708058784488762508741721002206864548924487065
68826711576132662118030891254377388067600286772786368598877650697358606453344910778597390
69018375952700157976840139578029589216568001819167444790612107757047776905522801367103994
70056538571882897485447549356263465819695733396909618112633088628948049073155791783470007
70082953538944799715384251243228740411555966577597103331344117569381289960956011212379410
70114119013992190458348298694134588155305861895787096239309813387697864433359552747065834
70501376423908560444967052651535320244660009882242818098355758251277595723973466520916557
70928795687240760319658304488049849994207535438804771205198167811429388323987980316737054
71054870250895415180270475515536709810053838665815209861841193197672341311932672431406839
71101889903921220798239037884670276704768479761591628781170540174349291995581110416412486
71594439858024706050356335810193616239837464691800646575766975404937240663220799085623934
71871324843001468869417937123657626318958058374369605266880754749946413057707922393193855
72155808100956285443002748910938983348281565549416251143956707626235026046966505820406170
72178777080237327695834746378493416573124905588040426102873045210187218949513934407929308
72477756696282343169121753412570153258516485504813651096394244222083086615368294735483757
73005218622684825616219809168362837373372841857543483337060361665323403990042193888479935
7339573239876648293187054882341582740584848682578780315091571797575770862641223700550611
73834321801089845098322521361225819495061201334419172714999601553790482314044616014426769
7387538149526491440644004502174052342610912285617710415424788365178501586706243133779815
74009510638900648855912436338303800131327327798261979581497229016128317989297481911082868
74690237550481780811879299674356944810425704173318954211954299316863730397833019824599570
74698562742822139059131277234503815391934366060364890400182215055767565217067978281165543
75062028797978944265768597338573587614272435018794285760890308495772765604679027256958385
75350255721532326419832574637984901656166194925251899868615303753006407127956063898719039
75444853798143736461357442530800391118715926411240633832817105174000023220335279449354421
75512691888878701204784789422960258518639118527416818836965323677790397734439396856911562
75699831598098640777943924020721080432035312941665028766364906884278990079404626512024540
76134408652665395421675628642493492897599132682478799251758078640918601813418219573294284
76156747870297695287644310553248927869592601139657587937448642656545231894157474555559883
76441633093710405809985863154705153670026311714666187491075601099481340161412180422895669
76585111446009781369093860196809915001251815301552625810827348775662474540214507714364705
76610800638547862070268874256201053168189789716738071120496050208975335844866901255172318
76908082777730103685217322776678573331601972335071428026810721323636468576013019346863493
7712460922633764479188050793808209832257872792764166998959835114420397076472352613485434
77773853721885688669327347153269567596343086486102918711738953703290330065760291676496552
77988395726231835083082722974411298828528321205833974421882600451540449212823633472256298
77989217492834841421348332586688971971634911061472132976390193833234931345215003766657448
78046125008756668776375480842490722574438682491413149052991015204032122547464002925203455
78422951422859569125330455771560481820487959263279260664334644778071279671093329366066261
78462712822506862532030551045842226951589480394880664164140094024403995349363215516719514
78464104782725874410012308888189604182749479792892062387448089719170185578015187002878745
79196574070715011037753056717281904731628649294676183385189666761363734090330716513845638
79505514360747390206332322091957444439723615849869349763298969725025119479313057183925190
79664917894667855083851915871960695402286675440059771872876221361633376113986558269022875
79901146171359376521828836326376807503192110517412029334099262999336283159937905142157550
79924223155133869011584545611803523173520337849339834320000070171041131731275922197763746
80019631203283340070153468902623111320354465349832132999644372332192952186870579744847110
80072986913077638499412890180516778070850856204889773679676458439096535948854802961687971
80670138267507541615883234299680696004446829254087364126216081380246896041639225670171709
80924611027189446969163401728848115572253569416947377083869986344878002353122806121600425
81268738628319491811073365537779988992192663868344281871144447232945334321673334883800120
81322732873643574866609651693635127634005846567940718228520114153406398953549625524574712
81373680104841106472891897875547795261677225740131244408911537526161317305370493306443609
8154371943840594155143860271841209096633312649629428351176018170793668495060656955412129
81895701433534305374219814783510956737061964088345211138876652469128902427516817764955674
82291215990632410374003934028078425685230222138991046865885167762158847599242827762166446
82622437933545007866289258046733442488019501895589259138951625340971243418582929239773885
8276038215292002737929143079895695403610565809565125163292238789932516028044237660306098
830641455244200261122671134120694711681812714298279455842867231119717660204505780422628
8315464816852488462682361504037596410926401074175015446870959772576781466541418409094375
83271796044420390906866496968367877343377047477943171026441322098659758466088247126335062
83627999242207210159677728589406392263924580060128859727406278755889023704631157257569654
8365197832039099251516765586885693454276041791684343181294486758795717713943161062201027
83707655783664392182976610716674861888836851922716169396238271260616882600689102312303229
84270456656020104916242191251983859733591564110762944708220928612776893151829161663740444
84364977402699965098576026098100893265795653331968880531192517743504714306980634562160386
84401024979671484623070972401362434897770812103450699085024565116368582608233705924196165
84774610321183800311195614874176482004192261452831909115489652535800113496003701773505760
84834846205283705241494468563299793409300045220868307649870959857350546169221585093874771
85637779712100152393207733292998208218406123937065357079149673786859269234388604337745798
8607434999428781760165728228705098452728373333479520365550433283389516825796707416569888
86108961951254888172860010137960761721821525681564682518624610641793915391854223653658043
86147005852593114525513730509961375833217945083380026073186113141881297507004618733733720
86172399204737299193089372309885571227770809905555199204389370634648155848311112348979684
86646772544490685892939951531252428864276038428804812033989922113316590792345428971160161
86766778986038495098942409971296203419088977861772228760774753499921785813272454090998027
87312999178378415863130337329955116861030511335576692132484724485414265354671266282265720
8736064419026802074252493284688115399057383302618610879429118720099397034282134526140212
87713188685485804910643618871703914279022161361914911567412012780833735922143167425514390
88013021858601882242109688171567542121691586056522627454934695699695531765151564939563377
8804809728491834422210270071307844110694672824928767809654792956941458464118950368977771
88394851620555715083906888899713884571519116310712823519369448116247932277010980254785261
88663735706541157286475227043888529096754857035771059999247504397693818660153266059501493
8950743731169430743392234686820004137625361003330554165073012531304050199135847830476968
89529958453096409674339097374942665672977892069888691165243528316545711928650237737089178
90108177100521497436590414858059073345639324360934083949161826671740622459827793848094229
90772564552393160309281298925587045465061678198981894382806081668773290517122217720167109
90773713598248528310552886976527528563888870312375435187404309417953492174086553099883119
90875837541631001654180404494395417413724025745709468191247470485725735049604636108246110
9118662349830210162400667894297984639557812267302985348123002179276202175655530673901042
91238072998302761086831900713348688626291471971503815124073952704619702599747219310016784
91416258160755509149180373473728639746431157665678710450404458852172057265575180278101002
91513834818198532446397782999163279682143489609063465959192585725501710057584166338465343
91723558301051475890123561680445677164595264815731557224049721925623486242133891627202466
91822938142191887384309075621332746518943289322535933151422915222605320359947651859362298
9252769179975750039766501851846632727560546155008516660636384478421266381521187870499283
93188445149058424090363176687125354214698189282728945009562957129725207453582237439708039
93218153231164867473115474028530511150767814447957062488957852692518030061470732973580804
93408669560669987743013672948078051256797218762422499231056319551306130980768936772963069
93740057258469639711672912058194689777481622671701991614846284697100674497494262632068969
9375228406363803484417666966729427464680919750174006690671120168009069162002021139275640
94502125262503613052555022306057492385535000703044980209530606057492913724116683242140398
94629021604299914372406998047519992404528079196063972335677314828973010686145038866703788
94871769444389631002161046714323072343676391422506482585921160128634186197446877224119301
95274825827121494858360274075261784913067436354572298044913409419860156016513281240018194
95310643299141574703912807027812163311453158414271842060994370523281587616636135190983007
95351486174403173512096330645895006323288848327704786017639485487797103678476581235300319
9598569983437521871157951732696119865124404713943114094613610132019855466709947806611032
96016533387796486127090394219290281812081400036005389874847272222022469953792746709346741
96455879053209770909339271404392524438070424811645714035415902259502182895120155556964351
96456920744085436411767470769059549133643401379870612309248304329115899973177957067421387
97171863764434070215824145711260403004952728652948669662983319257693684265837195009100680
97508296404625793021829453613034433237043748899773091278804810998289882744799087789481940
97678383340464184312132049583102985036002132436036616099303579457100545344417094404704576
97678963179993719751703015364922292447578208664328057021685971201961676152309498673324116
97915421149321662496448503021276845946980330106351041984424765353651549239003819580498290
98347158834049759410580700646155762029909610507434680934208501678217022209010305567111833
98388313766314052537684517688948221337932443514388562746456679558493559017431930037579842
98434066734028552827485539964788159527708081648425644578454734173187913250941501241548124
98444716546962241091701312593518610624470386550789774250171242183456200693871272573668266
987317555437661694199805298113471008291315291704784137881605808838817471789733055035300
98921205126284012014413782427301193083986775079753734817649610927875381305678536690089106
98971848129068574768387815552038425660668925145702355184967939696464416673837597462816782
99445278304023734883839692082756516283333257884596308240964442983713551308367667085329024
99560741194328423917533109192751481831996620374751792057409770951452380761657333360465709
99622822664977489641296270732355331655710393396021829274051481324096516741344431828217758
99859687457697714427075066932297193580336199184902822821846572532691402923643091289454847
99906243737371229123123167198691649534516720167541806386720611381455792398810166334400266
